Date:	23-Sep-20		Time:	5:22 PM		Version no:	0.00		Project name:	55		Sample name:	222		Section name:	section		Position	75.745018	mm	E0	0.000000	keV	E1	1.000000	keV/channel	sample surface	7.982950	cm	Tube anode:	Mo		Tube voltage:	30	kV	Tube current:	30	mA	gain	15		std. database			resultfile	result		matrix element	11		sample thickness	1.000000		air passage	0.560000	cm	comments	in position		peaking_time	0.300000	m-sec	trigger_threshold	40.000000	V	mca_bin_width	2.000000	no:	number_mca_channels	2048.000000	no:	gap_time	2048.000000	m-sec	trigger_peaking_time	2048.000000	m-sec	GAINDAC	400		HIGHGAIN	400		TAURC	400		RCTAU	400		RCTAUFRAC	400		livetime	13.293452	seconds	runtime	15.000354	seconds	input_count_rate	56013.515855	cps	output_count_rate	49639.695170	cps	triggers	823502	seconds	events_in_run	726052	seconds	channel	content		1.000	0.000
2.000	0.000
3.000	0.000
4.000	0.000
5.000	0.000
6.000	0.000
7.000	0.000
8.000	0.000
9.000	0.000
10.000	0.000
11.000	0.000
12.000	0.000
13.000	0.000
14.000	0.000
15.000	0.000
16.000	0.000
17.000	0.000
18.000	0.000
19.000	0.000
20.000	0.000
21.000	0.000
22.000	0.000
23.000	0.000
24.000	0.000
25.000	0.000
26.000	0.000
27.000	0.000
28.000	0.000
29.000	0.000
30.000	0.000
31.000	0.000
32.000	0.000
33.000	0.000
34.000	0.000
35.000	1.000
36.000	0.000
37.000	0.000
38.000	0.000
39.000	0.000
40.000	0.000
41.000	0.000
42.000	0.000
43.000	0.000
44.000	1.000
45.000	0.000
46.000	1.000
47.000	0.000
48.000	0.000
49.000	0.000
50.000	0.000
51.000	2.000
52.000	3.000
53.000	4.000
54.000	4.000
55.000	6.000
56.000	4.000
57.000	8.000
58.000	16.000
59.000	14.000
60.000	28.000
61.000	33.000
62.000	28.000
63.000	38.000
64.000	30.000
65.000	24.000
66.000	25.000
67.000	37.000
68.000	27.000
69.000	33.000
70.000	32.000
71.000	33.000
72.000	27.000
73.000	23.000
74.000	24.000
75.000	33.000
76.000	16.000
77.000	24.000
78.000	18.000
79.000	20.000
80.000	26.000
81.000	37.000
82.000	33.000
83.000	24.000
84.000	33.000
85.000	27.000
86.000	33.000
87.000	23.000
88.000	31.000
89.000	21.000
90.000	21.000
91.000	19.000
92.000	20.000
93.000	22.000
94.000	23.000
95.000	23.000
96.000	23.000
97.000	15.000
98.000	24.000
99.000	22.000
100.000	16.000
101.000	16.000
102.000	18.000
103.000	19.000
104.000	28.000
105.000	19.000
106.000	20.000
107.000	22.000
108.000	29.000
109.000	25.000
110.000	23.000
111.000	17.000
112.000	24.000
113.000	19.000
114.000	21.000
115.000	20.000
116.000	16.000
117.000	15.000
118.000	22.000
119.000	21.000
120.000	18.000
121.000	21.000
122.000	21.000
123.000	26.000
124.000	17.000
125.000	14.000
126.000	17.000
127.000	16.000
128.000	14.000
129.000	17.000
130.000	15.000
131.000	16.000
132.000	11.000
133.000	19.000
134.000	16.000
135.000	11.000
136.000	13.000
137.000	21.000
138.000	12.000
139.000	14.000
140.000	20.000
141.000	16.000
142.000	23.000
143.000	24.000
144.000	26.000
145.000	28.000
146.000	26.000
147.000	25.000
148.000	28.000
149.000	24.000
150.000	35.000
151.000	26.000
152.000	18.000
153.000	24.000
154.000	28.000
155.000	19.000
156.000	16.000
157.000	16.000
158.000	20.000
159.000	15.000
160.000	16.000
161.000	11.000
162.000	20.000
163.000	18.000
164.000	28.000
165.000	29.000
166.000	57.000
167.000	53.000
168.000	61.000
169.000	83.000
170.000	72.000
171.000	65.000
172.000	69.000
173.000	60.000
174.000	65.000
175.000	49.000
176.000	40.000
177.000	20.000
178.000	22.000
179.000	19.000
180.000	19.000
181.000	17.000
182.000	16.000
183.000	11.000
184.000	18.000
185.000	21.000
186.000	30.000
187.000	31.000
188.000	26.000
189.000	31.000
190.000	26.000
191.000	34.000
192.000	33.000
193.000	19.000
194.000	31.000
195.000	26.000
196.000	26.000
197.000	11.000
198.000	11.000
199.000	12.000
200.000	12.000
201.000	6.000
202.000	12.000
203.000	6.000
204.000	7.000
205.000	7.000
206.000	9.000
207.000	9.000
208.000	14.000
209.000	13.000
210.000	6.000
211.000	9.000
212.000	8.000
213.000	13.000
214.000	12.000
215.000	11.000
216.000	11.000
217.000	8.000
218.000	16.000
219.000	8.000
220.000	11.000
221.000	12.000
222.000	13.000
223.000	9.000
224.000	15.000
225.000	17.000
226.000	17.000
227.000	10.000
228.000	12.000
229.000	9.000
230.000	18.000
231.000	8.000
232.000	11.000
233.000	10.000
234.000	11.000
235.000	6.000
236.000	7.000
237.000	9.000
238.000	6.000
239.000	10.000
240.000	9.000
241.000	8.000
242.000	7.000
243.000	13.000
244.000	6.000
245.000	12.000
246.000	18.000
247.000	13.000
248.000	26.000
249.000	25.000
250.000	37.000
251.000	48.000
252.000	46.000
253.000	77.000
254.000	72.000
255.000	93.000
256.000	100.000
257.000	88.000
258.000	114.000
259.000	81.000
260.000	74.000
261.000	65.000
262.000	55.000
263.000	37.000
264.000	25.000
265.000	17.000
266.000	28.000
267.000	24.000
268.000	16.000
269.000	16.000
270.000	19.000
271.000	25.000
272.000	13.000
273.000	27.000
274.000	24.000
275.000	13.000
276.000	26.000
277.000	24.000
278.000	26.000
279.000	18.000
280.000	18.000
281.000	23.000
282.000	31.000
283.000	22.000
284.000	31.000
285.000	37.000
286.000	46.000
287.000	53.000
288.000	52.000
289.000	66.000
290.000	61.000
291.000	63.000
292.000	57.000
293.000	46.000
294.000	42.000
295.000	34.000
296.000	30.000
297.000	28.000
298.000	17.000
299.000	18.000
300.000	11.000
301.000	8.000
302.000	13.000
303.000	11.000
304.000	11.000
305.000	10.000
306.000	15.000
307.000	13.000
308.000	12.000
309.000	13.000
310.000	18.000
311.000	22.000
312.000	27.000
313.000	37.000
314.000	60.000
315.000	71.000
316.000	108.000
317.000	160.000
318.000	198.000
319.000	231.000
320.000	336.000
321.000	437.000
322.000	455.000
323.000	509.000
324.000	529.000
325.000	571.000
326.000	549.000
327.000	528.000
328.000	402.000
329.000	312.000
330.000	287.000
331.000	186.000
332.000	177.000
333.000	98.000
334.000	78.000
335.000	47.000
336.000	22.000
337.000	25.000
338.000	16.000
339.000	8.000
340.000	12.000
341.000	20.000
342.000	27.000
343.000	37.000
344.000	37.000
345.000	56.000
346.000	48.000
347.000	82.000
348.000	101.000
349.000	140.000
350.000	186.000
351.000	227.000
352.000	285.000
353.000	393.000
354.000	497.000
355.000	711.000
356.000	915.000
357.000	1082.000
358.000	1247.000
359.000	1494.000
360.000	1514.000
361.000	1622.000
362.000	1606.000
363.000	1484.000
364.000	1313.000
365.000	1214.000
366.000	978.000
367.000	779.000
368.000	643.000
369.000	427.000
370.000	279.000
371.000	190.000
372.000	130.000
373.000	71.000
374.000	66.000
375.000	47.000
376.000	25.000
377.000	27.000
378.000	19.000
379.000	20.000
380.000	24.000
381.000	33.000
382.000	36.000
383.000	65.000
384.000	71.000
385.000	93.000
386.000	100.000
387.000	124.000
388.000	172.000
389.000	194.000
390.000	206.000
391.000	272.000
392.000	287.000
393.000	255.000
394.000	259.000
395.000	232.000
396.000	231.000
397.000	174.000
398.000	159.000
399.000	135.000
400.000	105.000
401.000	87.000
402.000	49.000
403.000	29.000
404.000	30.000
405.000	17.000
406.000	12.000
407.000	17.000
408.000	11.000
409.000	14.000
410.000	9.000
411.000	11.000
412.000	15.000
413.000	7.000
414.000	15.000
415.000	15.000
416.000	6.000
417.000	16.000
418.000	11.000
419.000	18.000
420.000	18.000
421.000	12.000
422.000	18.000
423.000	18.000
424.000	16.000
425.000	21.000
426.000	37.000
427.000	39.000
428.000	48.000
429.000	81.000
430.000	96.000
431.000	122.000
432.000	201.000
433.000	268.000
434.000	345.000
435.000	403.000
436.000	519.000
437.000	593.000
438.000	698.000
439.000	822.000
440.000	798.000
441.000	812.000
442.000	800.000
443.000	763.000
444.000	678.000
445.000	587.000
446.000	513.000
447.000	407.000
448.000	337.000
449.000	307.000
450.000	253.000
451.000	212.000
452.000	139.000
453.000	124.000
454.000	114.000
455.000	105.000
456.000	111.000
457.000	99.000
458.000	73.000
459.000	79.000
460.000	79.000
461.000	64.000
462.000	56.000
463.000	45.000
464.000	45.000
465.000	35.000
466.000	43.000
467.000	44.000
468.000	42.000
469.000	38.000
470.000	51.000
471.000	72.000
472.000	84.000
473.000	97.000
474.000	89.000
475.000	122.000
476.000	121.000
477.000	148.000
478.000	161.000
479.000	162.000
480.000	180.000
481.000	187.000
482.000	183.000
483.000	191.000
484.000	180.000
485.000	153.000
486.000	166.000
487.000	141.000
488.000	117.000
489.000	135.000
490.000	78.000
491.000	70.000
492.000	67.000
493.000	53.000
494.000	37.000
495.000	42.000
496.000	33.000
497.000	42.000
498.000	40.000
499.000	34.000
500.000	51.000
501.000	38.000
502.000	37.000
503.000	36.000
504.000	47.000
505.000	51.000
506.000	45.000
507.000	49.000
508.000	41.000
509.000	58.000
510.000	52.000
511.000	44.000
512.000	48.000
513.000	53.000
514.000	52.000
515.000	47.000
516.000	70.000
517.000	63.000
518.000	58.000
519.000	71.000
520.000	78.000
521.000	77.000
522.000	74.000
523.000	104.000
524.000	86.000
525.000	113.000
526.000	103.000
527.000	98.000
528.000	120.000
529.000	130.000
530.000	119.000
531.000	110.000
532.000	96.000
533.000	99.000
534.000	91.000
535.000	85.000
536.000	53.000
537.000	57.000
538.000	77.000
539.000	59.000
540.000	54.000
541.000	50.000
542.000	45.000
543.000	38.000
544.000	55.000
545.000	46.000
546.000	61.000
547.000	39.000
548.000	43.000
549.000	57.000
550.000	52.000
551.000	40.000
552.000	46.000
553.000	43.000
554.000	53.000
555.000	46.000
556.000	54.000
557.000	36.000
558.000	45.000
559.000	59.000
560.000	54.000
561.000	56.000
562.000	82.000
563.000	80.000
564.000	126.000
565.000	109.000
566.000	121.000
567.000	170.000
568.000	192.000
569.000	264.000
570.000	306.000
571.000	358.000
572.000	406.000
573.000	443.000
574.000	468.000
575.000	533.000
576.000	495.000
577.000	490.000
578.000	508.000
579.000	471.000
580.000	394.000
581.000	360.000
582.000	346.000
583.000	263.000
584.000	224.000
585.000	170.000
586.000	160.000
587.000	131.000
588.000	116.000
589.000	101.000
590.000	95.000
591.000	91.000
592.000	74.000
593.000	97.000
594.000	85.000
595.000	78.000
596.000	79.000
597.000	74.000
598.000	80.000
599.000	118.000
600.000	90.000
601.000	105.000
602.000	113.000
603.000	126.000
604.000	134.000
605.000	181.000
606.000	213.000
607.000	277.000
608.000	425.000
609.000	533.000
610.000	756.000
611.000	1155.000
612.000	1567.000
613.000	2268.000
614.000	3172.000
615.000	4423.000
616.000	5755.000
617.000	7433.000
618.000	9378.000
619.000	11347.000
620.000	13707.000
621.000	15674.000
622.000	17498.000
623.000	19113.000
624.000	20169.000
625.000	20676.000
626.000	20681.000
627.000	19650.000
628.000	18362.000
629.000	16780.000
630.000	14752.000
631.000	12731.000
632.000	10480.000
633.000	8447.000
634.000	6691.000
635.000	5156.000
636.000	3824.000
637.000	2791.000
638.000	1927.000
639.000	1403.000
640.000	894.000
641.000	676.000
642.000	471.000
643.000	322.000
644.000	253.000
645.000	185.000
646.000	144.000
647.000	122.000
648.000	111.000
649.000	124.000
650.000	114.000
651.000	132.000
652.000	108.000
653.000	95.000
654.000	105.000
655.000	90.000
656.000	122.000
657.000	105.000
658.000	114.000
659.000	129.000
660.000	119.000
661.000	138.000
662.000	116.000
663.000	126.000
664.000	139.000
665.000	139.000
666.000	149.000
667.000	159.000
668.000	167.000
669.000	179.000
670.000	187.000
671.000	242.000
672.000	258.000
673.000	318.000
674.000	369.000
675.000	442.000
676.000	514.000
677.000	632.000
678.000	833.000
679.000	1024.000
680.000	1220.000
681.000	1444.000
682.000	1805.000
683.000	2077.000
684.000	2466.000
685.000	2764.000
686.000	2969.000
687.000	3160.000
688.000	3278.000
689.000	3246.000
690.000	3363.000
691.000	3215.000
692.000	3057.000
693.000	2725.000
694.000	2512.000
695.000	2197.000
696.000	1837.000
697.000	1439.000
698.000	1215.000
699.000	982.000
700.000	764.000
701.000	577.000
702.000	434.000
703.000	330.000
704.000	260.000
705.000	190.000
706.000	152.000
707.000	131.000
708.000	124.000
709.000	87.000
710.000	91.000
711.000	92.000
712.000	84.000
713.000	91.000
714.000	77.000
715.000	90.000
716.000	101.000
717.000	88.000
718.000	82.000
719.000	92.000
720.000	107.000
721.000	115.000
722.000	116.000
723.000	105.000
724.000	119.000
725.000	133.000
726.000	126.000
727.000	118.000
728.000	148.000
729.000	156.000
730.000	146.000
731.000	136.000
732.000	129.000
733.000	128.000
734.000	123.000
735.000	113.000
736.000	116.000
737.000	110.000
738.000	113.000
739.000	101.000
740.000	96.000
741.000	102.000
742.000	91.000
743.000	81.000
744.000	113.000
745.000	86.000
746.000	111.000
747.000	77.000
748.000	103.000
749.000	82.000
750.000	109.000
751.000	90.000
752.000	100.000
753.000	97.000
754.000	105.000
755.000	93.000
756.000	92.000
757.000	101.000
758.000	102.000
759.000	82.000
760.000	97.000
761.000	95.000
762.000	93.000
763.000	104.000
764.000	109.000
765.000	105.000
766.000	102.000
767.000	118.000
768.000	102.000
769.000	123.000
770.000	104.000
771.000	133.000
772.000	106.000
773.000	122.000
774.000	131.000
775.000	121.000
776.000	131.000
777.000	140.000
778.000	159.000
779.000	144.000
780.000	155.000
781.000	175.000
782.000	205.000
783.000	188.000
784.000	203.000
785.000	217.000
786.000	217.000
787.000	204.000
788.000	230.000
789.000	253.000
790.000	244.000
791.000	236.000
792.000	199.000
793.000	250.000
794.000	253.000
795.000	212.000
796.000	234.000
797.000	241.000
798.000	197.000
799.000	209.000
800.000	214.000
801.000	198.000
802.000	241.000
803.000	205.000
804.000	211.000
805.000	234.000
806.000	226.000
807.000	213.000
808.000	229.000
809.000	265.000
810.000	254.000
811.000	261.000
812.000	277.000
813.000	288.000
814.000	307.000
815.000	328.000
816.000	335.000
817.000	321.000
818.000	362.000
819.000	366.000
820.000	329.000
821.000	356.000
822.000	333.000
823.000	340.000
824.000	299.000
825.000	290.000
826.000	253.000
827.000	250.000
828.000	198.000
829.000	209.000
830.000	207.000
831.000	165.000
832.000	184.000
833.000	187.000
834.000	206.000
835.000	163.000
836.000	179.000
837.000	171.000
838.000	190.000
839.000	169.000
840.000	181.000
841.000	196.000
842.000	218.000
843.000	216.000
844.000	192.000
845.000	198.000
846.000	161.000
847.000	171.000
848.000	192.000
849.000	188.000
850.000	198.000
851.000	167.000
852.000	168.000
853.000	162.000
854.000	164.000
855.000	151.000
856.000	136.000
857.000	124.000
858.000	143.000
859.000	127.000
860.000	161.000
861.000	140.000
862.000	134.000
863.000	157.000
864.000	160.000
865.000	157.000
866.000	152.000
867.000	139.000
868.000	150.000
869.000	139.000
870.000	158.000
871.000	147.000
872.000	155.000
873.000	155.000
874.000	165.000
875.000	137.000
876.000	153.000
877.000	145.000
878.000	152.000
879.000	159.000
880.000	174.000
881.000	146.000
882.000	189.000
883.000	166.000
884.000	166.000
885.000	168.000
886.000	155.000
887.000	177.000
888.000	165.000
889.000	138.000
890.000	151.000
891.000	152.000
892.000	205.000
893.000	186.000
894.000	191.000
895.000	172.000
896.000	213.000
897.000	211.000
898.000	228.000
899.000	192.000
900.000	193.000
901.000	186.000
902.000	220.000
903.000	216.000
904.000	219.000
905.000	223.000
906.000	238.000
907.000	217.000
908.000	220.000
909.000	220.000
910.000	215.000
911.000	253.000
912.000	243.000
913.000	235.000
914.000	220.000
915.000	231.000
916.000	221.000
917.000	239.000
918.000	221.000
919.000	245.000
920.000	224.000
921.000	192.000
922.000	224.000
923.000	222.000
924.000	243.000
925.000	210.000
926.000	225.000
927.000	251.000
928.000	257.000
929.000	264.000
930.000	240.000
931.000	264.000
932.000	238.000
933.000	284.000
934.000	227.000
935.000	309.000
936.000	290.000
937.000	287.000
938.000	309.000
939.000	300.000
940.000	318.000
941.000	323.000
942.000	306.000
943.000	337.000
944.000	311.000
945.000	289.000
946.000	297.000
947.000	295.000
948.000	270.000
949.000	293.000
950.000	255.000
951.000	246.000
952.000	232.000
953.000	258.000
954.000	232.000
955.000	224.000
956.000	235.000
957.000	217.000
958.000	227.000
959.000	244.000
960.000	193.000
961.000	223.000
962.000	236.000
963.000	242.000
964.000	210.000
965.000	228.000
966.000	222.000
967.000	198.000
968.000	229.000
969.000	204.000
970.000	228.000
971.000	239.000
972.000	223.000
973.000	213.000
974.000	214.000
975.000	203.000
976.000	208.000
977.000	228.000
978.000	202.000
979.000	215.000
980.000	180.000
981.000	198.000
982.000	215.000
983.000	176.000
984.000	178.000
985.000	196.000
986.000	196.000
987.000	191.000
988.000	171.000
989.000	181.000
990.000	185.000
991.000	180.000
992.000	172.000
993.000	166.000
994.000	172.000
995.000	156.000
996.000	187.000
997.000	183.000
998.000	163.000
999.000	157.000
1000.000	173.000
1001.000	153.000
1002.000	178.000
1003.000	162.000
1004.000	172.000
1005.000	157.000
1006.000	172.000
1007.000	199.000
1008.000	168.000
1009.000	169.000
1010.000	172.000
1011.000	166.000
1012.000	188.000
1013.000	189.000
1014.000	157.000
1015.000	164.000
1016.000	187.000
1017.000	171.000
1018.000	156.000
1019.000	193.000
1020.000	197.000
1021.000	195.000
1022.000	191.000
1023.000	162.000
1024.000	197.000
1025.000	212.000
1026.000	193.000
1027.000	201.000
1028.000	173.000
1029.000	191.000
1030.000	182.000
1031.000	193.000
1032.000	200.000
1033.000	185.000
1034.000	197.000
1035.000	165.000
1036.000	185.000
1037.000	165.000
1038.000	220.000
1039.000	201.000
1040.000	197.000
1041.000	169.000
1042.000	210.000
1043.000	183.000
1044.000	180.000
1045.000	224.000
1046.000	187.000
1047.000	190.000
1048.000	195.000
1049.000	174.000
1050.000	181.000
1051.000	194.000
1052.000	180.000
1053.000	187.000
1054.000	193.000
1055.000	213.000
1056.000	198.000
1057.000	192.000
1058.000	186.000
1059.000	188.000
1060.000	207.000
1061.000	201.000
1062.000	188.000
1063.000	215.000
1064.000	201.000
1065.000	187.000
1066.000	215.000
1067.000	213.000
1068.000	204.000
1069.000	194.000
1070.000	206.000
1071.000	186.000
1072.000	193.000
1073.000	221.000
1074.000	198.000
1075.000	219.000
1076.000	193.000
1077.000	213.000
1078.000	194.000
1079.000	204.000
1080.000	204.000
1081.000	227.000
1082.000	229.000
1083.000	194.000
1084.000	182.000
1085.000	197.000
1086.000	182.000
1087.000	182.000
1088.000	191.000
1089.000	207.000
1090.000	185.000
1091.000	201.000
1092.000	216.000
1093.000	228.000
1094.000	182.000
1095.000	202.000
1096.000	193.000
1097.000	206.000
1098.000	209.000
1099.000	209.000
1100.000	233.000
1101.000	222.000
1102.000	224.000
1103.000	236.000
1104.000	211.000
1105.000	206.000
1106.000	188.000
1107.000	190.000
1108.000	199.000
1109.000	214.000
1110.000	201.000
1111.000	193.000
1112.000	221.000
1113.000	193.000
1114.000	182.000
1115.000	196.000
1116.000	184.000
1117.000	191.000
1118.000	198.000
1119.000	187.000
1120.000	192.000
1121.000	180.000
1122.000	183.000
1123.000	181.000
1124.000	197.000
1125.000	208.000
1126.000	178.000
1127.000	231.000
1128.000	228.000
1129.000	188.000
1130.000	181.000
1131.000	201.000
1132.000	158.000
1133.000	224.000
1134.000	180.000
1135.000	221.000
1136.000	184.000
1137.000	198.000
1138.000	167.000
1139.000	192.000
1140.000	182.000
1141.000	198.000
1142.000	187.000
1143.000	186.000
1144.000	210.000
1145.000	186.000
1146.000	202.000
1147.000	207.000
1148.000	192.000
1149.000	199.000
1150.000	213.000
1151.000	226.000
1152.000	243.000
1153.000	195.000
1154.000	242.000
1155.000	200.000
1156.000	245.000
1157.000	209.000
1158.000	234.000
1159.000	222.000
1160.000	238.000
1161.000	202.000
1162.000	203.000
1163.000	218.000
1164.000	240.000
1165.000	209.000
1166.000	210.000
1167.000	246.000
1168.000	205.000
1169.000	201.000
1170.000	247.000
1171.000	230.000
1172.000	217.000
1173.000	226.000
1174.000	206.000
1175.000	239.000
1176.000	218.000
1177.000	188.000
1178.000	174.000
1179.000	198.000
1180.000	200.000
1181.000	202.000
1182.000	197.000
1183.000	214.000
1184.000	176.000
1185.000	202.000
1186.000	201.000
1187.000	208.000
1188.000	194.000
1189.000	194.000
1190.000	190.000
1191.000	188.000
1192.000	223.000
1193.000	183.000
1194.000	198.000
1195.000	172.000
1196.000	203.000
1197.000	205.000
1198.000	213.000
1199.000	176.000
1200.000	207.000
1201.000	194.000
1202.000	185.000
1203.000	203.000
1204.000	199.000
1205.000	214.000
1206.000	206.000
1207.000	188.000
1208.000	182.000
1209.000	202.000
1210.000	208.000
1211.000	197.000
1212.000	209.000
1213.000	189.000
1214.000	178.000
1215.000	217.000
1216.000	199.000
1217.000	207.000
1218.000	225.000
1219.000	200.000
1220.000	195.000
1221.000	213.000
1222.000	207.000
1223.000	218.000
1224.000	213.000
1225.000	181.000
1226.000	206.000
1227.000	207.000
1228.000	216.000
1229.000	198.000
1230.000	212.000
1231.000	198.000
1232.000	230.000
1233.000	198.000
1234.000	213.000
1235.000	220.000
1236.000	193.000
1237.000	209.000
1238.000	198.000
1239.000	207.000
1240.000	203.000
1241.000	224.000
1242.000	211.000
1243.000	220.000
1244.000	234.000
1245.000	211.000
1246.000	218.000
1247.000	214.000
1248.000	222.000
1249.000	210.000
1250.000	207.000
1251.000	220.000
1252.000	202.000
1253.000	241.000
1254.000	238.000
1255.000	227.000
1256.000	230.000
1257.000	191.000
1258.000	236.000
1259.000	226.000
1260.000	216.000
1261.000	224.000
1262.000	202.000
1263.000	207.000
1264.000	225.000
1265.000	211.000
1266.000	217.000
1267.000	200.000
1268.000	192.000
1269.000	218.000
1270.000	214.000
1271.000	181.000
1272.000	217.000
1273.000	198.000
1274.000	203.000
1275.000	226.000
1276.000	183.000
1277.000	223.000
1278.000	235.000
1279.000	194.000
1280.000	215.000
1281.000	201.000
1282.000	213.000
1283.000	215.000
1284.000	215.000
1285.000	213.000
1286.000	224.000
1287.000	225.000
1288.000	206.000
1289.000	217.000
1290.000	236.000
1291.000	215.000
1292.000	240.000
1293.000	232.000
1294.000	255.000
1295.000	219.000
1296.000	278.000
1297.000	273.000
1298.000	276.000
1299.000	275.000
1300.000	257.000
1301.000	291.000
1302.000	274.000
1303.000	317.000
1304.000	283.000
1305.000	264.000
1306.000	296.000
1307.000	298.000
1308.000	253.000
1309.000	317.000
1310.000	276.000
1311.000	229.000
1312.000	239.000
1313.000	294.000
1314.000	247.000
1315.000	232.000
1316.000	234.000
1317.000	224.000
1318.000	232.000
1319.000	241.000
1320.000	257.000
1321.000	221.000
1322.000	232.000
1323.000	211.000
1324.000	234.000
1325.000	240.000
1326.000	214.000
1327.000	213.000
1328.000	233.000
1329.000	228.000
1330.000	237.000
1331.000	219.000
1332.000	222.000
1333.000	205.000
1334.000	204.000
1335.000	196.000
1336.000	213.000
1337.000	233.000
1338.000	212.000
1339.000	226.000
1340.000	220.000
1341.000	235.000
1342.000	234.000
1343.000	234.000
1344.000	220.000
1345.000	215.000
1346.000	213.000
1347.000	216.000
1348.000	229.000
1349.000	218.000
1350.000	225.000
1351.000	216.000
1352.000	201.000
1353.000	227.000
1354.000	202.000
1355.000	219.000
1356.000	248.000
1357.000	217.000
1358.000	217.000
1359.000	221.000
1360.000	270.000
1361.000	242.000
1362.000	244.000
1363.000	253.000
1364.000	254.000
1365.000	273.000
1366.000	302.000
1367.000	269.000
1368.000	312.000
1369.000	314.000
1370.000	347.000
1371.000	374.000
1372.000	368.000
1373.000	331.000
1374.000	387.000
1375.000	421.000
1376.000	420.000
1377.000	396.000
1378.000	438.000
1379.000	429.000
1380.000	443.000
1381.000	389.000
1382.000	451.000
1383.000	424.000
1384.000	457.000
1385.000	383.000
1386.000	384.000
1387.000	374.000
1388.000	347.000
1389.000	336.000
1390.000	319.000
1391.000	318.000
1392.000	289.000
1393.000	273.000
1394.000	264.000
1395.000	239.000
1396.000	248.000
1397.000	265.000
1398.000	260.000
1399.000	227.000
1400.000	240.000
1401.000	219.000
1402.000	223.000
1403.000	229.000
1404.000	211.000
1405.000	193.000
1406.000	235.000
1407.000	192.000
1408.000	200.000
1409.000	199.000
1410.000	196.000
1411.000	206.000
1412.000	201.000
1413.000	206.000
1414.000	220.000
1415.000	201.000
1416.000	207.000
1417.000	204.000
1418.000	214.000
1419.000	210.000
1420.000	178.000
1421.000	189.000
1422.000	223.000
1423.000	246.000
1424.000	220.000
1425.000	216.000
1426.000	208.000
1427.000	180.000
1428.000	211.000
1429.000	214.000
1430.000	205.000
1431.000	223.000
1432.000	215.000
1433.000	248.000
1434.000	191.000
1435.000	180.000
1436.000	230.000
1437.000	238.000
1438.000	205.000
1439.000	204.000
1440.000	216.000
1441.000	215.000
1442.000	199.000
1443.000	228.000
1444.000	235.000
1445.000	239.000
1446.000	210.000
1447.000	232.000
1448.000	244.000
1449.000	234.000
1450.000	245.000
1451.000	219.000
1452.000	219.000
1453.000	232.000
1454.000	247.000
1455.000	244.000
1456.000	225.000
1457.000	245.000
1458.000	247.000
1459.000	216.000
1460.000	210.000
1461.000	221.000
1462.000	227.000
1463.000	259.000
1464.000	233.000
1465.000	252.000
1466.000	215.000
1467.000	239.000
1468.000	227.000
1469.000	237.000
1470.000	223.000
1471.000	214.000
1472.000	207.000
1473.000	208.000
1474.000	236.000
1475.000	206.000
1476.000	219.000
1477.000	203.000
1478.000	221.000
1479.000	198.000
1480.000	239.000
1481.000	205.000
1482.000	222.000
1483.000	214.000
1484.000	211.000
1485.000	242.000
1486.000	221.000
1487.000	234.000
1488.000	202.000
1489.000	221.000
1490.000	230.000
1491.000	239.000
1492.000	202.000
1493.000	232.000
1494.000	218.000
1495.000	226.000
1496.000	224.000
1497.000	214.000
1498.000	202.000
1499.000	221.000
1500.000	194.000
1501.000	225.000
1502.000	186.000
1503.000	227.000
1504.000	237.000
1505.000	233.000
1506.000	229.000
1507.000	231.000
1508.000	227.000
1509.000	233.000
1510.000	212.000
1511.000	239.000
1512.000	228.000
1513.000	227.000
1514.000	260.000
1515.000	225.000
1516.000	275.000
1517.000	243.000
1518.000	233.000
1519.000	247.000
1520.000	269.000
1521.000	247.000
1522.000	235.000
1523.000	289.000
1524.000	273.000
1525.000	253.000
1526.000	259.000
1527.000	308.000
1528.000	287.000
1529.000	292.000
1530.000	309.000
1531.000	305.000
1532.000	311.000
1533.000	317.000
1534.000	279.000
1535.000	345.000
1536.000	321.000
1537.000	361.000
1538.000	331.000
1539.000	337.000
1540.000	327.000
1541.000	361.000
1542.000	320.000
1543.000	302.000
1544.000	364.000
1545.000	335.000
1546.000	333.000
1547.000	337.000
1548.000	319.000
1549.000	339.000
1550.000	279.000
1551.000	296.000
1552.000	332.000
1553.000	299.000
1554.000	331.000
1555.000	311.000
1556.000	288.000
1557.000	302.000
1558.000	311.000
1559.000	327.000
1560.000	307.000
1561.000	302.000
1562.000	330.000
1563.000	315.000
1564.000	291.000
1565.000	332.000
1566.000	335.000
1567.000	331.000
1568.000	350.000
1569.000	380.000
1570.000	369.000
1571.000	407.000
1572.000	392.000
1573.000	414.000
1574.000	385.000
1575.000	415.000
1576.000	443.000
1577.000	453.000
1578.000	461.000
1579.000	467.000
1580.000	465.000
1581.000	488.000
1582.000	512.000
1583.000	533.000
1584.000	523.000
1585.000	528.000
1586.000	550.000
1587.000	570.000
1588.000	623.000
1589.000	618.000
1590.000	631.000
1591.000	669.000
1592.000	627.000
1593.000	689.000
1594.000	667.000
1595.000	737.000
1596.000	717.000
1597.000	738.000
1598.000	757.000
1599.000	769.000
1600.000	793.000
1601.000	770.000
1602.000	779.000
1603.000	721.000
1604.000	790.000
1605.000	720.000
1606.000	760.000
1607.000	826.000
1608.000	826.000
1609.000	829.000
1610.000	789.000
1611.000	765.000
1612.000	799.000
1613.000	817.000
1614.000	786.000
1615.000	745.000
1616.000	777.000
1617.000	766.000
1618.000	753.000
1619.000	772.000
1620.000	752.000
1621.000	778.000
1622.000	697.000
1623.000	693.000
1624.000	669.000
1625.000	636.000
1626.000	647.000
1627.000	632.000
1628.000	598.000
1629.000	592.000
1630.000	512.000
1631.000	519.000
1632.000	505.000
1633.000	510.000
1634.000	542.000
1635.000	517.000
1636.000	435.000
1637.000	440.000
1638.000	416.000
1639.000	449.000
1640.000	405.000
1641.000	400.000
1642.000	357.000
1643.000	368.000
1644.000	356.000
1645.000	355.000
1646.000	368.000
1647.000	316.000
1648.000	339.000
1649.000	314.000
1650.000	308.000
1651.000	315.000
1652.000	324.000
1653.000	324.000
1654.000	308.000
1655.000	308.000
1656.000	284.000
1657.000	292.000
1658.000	261.000
1659.000	280.000
1660.000	241.000
1661.000	248.000
1662.000	245.000
1663.000	227.000
1664.000	257.000
1665.000	247.000
1666.000	216.000
1667.000	237.000
1668.000	227.000
1669.000	222.000
1670.000	210.000
1671.000	234.000
1672.000	220.000
1673.000	252.000
1674.000	238.000
1675.000	215.000
1676.000	211.000
1677.000	221.000
1678.000	233.000
1679.000	233.000
1680.000	284.000
1681.000	279.000
1682.000	309.000
1683.000	312.000
1684.000	285.000
1685.000	341.000
1686.000	335.000
1687.000	339.000
1688.000	404.000
1689.000	386.000
1690.000	435.000
1691.000	427.000
1692.000	471.000
1693.000	500.000
1694.000	510.000
1695.000	521.000
1696.000	557.000
1697.000	576.000
1698.000	598.000
1699.000	605.000
1700.000	604.000
1701.000	592.000
1702.000	624.000
1703.000	591.000
1704.000	600.000
1705.000	589.000
1706.000	562.000
1707.000	540.000
1708.000	511.000
1709.000	481.000
1710.000	501.000
1711.000	478.000
1712.000	421.000
1713.000	443.000
1714.000	358.000
1715.000	374.000
1716.000	369.000
1717.000	303.000
1718.000	309.000
1719.000	283.000
1720.000	247.000
1721.000	255.000
1722.000	211.000
1723.000	223.000
1724.000	188.000
1725.000	208.000
1726.000	227.000
1727.000	223.000
1728.000	165.000
1729.000	180.000
1730.000	183.000
1731.000	184.000
1732.000	175.000
1733.000	202.000
1734.000	183.000
1735.000	205.000
1736.000	169.000
1737.000	204.000
1738.000	166.000
1739.000	182.000
1740.000	184.000
1741.000	194.000
1742.000	167.000
1743.000	176.000
1744.000	166.000
1745.000	171.000
1746.000	167.000
1747.000	185.000
1748.000	181.000
1749.000	186.000
1750.000	155.000
1751.000	192.000
1752.000	190.000
1753.000	176.000
1754.000	183.000
1755.000	175.000
1756.000	178.000
1757.000	185.000
1758.000	182.000
1759.000	188.000
1760.000	202.000
1761.000	211.000
1762.000	201.000
1763.000	171.000
1764.000	203.000
1765.000	194.000
1766.000	205.000
1767.000	204.000
1768.000	202.000
1769.000	193.000
1770.000	187.000
1771.000	215.000
1772.000	230.000
1773.000	208.000
1774.000	204.000
1775.000	218.000
1776.000	229.000
1777.000	250.000
1778.000	231.000
1779.000	223.000
1780.000	233.000
1781.000	247.000
1782.000	253.000
1783.000	264.000
1784.000	250.000
1785.000	223.000
1786.000	232.000
1787.000	262.000
1788.000	247.000
1789.000	253.000
1790.000	228.000
1791.000	259.000
1792.000	251.000
1793.000	258.000
1794.000	258.000
1795.000	239.000
1796.000	235.000
1797.000	266.000
1798.000	247.000
1799.000	236.000
1800.000	240.000
1801.000	238.000
1802.000	244.000
1803.000	226.000
1804.000	238.000
1805.000	261.000
1806.000	224.000
1807.000	246.000
1808.000	240.000
1809.000	218.000
1810.000	233.000
1811.000	221.000
1812.000	204.000
1813.000	225.000
1814.000	209.000
1815.000	236.000
1816.000	200.000
1817.000	182.000
1818.000	192.000
1819.000	210.000
1820.000	190.000
1821.000	221.000
1822.000	210.000
1823.000	183.000
1824.000	188.000
1825.000	160.000
1826.000	177.000
1827.000	189.000
1828.000	174.000
1829.000	155.000
1830.000	154.000
1831.000	173.000
1832.000	134.000
1833.000	180.000
1834.000	123.000
1835.000	166.000
1836.000	154.000
1837.000	150.000
1838.000	150.000
1839.000	155.000
1840.000	160.000
1841.000	140.000
1842.000	131.000
1843.000	136.000
1844.000	113.000
1845.000	135.000
1846.000	128.000
1847.000	119.000
1848.000	116.000
1849.000	125.000
1850.000	122.000
1851.000	118.000
1852.000	131.000
1853.000	110.000
1854.000	119.000
1855.000	133.000
1856.000	106.000
1857.000	109.000
1858.000	113.000
1859.000	127.000
1860.000	94.000
1861.000	113.000
1862.000	120.000
1863.000	101.000
1864.000	114.000
1865.000	94.000
1866.000	100.000
1867.000	102.000
1868.000	120.000
1869.000	96.000
1870.000	102.000
1871.000	84.000
1872.000	113.000
1873.000	90.000
1874.000	88.000
1875.000	96.000
1876.000	80.000
1877.000	82.000
1878.000	75.000
1879.000	91.000
1880.000	93.000
1881.000	107.000
1882.000	85.000
1883.000	92.000
1884.000	98.000
1885.000	88.000
1886.000	107.000
1887.000	94.000
1888.000	100.000
1889.000	88.000
1890.000	100.000
1891.000	105.000
1892.000	104.000
1893.000	102.000
1894.000	122.000
1895.000	112.000
1896.000	108.000
1897.000	106.000
1898.000	104.000
1899.000	103.000
1900.000	104.000
1901.000	117.000
1902.000	123.000
1903.000	123.000
1904.000	121.000
1905.000	123.000
1906.000	141.000
1907.000	133.000
1908.000	144.000
1909.000	130.000
1910.000	146.000
1911.000	127.000
1912.000	154.000
1913.000	148.000
1914.000	137.000
1915.000	128.000
1916.000	126.000
1917.000	121.000
1918.000	136.000
1919.000	124.000
1920.000	93.000
1921.000	115.000
1922.000	100.000
1923.000	96.000
1924.000	99.000
1925.000	113.000
1926.000	83.000
1927.000	87.000
1928.000	87.000
1929.000	109.000
1930.000	79.000
1931.000	86.000
1932.000	94.000
1933.000	89.000
1934.000	99.000
1935.000	92.000
1936.000	85.000
1937.000	78.000
1938.000	86.000
1939.000	92.000
1940.000	69.000
1941.000	93.000
1942.000	67.000
1943.000	92.000
1944.000	74.000
1945.000	85.000
1946.000	75.000
1947.000	76.000
1948.000	83.000
1949.000	77.000
1950.000	75.000
1951.000	75.000
1952.000	70.000
1953.000	89.000
1954.000	80.000
1955.000	74.000
1956.000	45.000
1957.000	64.000
1958.000	78.000
1959.000	68.000
1960.000	93.000
1961.000	72.000
1962.000	66.000
1963.000	64.000
1964.000	62.000
1965.000	65.000
1966.000	57.000
1967.000	58.000
1968.000	72.000
1969.000	63.000
1970.000	68.000
1971.000	67.000
1972.000	61.000
1973.000	61.000
1974.000	75.000
1975.000	63.000
1976.000	62.000
1977.000	45.000
1978.000	63.000
1979.000	67.000
1980.000	62.000
1981.000	74.000
1982.000	76.000
1983.000	70.000
1984.000	64.000
1985.000	43.000
1986.000	71.000
1987.000	54.000
1988.000	59.000
1989.000	67.000
1990.000	70.000
1991.000	57.000
1992.000	56.000
1993.000	73.000
1994.000	48.000
1995.000	62.000
1996.000	53.000
1997.000	63.000
1998.000	65.000
1999.000	50.000
2000.000	61.000
2001.000	63.000
2002.000	61.000
2003.000	72.000
2004.000	47.000
2005.000	64.000
2006.000	56.000
2007.000	56.000
2008.000	60.000
2009.000	67.000
2010.000	70.000
2011.000	46.000
2012.000	59.000
2013.000	56.000
2014.000	63.000
2015.000	37.000
2016.000	65.000
2017.000	52.000
2018.000	76.000
2019.000	70.000
2020.000	62.000
2021.000	60.000
2022.000	64.000
2023.000	51.000
2024.000	61.000
2025.000	47.000
2026.000	58.000
2027.000	69.000
2028.000	61.000
2029.000	60.000
2030.000	63.000
2031.000	66.000
2032.000	69.000
2033.000	49.000
2034.000	59.000
2035.000	59.000
2036.000	66.000
2037.000	57.000
2038.000	61.000
2039.000	48.000
2040.000	54.000
2041.000	55.000
2042.000	58.000
2043.000	61.000
2044.000	65.000
2045.000	70.000
2046.000	71.000
2047.000	53.000
2048.000	0.000
