Date:	23-Sep-20		Time:	6:07 PM		Version no:	0.00		Project name:	55		Sample name:	222		Section name:	section		Position	246.745018	mm	E0	0.000000	keV	E1	1.000000	keV/channel	sample surface	7.741260	cm	Tube anode:	Mo		Tube voltage:	30	kV	Tube current:	30	mA	gain	15		std. database			resultfile	result		matrix element	11		sample thickness	1.000000		air passage	0.560000	cm	comments	in position		peaking_time	0.300000	m-sec	trigger_threshold	40.000000	V	mca_bin_width	2.000000	no:	number_mca_channels	2048.000000	no:	gap_time	2048.000000	m-sec	trigger_peaking_time	2048.000000	m-sec	GAINDAC	400		HIGHGAIN	400		TAURC	400		RCTAU	400		RCTAUFRAC	400		livetime	13.469468	seconds	runtime	15.000213	seconds	input_count_rate	47212.482137	cps	output_count_rate	42394.531331	cps	triggers	697268	seconds	events_in_run	621374	seconds	channel	content		1.000	0.000
2.000	0.000
3.000	0.000
4.000	0.000
5.000	0.000
6.000	0.000
7.000	0.000
8.000	0.000
9.000	0.000
10.000	0.000
11.000	0.000
12.000	0.000
13.000	0.000
14.000	0.000
15.000	0.000
16.000	0.000
17.000	0.000
18.000	0.000
19.000	0.000
20.000	0.000
21.000	0.000
22.000	0.000
23.000	0.000
24.000	0.000
25.000	0.000
26.000	0.000
27.000	0.000
28.000	0.000
29.000	0.000
30.000	0.000
31.000	1.000
32.000	1.000
33.000	0.000
34.000	0.000
35.000	1.000
36.000	1.000
37.000	1.000
38.000	1.000
39.000	0.000
40.000	0.000
41.000	0.000
42.000	1.000
43.000	1.000
44.000	0.000
45.000	0.000
46.000	1.000
47.000	2.000
48.000	0.000
49.000	1.000
50.000	0.000
51.000	4.000
52.000	0.000
53.000	2.000
54.000	7.000
55.000	8.000
56.000	9.000
57.000	11.000
58.000	20.000
59.000	18.000
60.000	21.000
61.000	32.000
62.000	27.000
63.000	22.000
64.000	37.000
65.000	31.000
66.000	27.000
67.000	25.000
68.000	21.000
69.000	24.000
70.000	29.000
71.000	22.000
72.000	26.000
73.000	21.000
74.000	29.000
75.000	21.000
76.000	28.000
77.000	27.000
78.000	30.000
79.000	18.000
80.000	21.000
81.000	22.000
82.000	20.000
83.000	21.000
84.000	20.000
85.000	22.000
86.000	28.000
87.000	26.000
88.000	27.000
89.000	29.000
90.000	16.000
91.000	19.000
92.000	28.000
93.000	28.000
94.000	29.000
95.000	23.000
96.000	16.000
97.000	30.000
98.000	20.000
99.000	25.000
100.000	26.000
101.000	9.000
102.000	16.000
103.000	25.000
104.000	16.000
105.000	22.000
106.000	17.000
107.000	22.000
108.000	24.000
109.000	26.000
110.000	16.000
111.000	18.000
112.000	11.000
113.000	18.000
114.000	15.000
115.000	20.000
116.000	24.000
117.000	22.000
118.000	16.000
119.000	15.000
120.000	20.000
121.000	21.000
122.000	16.000
123.000	17.000
124.000	17.000
125.000	18.000
126.000	13.000
127.000	21.000
128.000	18.000
129.000	13.000
130.000	23.000
131.000	13.000
132.000	14.000
133.000	15.000
134.000	11.000
135.000	17.000
136.000	8.000
137.000	11.000
138.000	15.000
139.000	23.000
140.000	11.000
141.000	16.000
142.000	21.000
143.000	28.000
144.000	31.000
145.000	26.000
146.000	21.000
147.000	22.000
148.000	17.000
149.000	33.000
150.000	11.000
151.000	22.000
152.000	14.000
153.000	14.000
154.000	18.000
155.000	11.000
156.000	21.000
157.000	16.000
158.000	11.000
159.000	15.000
160.000	21.000
161.000	16.000
162.000	12.000
163.000	11.000
164.000	12.000
165.000	20.000
166.000	17.000
167.000	26.000
168.000	36.000
169.000	31.000
170.000	18.000
171.000	17.000
172.000	30.000
173.000	15.000
174.000	22.000
175.000	15.000
176.000	27.000
177.000	24.000
178.000	26.000
179.000	22.000
180.000	33.000
181.000	28.000
182.000	43.000
183.000	59.000
184.000	75.000
185.000	93.000
186.000	146.000
187.000	153.000
188.000	213.000
189.000	238.000
190.000	269.000
191.000	244.000
192.000	239.000
193.000	224.000
194.000	190.000
195.000	164.000
196.000	119.000
197.000	90.000
198.000	64.000
199.000	32.000
200.000	33.000
201.000	37.000
202.000	21.000
203.000	12.000
204.000	11.000
205.000	15.000
206.000	24.000
207.000	13.000
208.000	10.000
209.000	19.000
210.000	16.000
211.000	18.000
212.000	17.000
213.000	20.000
214.000	19.000
215.000	19.000
216.000	23.000
217.000	33.000
218.000	38.000
219.000	37.000
220.000	46.000
221.000	55.000
222.000	48.000
223.000	45.000
224.000	50.000
225.000	57.000
226.000	54.000
227.000	32.000
228.000	35.000
229.000	29.000
230.000	22.000
231.000	15.000
232.000	19.000
233.000	18.000
234.000	14.000
235.000	16.000
236.000	18.000
237.000	15.000
238.000	21.000
239.000	12.000
240.000	11.000
241.000	8.000
242.000	9.000
243.000	12.000
244.000	21.000
245.000	13.000
246.000	18.000
247.000	28.000
248.000	31.000
249.000	44.000
250.000	50.000
251.000	65.000
252.000	83.000
253.000	102.000
254.000	139.000
255.000	131.000
256.000	161.000
257.000	169.000
258.000	141.000
259.000	156.000
260.000	105.000
261.000	101.000
262.000	99.000
263.000	66.000
264.000	46.000
265.000	44.000
266.000	27.000
267.000	20.000
268.000	23.000
269.000	34.000
270.000	16.000
271.000	19.000
272.000	26.000
273.000	33.000
274.000	35.000
275.000	23.000
276.000	31.000
277.000	26.000
278.000	34.000
279.000	33.000
280.000	33.000
281.000	26.000
282.000	46.000
283.000	42.000
284.000	46.000
285.000	50.000
286.000	69.000
287.000	86.000
288.000	69.000
289.000	92.000
290.000	77.000
291.000	79.000
292.000	76.000
293.000	76.000
294.000	73.000
295.000	51.000
296.000	36.000
297.000	47.000
298.000	28.000
299.000	33.000
300.000	26.000
301.000	28.000
302.000	23.000
303.000	19.000
304.000	28.000
305.000	27.000
306.000	19.000
307.000	28.000
308.000	26.000
309.000	32.000
310.000	28.000
311.000	22.000
312.000	32.000
313.000	41.000
314.000	43.000
315.000	51.000
316.000	62.000
317.000	68.000
318.000	54.000
319.000	66.000
320.000	92.000
321.000	120.000
322.000	133.000
323.000	123.000
324.000	135.000
325.000	156.000
326.000	108.000
327.000	105.000
328.000	111.000
329.000	84.000
330.000	68.000
331.000	67.000
332.000	52.000
333.000	42.000
334.000	31.000
335.000	16.000
336.000	28.000
337.000	34.000
338.000	31.000
339.000	50.000
340.000	49.000
341.000	47.000
342.000	59.000
343.000	80.000
344.000	101.000
345.000	147.000
346.000	229.000
347.000	313.000
348.000	563.000
349.000	811.000
350.000	1289.000
351.000	2033.000
352.000	2887.000
353.000	4637.000
354.000	6554.000
355.000	8923.000
356.000	11617.000
357.000	14546.000
358.000	17623.000
359.000	20040.000
360.000	21883.000
361.000	22789.000
362.000	22741.000
363.000	21367.000
364.000	19771.000
365.000	16601.000
366.000	13766.000
367.000	10975.000
368.000	8239.000
369.000	5884.000
370.000	4060.000
371.000	2605.000
372.000	1663.000
373.000	1038.000
374.000	632.000
375.000	417.000
376.000	266.000
377.000	235.000
378.000	174.000
379.000	218.000
380.000	263.000
381.000	329.000
382.000	414.000
383.000	583.000
384.000	801.000
385.000	1063.000
386.000	1420.000
387.000	1748.000
388.000	2143.000
389.000	2589.000
390.000	2987.000
391.000	3241.000
392.000	3421.000
393.000	3595.000
394.000	3422.000
395.000	3109.000
396.000	2832.000
397.000	2363.000
398.000	1941.000
399.000	1421.000
400.000	1117.000
401.000	832.000
402.000	575.000
403.000	367.000
404.000	253.000
405.000	150.000
406.000	97.000
407.000	50.000
408.000	43.000
409.000	33.000
410.000	13.000
411.000	13.000
412.000	8.000
413.000	7.000
414.000	6.000
415.000	6.000
416.000	7.000
417.000	12.000
418.000	7.000
419.000	4.000
420.000	8.000
421.000	6.000
422.000	7.000
423.000	9.000
424.000	2.000
425.000	7.000
426.000	8.000
427.000	13.000
428.000	11.000
429.000	12.000
430.000	22.000
431.000	10.000
432.000	28.000
433.000	34.000
434.000	33.000
435.000	46.000
436.000	48.000
437.000	56.000
438.000	50.000
439.000	64.000
440.000	79.000
441.000	78.000
442.000	62.000
443.000	64.000
444.000	70.000
445.000	64.000
446.000	52.000
447.000	41.000
448.000	30.000
449.000	25.000
450.000	24.000
451.000	22.000
452.000	13.000
453.000	21.000
454.000	17.000
455.000	17.000
456.000	18.000
457.000	22.000
458.000	17.000
459.000	14.000
460.000	19.000
461.000	9.000
462.000	18.000
463.000	14.000
464.000	20.000
465.000	14.000
466.000	8.000
467.000	12.000
468.000	8.000
469.000	11.000
470.000	8.000
471.000	13.000
472.000	17.000
473.000	16.000
474.000	13.000
475.000	26.000
476.000	20.000
477.000	26.000
478.000	13.000
479.000	25.000
480.000	21.000
481.000	22.000
482.000	22.000
483.000	23.000
484.000	18.000
485.000	26.000
486.000	17.000
487.000	33.000
488.000	25.000
489.000	14.000
490.000	13.000
491.000	21.000
492.000	19.000
493.000	14.000
494.000	14.000
495.000	22.000
496.000	14.000
497.000	20.000
498.000	20.000
499.000	14.000
500.000	19.000
501.000	24.000
502.000	15.000
503.000	13.000
504.000	14.000
505.000	14.000
506.000	22.000
507.000	23.000
508.000	22.000
509.000	27.000
510.000	13.000
511.000	21.000
512.000	19.000
513.000	22.000
514.000	23.000
515.000	20.000
516.000	27.000
517.000	18.000
518.000	22.000
519.000	27.000
520.000	36.000
521.000	35.000
522.000	33.000
523.000	36.000
524.000	38.000
525.000	29.000
526.000	47.000
527.000	42.000
528.000	41.000
529.000	36.000
530.000	48.000
531.000	33.000
532.000	39.000
533.000	45.000
534.000	42.000
535.000	28.000
536.000	35.000
537.000	26.000
538.000	21.000
539.000	30.000
540.000	21.000
541.000	19.000
542.000	18.000
543.000	18.000
544.000	26.000
545.000	26.000
546.000	16.000
547.000	30.000
548.000	17.000
549.000	23.000
550.000	29.000
551.000	27.000
552.000	23.000
553.000	29.000
554.000	24.000
555.000	36.000
556.000	30.000
557.000	29.000
558.000	27.000
559.000	42.000
560.000	35.000
561.000	29.000
562.000	40.000
563.000	30.000
564.000	36.000
565.000	39.000
566.000	47.000
567.000	48.000
568.000	50.000
569.000	60.000
570.000	45.000
571.000	69.000
572.000	53.000
573.000	72.000
574.000	76.000
575.000	67.000
576.000	66.000
577.000	58.000
578.000	67.000
579.000	89.000
580.000	58.000
581.000	61.000
582.000	52.000
583.000	42.000
584.000	36.000
585.000	53.000
586.000	24.000
587.000	38.000
588.000	29.000
589.000	22.000
590.000	26.000
591.000	24.000
592.000	21.000
593.000	24.000
594.000	29.000
595.000	26.000
596.000	19.000
597.000	25.000
598.000	35.000
599.000	26.000
600.000	40.000
601.000	35.000
602.000	34.000
603.000	24.000
604.000	25.000
605.000	43.000
606.000	37.000
607.000	59.000
608.000	69.000
609.000	83.000
610.000	96.000
611.000	110.000
612.000	147.000
613.000	208.000
614.000	274.000
615.000	376.000
616.000	445.000
617.000	593.000
618.000	752.000
619.000	882.000
620.000	1061.000
621.000	1142.000
622.000	1346.000
623.000	1432.000
624.000	1536.000
625.000	1560.000
626.000	1610.000
627.000	1560.000
628.000	1395.000
629.000	1377.000
630.000	1140.000
631.000	1020.000
632.000	867.000
633.000	697.000
634.000	519.000
635.000	444.000
636.000	323.000
637.000	269.000
638.000	189.000
639.000	149.000
640.000	130.000
641.000	91.000
642.000	81.000
643.000	65.000
644.000	67.000
645.000	70.000
646.000	45.000
647.000	46.000
648.000	59.000
649.000	46.000
650.000	60.000
651.000	33.000
652.000	38.000
653.000	40.000
654.000	61.000
655.000	68.000
656.000	50.000
657.000	63.000
658.000	46.000
659.000	43.000
660.000	47.000
661.000	67.000
662.000	67.000
663.000	59.000
664.000	55.000
665.000	68.000
666.000	67.000
667.000	61.000
668.000	66.000
669.000	59.000
670.000	67.000
671.000	55.000
672.000	86.000
673.000	74.000
674.000	76.000
675.000	66.000
676.000	94.000
677.000	106.000
678.000	93.000
679.000	130.000
680.000	164.000
681.000	172.000
682.000	211.000
683.000	209.000
684.000	240.000
685.000	249.000
686.000	281.000
687.000	315.000
688.000	304.000
689.000	327.000
690.000	310.000
691.000	274.000
692.000	299.000
693.000	266.000
694.000	223.000
695.000	234.000
696.000	200.000
697.000	167.000
698.000	149.000
699.000	139.000
700.000	107.000
701.000	102.000
702.000	83.000
703.000	79.000
704.000	80.000
705.000	63.000
706.000	56.000
707.000	66.000
708.000	62.000
709.000	71.000
710.000	70.000
711.000	68.000
712.000	62.000
713.000	87.000
714.000	72.000
715.000	71.000
716.000	85.000
717.000	65.000
718.000	89.000
719.000	100.000
720.000	93.000
721.000	91.000
722.000	85.000
723.000	81.000
724.000	91.000
725.000	91.000
726.000	124.000
727.000	109.000
728.000	100.000
729.000	92.000
730.000	94.000
731.000	96.000
732.000	85.000
733.000	98.000
734.000	95.000
735.000	84.000
736.000	75.000
737.000	92.000
738.000	73.000
739.000	84.000
740.000	67.000
741.000	80.000
742.000	65.000
743.000	77.000
744.000	78.000
745.000	67.000
746.000	86.000
747.000	67.000
748.000	65.000
749.000	70.000
750.000	88.000
751.000	62.000
752.000	91.000
753.000	86.000
754.000	79.000
755.000	77.000
756.000	89.000
757.000	80.000
758.000	67.000
759.000	57.000
760.000	81.000
761.000	81.000
762.000	72.000
763.000	69.000
764.000	74.000
765.000	67.000
766.000	79.000
767.000	63.000
768.000	90.000
769.000	76.000
770.000	76.000
771.000	93.000
772.000	84.000
773.000	91.000
774.000	80.000
775.000	83.000
776.000	98.000
777.000	102.000
778.000	87.000
779.000	105.000
780.000	103.000
781.000	95.000
782.000	133.000
783.000	124.000
784.000	124.000
785.000	107.000
786.000	128.000
787.000	141.000
788.000	138.000
789.000	130.000
790.000	140.000
791.000	150.000
792.000	155.000
793.000	171.000
794.000	156.000
795.000	167.000
796.000	142.000
797.000	149.000
798.000	142.000
799.000	152.000
800.000	156.000
801.000	181.000
802.000	157.000
803.000	142.000
804.000	167.000
805.000	178.000
806.000	198.000
807.000	177.000
808.000	194.000
809.000	198.000
810.000	194.000
811.000	229.000
812.000	231.000
813.000	269.000
814.000	270.000
815.000	306.000
816.000	292.000
817.000	335.000
818.000	357.000
819.000	306.000
820.000	347.000
821.000	347.000
822.000	300.000
823.000	288.000
824.000	283.000
825.000	266.000
826.000	242.000
827.000	252.000
828.000	205.000
829.000	187.000
830.000	156.000
831.000	154.000
832.000	175.000
833.000	162.000
834.000	132.000
835.000	157.000
836.000	127.000
837.000	104.000
838.000	137.000
839.000	124.000
840.000	108.000
841.000	131.000
842.000	135.000
843.000	110.000
844.000	124.000
845.000	124.000
846.000	138.000
847.000	125.000
848.000	121.000
849.000	146.000
850.000	124.000
851.000	122.000
852.000	125.000
853.000	113.000
854.000	136.000
855.000	119.000
856.000	130.000
857.000	118.000
858.000	117.000
859.000	115.000
860.000	120.000
861.000	122.000
862.000	112.000
863.000	115.000
864.000	133.000
865.000	104.000
866.000	127.000
867.000	141.000
868.000	128.000
869.000	117.000
870.000	114.000
871.000	122.000
872.000	130.000
873.000	130.000
874.000	135.000
875.000	123.000
876.000	128.000
877.000	111.000
878.000	111.000
879.000	112.000
880.000	108.000
881.000	135.000
882.000	126.000
883.000	131.000
884.000	120.000
885.000	112.000
886.000	125.000
887.000	115.000
888.000	129.000
889.000	128.000
890.000	120.000
891.000	122.000
892.000	139.000
893.000	136.000
894.000	150.000
895.000	142.000
896.000	124.000
897.000	123.000
898.000	117.000
899.000	155.000
900.000	155.000
901.000	138.000
902.000	159.000
903.000	141.000
904.000	139.000
905.000	171.000
906.000	173.000
907.000	183.000
908.000	169.000
909.000	183.000
910.000	156.000
911.000	186.000
912.000	170.000
913.000	144.000
914.000	192.000
915.000	171.000
916.000	176.000
917.000	178.000
918.000	169.000
919.000	191.000
920.000	200.000
921.000	197.000
922.000	184.000
923.000	188.000
924.000	202.000
925.000	180.000
926.000	206.000
927.000	186.000
928.000	184.000
929.000	202.000
930.000	209.000
931.000	250.000
932.000	234.000
933.000	211.000
934.000	241.000
935.000	235.000
936.000	250.000
937.000	218.000
938.000	244.000
939.000	248.000
940.000	255.000
941.000	228.000
942.000	283.000
943.000	308.000
944.000	254.000
945.000	271.000
946.000	251.000
947.000	225.000
948.000	272.000
949.000	259.000
950.000	247.000
951.000	198.000
952.000	235.000
953.000	211.000
954.000	204.000
955.000	223.000
956.000	220.000
957.000	191.000
958.000	188.000
959.000	196.000
960.000	196.000
961.000	186.000
962.000	203.000
963.000	205.000
964.000	183.000
965.000	168.000
966.000	206.000
967.000	190.000
968.000	196.000
969.000	198.000
970.000	203.000
971.000	170.000
972.000	178.000
973.000	198.000
974.000	202.000
975.000	171.000
976.000	178.000
977.000	178.000
978.000	185.000
979.000	189.000
980.000	138.000
981.000	170.000
982.000	168.000
983.000	148.000
984.000	178.000
985.000	162.000
986.000	150.000
987.000	139.000
988.000	161.000
989.000	155.000
990.000	150.000
991.000	168.000
992.000	146.000
993.000	125.000
994.000	164.000
995.000	131.000
996.000	146.000
997.000	139.000
998.000	136.000
999.000	127.000
1000.000	146.000
1001.000	141.000
1002.000	143.000
1003.000	143.000
1004.000	132.000
1005.000	139.000
1006.000	133.000
1007.000	128.000
1008.000	132.000
1009.000	129.000
1010.000	142.000
1011.000	123.000
1012.000	125.000
1013.000	135.000
1014.000	128.000
1015.000	140.000
1016.000	150.000
1017.000	129.000
1018.000	149.000
1019.000	143.000
1020.000	136.000
1021.000	124.000
1022.000	154.000
1023.000	151.000
1024.000	144.000
1025.000	143.000
1026.000	136.000
1027.000	137.000
1028.000	175.000
1029.000	131.000
1030.000	140.000
1031.000	153.000
1032.000	159.000
1033.000	145.000
1034.000	152.000
1035.000	162.000
1036.000	162.000
1037.000	143.000
1038.000	161.000
1039.000	155.000
1040.000	169.000
1041.000	164.000
1042.000	150.000
1043.000	163.000
1044.000	149.000
1045.000	156.000
1046.000	161.000
1047.000	157.000
1048.000	165.000
1049.000	178.000
1050.000	155.000
1051.000	174.000
1052.000	157.000
1053.000	150.000
1054.000	176.000
1055.000	178.000
1056.000	165.000
1057.000	154.000
1058.000	135.000
1059.000	172.000
1060.000	162.000
1061.000	159.000
1062.000	166.000
1063.000	180.000
1064.000	174.000
1065.000	169.000
1066.000	157.000
1067.000	176.000
1068.000	176.000
1069.000	149.000
1070.000	157.000
1071.000	154.000
1072.000	173.000
1073.000	162.000
1074.000	165.000
1075.000	172.000
1076.000	165.000
1077.000	157.000
1078.000	169.000
1079.000	171.000
1080.000	164.000
1081.000	158.000
1082.000	142.000
1083.000	144.000
1084.000	141.000
1085.000	169.000
1086.000	159.000
1087.000	147.000
1088.000	164.000
1089.000	176.000
1090.000	161.000
1091.000	156.000
1092.000	174.000
1093.000	168.000
1094.000	159.000
1095.000	167.000
1096.000	175.000
1097.000	165.000
1098.000	163.000
1099.000	183.000
1100.000	165.000
1101.000	172.000
1102.000	167.000
1103.000	168.000
1104.000	190.000
1105.000	187.000
1106.000	207.000
1107.000	176.000
1108.000	215.000
1109.000	179.000
1110.000	175.000
1111.000	173.000
1112.000	180.000
1113.000	164.000
1114.000	159.000
1115.000	167.000
1116.000	176.000
1117.000	155.000
1118.000	168.000
1119.000	162.000
1120.000	159.000
1121.000	159.000
1122.000	173.000
1123.000	160.000
1124.000	161.000
1125.000	172.000
1126.000	143.000
1127.000	165.000
1128.000	147.000
1129.000	181.000
1130.000	167.000
1131.000	164.000
1132.000	157.000
1133.000	178.000
1134.000	172.000
1135.000	175.000
1136.000	150.000
1137.000	187.000
1138.000	164.000
1139.000	153.000
1140.000	178.000
1141.000	170.000
1142.000	176.000
1143.000	177.000
1144.000	168.000
1145.000	153.000
1146.000	168.000
1147.000	169.000
1148.000	151.000
1149.000	177.000
1150.000	144.000
1151.000	191.000
1152.000	189.000
1153.000	178.000
1154.000	191.000
1155.000	185.000
1156.000	186.000
1157.000	193.000
1158.000	195.000
1159.000	165.000
1160.000	202.000
1161.000	194.000
1162.000	221.000
1163.000	210.000
1164.000	180.000
1165.000	218.000
1166.000	203.000
1167.000	194.000
1168.000	188.000
1169.000	183.000
1170.000	191.000
1171.000	180.000
1172.000	179.000
1173.000	171.000
1174.000	191.000
1175.000	149.000
1176.000	147.000
1177.000	223.000
1178.000	169.000
1179.000	162.000
1180.000	148.000
1181.000	176.000
1182.000	167.000
1183.000	166.000
1184.000	170.000
1185.000	177.000
1186.000	178.000
1187.000	159.000
1188.000	180.000
1189.000	165.000
1190.000	171.000
1191.000	155.000
1192.000	177.000
1193.000	176.000
1194.000	138.000
1195.000	179.000
1196.000	174.000
1197.000	173.000
1198.000	161.000
1199.000	166.000
1200.000	159.000
1201.000	198.000
1202.000	167.000
1203.000	148.000
1204.000	191.000
1205.000	159.000
1206.000	153.000
1207.000	160.000
1208.000	168.000
1209.000	155.000
1210.000	144.000
1211.000	160.000
1212.000	174.000
1213.000	170.000
1214.000	158.000
1215.000	183.000
1216.000	153.000
1217.000	168.000
1218.000	172.000
1219.000	190.000
1220.000	176.000
1221.000	170.000
1222.000	181.000
1223.000	183.000
1224.000	182.000
1225.000	154.000
1226.000	181.000
1227.000	182.000
1228.000	192.000
1229.000	168.000
1230.000	181.000
1231.000	167.000
1232.000	174.000
1233.000	161.000
1234.000	168.000
1235.000	180.000
1236.000	188.000
1237.000	175.000
1238.000	185.000
1239.000	170.000
1240.000	199.000
1241.000	151.000
1242.000	179.000
1243.000	162.000
1244.000	172.000
1245.000	182.000
1246.000	152.000
1247.000	180.000
1248.000	168.000
1249.000	181.000
1250.000	183.000
1251.000	176.000
1252.000	173.000
1253.000	157.000
1254.000	168.000
1255.000	175.000
1256.000	169.000
1257.000	161.000
1258.000	182.000
1259.000	182.000
1260.000	168.000
1261.000	181.000
1262.000	174.000
1263.000	176.000
1264.000	189.000
1265.000	168.000
1266.000	162.000
1267.000	157.000
1268.000	174.000
1269.000	157.000
1270.000	150.000
1271.000	163.000
1272.000	179.000
1273.000	156.000
1274.000	180.000
1275.000	162.000
1276.000	169.000
1277.000	175.000
1278.000	187.000
1279.000	160.000
1280.000	172.000
1281.000	193.000
1282.000	146.000
1283.000	162.000
1284.000	162.000
1285.000	180.000
1286.000	180.000
1287.000	187.000
1288.000	174.000
1289.000	171.000
1290.000	180.000
1291.000	183.000
1292.000	173.000
1293.000	160.000
1294.000	175.000
1295.000	180.000
1296.000	191.000
1297.000	154.000
1298.000	194.000
1299.000	192.000
1300.000	194.000
1301.000	192.000
1302.000	182.000
1303.000	183.000
1304.000	172.000
1305.000	188.000
1306.000	178.000
1307.000	160.000
1308.000	219.000
1309.000	173.000
1310.000	189.000
1311.000	179.000
1312.000	169.000
1313.000	181.000
1314.000	182.000
1315.000	168.000
1316.000	177.000
1317.000	177.000
1318.000	158.000
1319.000	184.000
1320.000	162.000
1321.000	188.000
1322.000	176.000
1323.000	186.000
1324.000	173.000
1325.000	186.000
1326.000	165.000
1327.000	177.000
1328.000	147.000
1329.000	156.000
1330.000	185.000
1331.000	205.000
1332.000	178.000
1333.000	171.000
1334.000	167.000
1335.000	178.000
1336.000	180.000
1337.000	175.000
1338.000	182.000
1339.000	226.000
1340.000	164.000
1341.000	194.000
1342.000	203.000
1343.000	153.000
1344.000	178.000
1345.000	186.000
1346.000	166.000
1347.000	180.000
1348.000	168.000
1349.000	182.000
1350.000	170.000
1351.000	198.000
1352.000	207.000
1353.000	222.000
1354.000	193.000
1355.000	217.000
1356.000	232.000
1357.000	222.000
1358.000	231.000
1359.000	215.000
1360.000	273.000
1361.000	294.000
1362.000	304.000
1363.000	370.000
1364.000	361.000
1365.000	395.000
1366.000	463.000
1367.000	525.000
1368.000	559.000
1369.000	607.000
1370.000	675.000
1371.000	736.000
1372.000	800.000
1373.000	879.000
1374.000	909.000
1375.000	1007.000
1376.000	995.000
1377.000	1015.000
1378.000	1042.000
1379.000	1073.000
1380.000	1109.000
1381.000	1027.000
1382.000	1043.000
1383.000	1043.000
1384.000	996.000
1385.000	943.000
1386.000	881.000
1387.000	811.000
1388.000	730.000
1389.000	687.000
1390.000	659.000
1391.000	554.000
1392.000	508.000
1393.000	471.000
1394.000	436.000
1395.000	361.000
1396.000	320.000
1397.000	274.000
1398.000	277.000
1399.000	242.000
1400.000	229.000
1401.000	205.000
1402.000	206.000
1403.000	186.000
1404.000	210.000
1405.000	192.000
1406.000	207.000
1407.000	183.000
1408.000	195.000
1409.000	192.000
1410.000	202.000
1411.000	194.000
1412.000	184.000
1413.000	192.000
1414.000	177.000
1415.000	178.000
1416.000	161.000
1417.000	166.000
1418.000	161.000
1419.000	153.000
1420.000	166.000
1421.000	183.000
1422.000	163.000
1423.000	203.000
1424.000	166.000
1425.000	188.000
1426.000	171.000
1427.000	174.000
1428.000	173.000
1429.000	199.000
1430.000	164.000
1431.000	179.000
1432.000	189.000
1433.000	155.000
1434.000	185.000
1435.000	163.000
1436.000	184.000
1437.000	175.000
1438.000	173.000
1439.000	176.000
1440.000	179.000
1441.000	160.000
1442.000	194.000
1443.000	189.000
1444.000	197.000
1445.000	218.000
1446.000	174.000
1447.000	182.000
1448.000	198.000
1449.000	174.000
1450.000	193.000
1451.000	210.000
1452.000	192.000
1453.000	168.000
1454.000	183.000
1455.000	177.000
1456.000	175.000
1457.000	181.000
1458.000	187.000
1459.000	175.000
1460.000	190.000
1461.000	194.000
1462.000	219.000
1463.000	191.000
1464.000	173.000
1465.000	190.000
1466.000	212.000
1467.000	183.000
1468.000	185.000
1469.000	173.000
1470.000	186.000
1471.000	174.000
1472.000	188.000
1473.000	177.000
1474.000	168.000
1475.000	173.000
1476.000	198.000
1477.000	205.000
1478.000	179.000
1479.000	178.000
1480.000	157.000
1481.000	167.000
1482.000	172.000
1483.000	177.000
1484.000	182.000
1485.000	184.000
1486.000	165.000
1487.000	175.000
1488.000	162.000
1489.000	192.000
1490.000	175.000
1491.000	168.000
1492.000	186.000
1493.000	185.000
1494.000	177.000
1495.000	179.000
1496.000	181.000
1497.000	202.000
1498.000	175.000
1499.000	202.000
1500.000	185.000
1501.000	163.000
1502.000	192.000
1503.000	156.000
1504.000	178.000
1505.000	182.000
1506.000	210.000
1507.000	188.000
1508.000	197.000
1509.000	166.000
1510.000	180.000
1511.000	155.000
1512.000	163.000
1513.000	172.000
1514.000	187.000
1515.000	217.000
1516.000	183.000
1517.000	185.000
1518.000	236.000
1519.000	204.000
1520.000	215.000
1521.000	192.000
1522.000	209.000
1523.000	207.000
1524.000	205.000
1525.000	205.000
1526.000	200.000
1527.000	184.000
1528.000	221.000
1529.000	259.000
1530.000	234.000
1531.000	261.000
1532.000	255.000
1533.000	295.000
1534.000	266.000
1535.000	304.000
1536.000	328.000
1537.000	331.000
1538.000	345.000
1539.000	320.000
1540.000	323.000
1541.000	330.000
1542.000	339.000
1543.000	350.000
1544.000	375.000
1545.000	377.000
1546.000	346.000
1547.000	353.000
1548.000	377.000
1549.000	386.000
1550.000	293.000
1551.000	332.000
1552.000	320.000
1553.000	329.000
1554.000	286.000
1555.000	261.000
1556.000	294.000
1557.000	264.000
1558.000	290.000
1559.000	302.000
1560.000	300.000
1561.000	283.000
1562.000	251.000
1563.000	259.000
1564.000	304.000
1565.000	270.000
1566.000	309.000
1567.000	254.000
1568.000	309.000
1569.000	279.000
1570.000	301.000
1571.000	339.000
1572.000	292.000
1573.000	325.000
1574.000	324.000
1575.000	365.000
1576.000	352.000
1577.000	330.000
1578.000	371.000
1579.000	393.000
1580.000	387.000
1581.000	398.000
1582.000	420.000
1583.000	404.000
1584.000	398.000
1585.000	466.000
1586.000	432.000
1587.000	448.000
1588.000	482.000
1589.000	469.000
1590.000	465.000
1591.000	488.000
1592.000	525.000
1593.000	502.000
1594.000	529.000
1595.000	548.000
1596.000	560.000
1597.000	553.000
1598.000	598.000
1599.000	611.000
1600.000	563.000
1601.000	588.000
1602.000	597.000
1603.000	571.000
1604.000	628.000
1605.000	641.000
1606.000	576.000
1607.000	622.000
1608.000	628.000
1609.000	617.000
1610.000	627.000
1611.000	662.000
1612.000	609.000
1613.000	575.000
1614.000	619.000
1615.000	592.000
1616.000	584.000
1617.000	581.000
1618.000	586.000
1619.000	531.000
1620.000	501.000
1621.000	551.000
1622.000	485.000
1623.000	476.000
1624.000	551.000
1625.000	516.000
1626.000	453.000
1627.000	468.000
1628.000	449.000
1629.000	487.000
1630.000	421.000
1631.000	415.000
1632.000	408.000
1633.000	388.000
1634.000	384.000
1635.000	358.000
1636.000	360.000
1637.000	347.000
1638.000	324.000
1639.000	327.000
1640.000	326.000
1641.000	307.000
1642.000	338.000
1643.000	285.000
1644.000	277.000
1645.000	312.000
1646.000	276.000
1647.000	254.000
1648.000	241.000
1649.000	261.000
1650.000	268.000
1651.000	253.000
1652.000	238.000
1653.000	237.000
1654.000	218.000
1655.000	231.000
1656.000	191.000
1657.000	213.000
1658.000	214.000
1659.000	203.000
1660.000	201.000
1661.000	204.000
1662.000	176.000
1663.000	215.000
1664.000	173.000
1665.000	175.000
1666.000	178.000
1667.000	173.000
1668.000	190.000
1669.000	190.000
1670.000	196.000
1671.000	172.000
1672.000	184.000
1673.000	167.000
1674.000	170.000
1675.000	191.000
1676.000	171.000
1677.000	179.000
1678.000	214.000
1679.000	208.000
1680.000	193.000
1681.000	227.000
1682.000	208.000
1683.000	242.000
1684.000	268.000
1685.000	291.000
1686.000	303.000
1687.000	319.000
1688.000	334.000
1689.000	353.000
1690.000	365.000
1691.000	407.000
1692.000	420.000
1693.000	444.000
1694.000	477.000
1695.000	483.000
1696.000	498.000
1697.000	530.000
1698.000	557.000
1699.000	523.000
1700.000	506.000
1701.000	556.000
1702.000	564.000
1703.000	538.000
1704.000	585.000
1705.000	584.000
1706.000	508.000
1707.000	491.000
1708.000	486.000
1709.000	472.000
1710.000	380.000
1711.000	408.000
1712.000	403.000
1713.000	372.000
1714.000	288.000
1715.000	322.000
1716.000	311.000
1717.000	283.000
1718.000	243.000
1719.000	231.000
1720.000	240.000
1721.000	176.000
1722.000	185.000
1723.000	161.000
1724.000	151.000
1725.000	150.000
1726.000	151.000
1727.000	156.000
1728.000	146.000
1729.000	148.000
1730.000	145.000
1731.000	162.000
1732.000	150.000
1733.000	149.000
1734.000	163.000
1735.000	147.000
1736.000	147.000
1737.000	128.000
1738.000	134.000
1739.000	151.000
1740.000	143.000
1741.000	142.000
1742.000	140.000
1743.000	114.000
1744.000	154.000
1745.000	131.000
1746.000	152.000
1747.000	165.000
1748.000	162.000
1749.000	140.000
1750.000	141.000
1751.000	178.000
1752.000	143.000
1753.000	138.000
1754.000	133.000
1755.000	163.000
1756.000	132.000
1757.000	168.000
1758.000	139.000
1759.000	152.000
1760.000	180.000
1761.000	156.000
1762.000	166.000
1763.000	163.000
1764.000	154.000
1765.000	147.000
1766.000	173.000
1767.000	162.000
1768.000	152.000
1769.000	176.000
1770.000	174.000
1771.000	177.000
1772.000	161.000
1773.000	175.000
1774.000	153.000
1775.000	180.000
1776.000	164.000
1777.000	175.000
1778.000	195.000
1779.000	169.000
1780.000	186.000
1781.000	198.000
1782.000	193.000
1783.000	195.000
1784.000	203.000
1785.000	209.000
1786.000	170.000
1787.000	207.000
1788.000	219.000
1789.000	195.000
1790.000	195.000
1791.000	180.000
1792.000	213.000
1793.000	179.000
1794.000	201.000
1795.000	204.000
1796.000	189.000
1797.000	200.000
1798.000	213.000
1799.000	186.000
1800.000	198.000
1801.000	211.000
1802.000	194.000
1803.000	160.000
1804.000	212.000
1805.000	183.000
1806.000	201.000
1807.000	171.000
1808.000	182.000
1809.000	165.000
1810.000	192.000
1811.000	193.000
1812.000	183.000
1813.000	152.000
1814.000	157.000
1815.000	170.000
1816.000	153.000
1817.000	175.000
1818.000	156.000
1819.000	172.000
1820.000	157.000
1821.000	153.000
1822.000	146.000
1823.000	164.000
1824.000	133.000
1825.000	157.000
1826.000	128.000
1827.000	123.000
1828.000	134.000
1829.000	121.000
1830.000	138.000
1831.000	126.000
1832.000	126.000
1833.000	109.000
1834.000	111.000
1835.000	134.000
1836.000	138.000
1837.000	119.000
1838.000	103.000
1839.000	130.000
1840.000	108.000
1841.000	113.000
1842.000	89.000
1843.000	109.000
1844.000	94.000
1845.000	106.000
1846.000	107.000
1847.000	100.000
1848.000	94.000
1849.000	90.000
1850.000	105.000
1851.000	87.000
1852.000	107.000
1853.000	92.000
1854.000	91.000
1855.000	98.000
1856.000	92.000
1857.000	96.000
1858.000	98.000
1859.000	89.000
1860.000	103.000
1861.000	103.000
1862.000	80.000
1863.000	86.000
1864.000	95.000
1865.000	82.000
1866.000	81.000
1867.000	84.000
1868.000	86.000
1869.000	86.000
1870.000	83.000
1871.000	74.000
1872.000	87.000
1873.000	65.000
1874.000	80.000
1875.000	69.000
1876.000	103.000
1877.000	75.000
1878.000	76.000
1879.000	75.000
1880.000	80.000
1881.000	79.000
1882.000	69.000
1883.000	77.000
1884.000	59.000
1885.000	78.000
1886.000	74.000
1887.000	67.000
1888.000	72.000
1889.000	76.000
1890.000	66.000
1891.000	72.000
1892.000	75.000
1893.000	78.000
1894.000	80.000
1895.000	79.000
1896.000	92.000
1897.000	96.000
1898.000	90.000
1899.000	104.000
1900.000	100.000
1901.000	100.000
1902.000	87.000
1903.000	107.000
1904.000	123.000
1905.000	118.000
1906.000	100.000
1907.000	110.000
1908.000	116.000
1909.000	120.000
1910.000	118.000
1911.000	117.000
1912.000	139.000
1913.000	130.000
1914.000	130.000
1915.000	113.000
1916.000	118.000
1917.000	102.000
1918.000	112.000
1919.000	102.000
1920.000	97.000
1921.000	108.000
1922.000	96.000
1923.000	105.000
1924.000	91.000
1925.000	87.000
1926.000	72.000
1927.000	82.000
1928.000	71.000
1929.000	71.000
1930.000	61.000
1931.000	74.000
1932.000	72.000
1933.000	75.000
1934.000	85.000
1935.000	69.000
1936.000	78.000
1937.000	51.000
1938.000	61.000
1939.000	58.000
1940.000	64.000
1941.000	59.000
1942.000	61.000
1943.000	75.000
1944.000	68.000
1945.000	69.000
1946.000	74.000
1947.000	64.000
1948.000	62.000
1949.000	58.000
1950.000	65.000
1951.000	59.000
1952.000	72.000
1953.000	73.000
1954.000	74.000
1955.000	52.000
1956.000	63.000
1957.000	54.000
1958.000	73.000
1959.000	47.000
1960.000	59.000
1961.000	45.000
1962.000	59.000
1963.000	51.000
1964.000	66.000
1965.000	55.000
1966.000	58.000
1967.000	51.000
1968.000	52.000
1969.000	52.000
1970.000	44.000
1971.000	44.000
1972.000	60.000
1973.000	64.000
1974.000	56.000
1975.000	47.000
1976.000	63.000
1977.000	51.000
1978.000	50.000
1979.000	61.000
1980.000	42.000
1981.000	55.000
1982.000	52.000
1983.000	53.000
1984.000	54.000
1985.000	45.000
1986.000	56.000
1987.000	42.000
1988.000	45.000
1989.000	48.000
1990.000	41.000
1991.000	58.000
1992.000	52.000
1993.000	45.000
1994.000	46.000
1995.000	56.000
1996.000	47.000
1997.000	55.000
1998.000	46.000
1999.000	58.000
2000.000	55.000
2001.000	42.000
2002.000	52.000
2003.000	49.000
2004.000	49.000
2005.000	41.000
2006.000	44.000
2007.000	58.000
2008.000	44.000
2009.000	55.000
2010.000	46.000
2011.000	39.000
2012.000	46.000
2013.000	27.000
2014.000	60.000
2015.000	52.000
2016.000	36.000
2017.000	51.000
2018.000	46.000
2019.000	48.000
2020.000	46.000
2021.000	48.000
2022.000	40.000
2023.000	53.000
2024.000	44.000
2025.000	51.000
2026.000	40.000
2027.000	46.000
2028.000	41.000
2029.000	49.000
2030.000	47.000
2031.000	46.000
2032.000	41.000
2033.000	43.000
2034.000	56.000
2035.000	56.000
2036.000	45.000
2037.000	52.000
2038.000	40.000
2039.000	50.000
2040.000	42.000
2041.000	55.000
2042.000	36.000
2043.000	44.000
2044.000	41.000
2045.000	43.000
2046.000	51.000
2047.000	53.000
2048.000	0.000
