Date:	23-Sep-20		Time:	7:47 PM		Version no:	0.00		Project name:	55		Sample name:	222		Section name:	section		Position	621.745018	mm	E0	0.000000	keV	E1	1.000000	keV/channel	sample surface	7.745923	cm	Tube anode:	Mo		Tube voltage:	30	kV	Tube current:	30	mA	gain	15		std. database			resultfile	result		matrix element	11		sample thickness	1.000000		air passage	0.560000	cm	comments	in position		peaking_time	0.300000	m-sec	trigger_threshold	40.000000	V	mca_bin_width	2.000000	no:	number_mca_channels	2048.000000	no:	gap_time	2048.000000	m-sec	trigger_peaking_time	2048.000000	m-sec	GAINDAC	400		HIGHGAIN	400		TAURC	400		RCTAU	400		RCTAUFRAC	400		livetime	13.482400	seconds	runtime	15.000094	seconds	input_count_rate	47850.381176	cps	output_count_rate	43008.931911	cps	triggers	706477	seconds	events_in_run	630377	seconds	channel	content		1.000	0.000
2.000	0.000
3.000	0.000
4.000	0.000
5.000	0.000
6.000	0.000
7.000	0.000
8.000	0.000
9.000	0.000
10.000	0.000
11.000	0.000
12.000	0.000
13.000	0.000
14.000	0.000
15.000	0.000
16.000	0.000
17.000	0.000
18.000	0.000
19.000	0.000
20.000	0.000
21.000	0.000
22.000	0.000
23.000	0.000
24.000	0.000
25.000	0.000
26.000	0.000
27.000	0.000
28.000	0.000
29.000	0.000
30.000	0.000
31.000	1.000
32.000	0.000
33.000	0.000
34.000	1.000
35.000	0.000
36.000	0.000
37.000	1.000
38.000	1.000
39.000	0.000
40.000	1.000
41.000	0.000
42.000	0.000
43.000	0.000
44.000	0.000
45.000	0.000
46.000	0.000
47.000	1.000
48.000	0.000
49.000	1.000
50.000	1.000
51.000	1.000
52.000	1.000
53.000	0.000
54.000	3.000
55.000	8.000
56.000	10.000
57.000	7.000
58.000	13.000
59.000	13.000
60.000	30.000
61.000	17.000
62.000	34.000
63.000	20.000
64.000	23.000
65.000	38.000
66.000	33.000
67.000	19.000
68.000	26.000
69.000	24.000
70.000	23.000
71.000	30.000
72.000	22.000
73.000	18.000
74.000	25.000
75.000	29.000
76.000	33.000
77.000	22.000
78.000	28.000
79.000	22.000
80.000	23.000
81.000	22.000
82.000	31.000
83.000	17.000
84.000	27.000
85.000	28.000
86.000	20.000
87.000	22.000
88.000	32.000
89.000	29.000
90.000	23.000
91.000	22.000
92.000	32.000
93.000	17.000
94.000	32.000
95.000	15.000
96.000	19.000
97.000	23.000
98.000	14.000
99.000	21.000
100.000	22.000
101.000	28.000
102.000	20.000
103.000	11.000
104.000	22.000
105.000	20.000
106.000	19.000
107.000	22.000
108.000	21.000
109.000	21.000
110.000	25.000
111.000	13.000
112.000	22.000
113.000	19.000
114.000	27.000
115.000	18.000
116.000	20.000
117.000	18.000
118.000	18.000
119.000	18.000
120.000	21.000
121.000	18.000
122.000	13.000
123.000	11.000
124.000	25.000
125.000	20.000
126.000	14.000
127.000	9.000
128.000	15.000
129.000	20.000
130.000	13.000
131.000	16.000
132.000	14.000
133.000	25.000
134.000	13.000
135.000	18.000
136.000	12.000
137.000	13.000
138.000	18.000
139.000	16.000
140.000	17.000
141.000	16.000
142.000	20.000
143.000	30.000
144.000	26.000
145.000	30.000
146.000	28.000
147.000	33.000
148.000	27.000
149.000	30.000
150.000	21.000
151.000	18.000
152.000	21.000
153.000	10.000
154.000	19.000
155.000	15.000
156.000	22.000
157.000	20.000
158.000	12.000
159.000	12.000
160.000	14.000
161.000	17.000
162.000	14.000
163.000	16.000
164.000	25.000
165.000	28.000
166.000	46.000
167.000	48.000
168.000	54.000
169.000	44.000
170.000	57.000
171.000	52.000
172.000	38.000
173.000	50.000
174.000	51.000
175.000	34.000
176.000	31.000
177.000	31.000
178.000	28.000
179.000	38.000
180.000	24.000
181.000	27.000
182.000	34.000
183.000	48.000
184.000	61.000
185.000	97.000
186.000	106.000
187.000	160.000
188.000	197.000
189.000	198.000
190.000	225.000
191.000	273.000
192.000	216.000
193.000	222.000
194.000	204.000
195.000	135.000
196.000	103.000
197.000	70.000
198.000	60.000
199.000	38.000
200.000	29.000
201.000	22.000
202.000	17.000
203.000	16.000
204.000	15.000
205.000	16.000
206.000	18.000
207.000	15.000
208.000	20.000
209.000	13.000
210.000	8.000
211.000	14.000
212.000	16.000
213.000	13.000
214.000	14.000
215.000	16.000
216.000	25.000
217.000	32.000
218.000	31.000
219.000	46.000
220.000	31.000
221.000	44.000
222.000	49.000
223.000	37.000
224.000	49.000
225.000	52.000
226.000	30.000
227.000	35.000
228.000	27.000
229.000	26.000
230.000	22.000
231.000	20.000
232.000	16.000
233.000	13.000
234.000	18.000
235.000	22.000
236.000	18.000
237.000	14.000
238.000	11.000
239.000	7.000
240.000	20.000
241.000	11.000
242.000	15.000
243.000	19.000
244.000	22.000
245.000	18.000
246.000	20.000
247.000	18.000
248.000	21.000
249.000	31.000
250.000	49.000
251.000	82.000
252.000	89.000
253.000	111.000
254.000	146.000
255.000	137.000
256.000	168.000
257.000	139.000
258.000	161.000
259.000	165.000
260.000	137.000
261.000	94.000
262.000	80.000
263.000	82.000
264.000	40.000
265.000	35.000
266.000	33.000
267.000	20.000
268.000	21.000
269.000	25.000
270.000	22.000
271.000	23.000
272.000	36.000
273.000	24.000
274.000	34.000
275.000	29.000
276.000	26.000
277.000	33.000
278.000	34.000
279.000	34.000
280.000	20.000
281.000	32.000
282.000	38.000
283.000	43.000
284.000	51.000
285.000	49.000
286.000	69.000
287.000	69.000
288.000	73.000
289.000	95.000
290.000	73.000
291.000	91.000
292.000	76.000
293.000	69.000
294.000	48.000
295.000	41.000
296.000	42.000
297.000	34.000
298.000	36.000
299.000	18.000
300.000	22.000
301.000	18.000
302.000	28.000
303.000	11.000
304.000	29.000
305.000	30.000
306.000	19.000
307.000	26.000
308.000	32.000
309.000	25.000
310.000	38.000
311.000	47.000
312.000	42.000
313.000	43.000
314.000	54.000
315.000	67.000
316.000	79.000
317.000	115.000
318.000	124.000
319.000	160.000
320.000	202.000
321.000	237.000
322.000	286.000
323.000	331.000
324.000	317.000
325.000	326.000
326.000	357.000
327.000	292.000
328.000	270.000
329.000	207.000
330.000	174.000
331.000	129.000
332.000	96.000
333.000	87.000
334.000	63.000
335.000	52.000
336.000	37.000
337.000	37.000
338.000	41.000
339.000	33.000
340.000	53.000
341.000	60.000
342.000	61.000
343.000	85.000
344.000	99.000
345.000	170.000
346.000	206.000
347.000	305.000
348.000	514.000
349.000	703.000
350.000	1227.000
351.000	1787.000
352.000	2759.000
353.000	4045.000
354.000	5664.000
355.000	7710.000
356.000	10146.000
357.000	12844.000
358.000	15096.000
359.000	17368.000
360.000	19068.000
361.000	19611.000
362.000	19487.000
363.000	18524.000
364.000	16883.000
365.000	14498.000
366.000	11763.000
367.000	9267.000
368.000	6998.000
369.000	5051.000
370.000	3540.000
371.000	2266.000
372.000	1391.000
373.000	877.000
374.000	530.000
375.000	314.000
376.000	245.000
377.000	179.000
378.000	136.000
379.000	151.000
380.000	212.000
381.000	279.000
382.000	351.000
383.000	483.000
384.000	637.000
385.000	856.000
386.000	1209.000
387.000	1548.000
388.000	1840.000
389.000	2254.000
390.000	2552.000
391.000	2756.000
392.000	2910.000
393.000	2921.000
394.000	2824.000
395.000	2668.000
396.000	2296.000
397.000	2017.000
398.000	1640.000
399.000	1260.000
400.000	985.000
401.000	697.000
402.000	529.000
403.000	346.000
404.000	215.000
405.000	119.000
406.000	91.000
407.000	65.000
408.000	29.000
409.000	21.000
410.000	18.000
411.000	13.000
412.000	14.000
413.000	6.000
414.000	8.000
415.000	6.000
416.000	9.000
417.000	7.000
418.000	3.000
419.000	10.000
420.000	5.000
421.000	8.000
422.000	6.000
423.000	16.000
424.000	12.000
425.000	10.000
426.000	14.000
427.000	16.000
428.000	7.000
429.000	29.000
430.000	19.000
431.000	36.000
432.000	61.000
433.000	56.000
434.000	90.000
435.000	112.000
436.000	156.000
437.000	150.000
438.000	154.000
439.000	191.000
440.000	187.000
441.000	234.000
442.000	223.000
443.000	176.000
444.000	186.000
445.000	147.000
446.000	121.000
447.000	112.000
448.000	101.000
449.000	66.000
450.000	61.000
451.000	48.000
452.000	48.000
453.000	43.000
454.000	45.000
455.000	32.000
456.000	37.000
457.000	34.000
458.000	29.000
459.000	30.000
460.000	24.000
461.000	17.000
462.000	28.000
463.000	15.000
464.000	16.000
465.000	13.000
466.000	25.000
467.000	14.000
468.000	27.000
469.000	21.000
470.000	24.000
471.000	24.000
472.000	21.000
473.000	36.000
474.000	20.000
475.000	30.000
476.000	36.000
477.000	40.000
478.000	34.000
479.000	39.000
480.000	41.000
481.000	64.000
482.000	44.000
483.000	48.000
484.000	51.000
485.000	47.000
486.000	38.000
487.000	32.000
488.000	25.000
489.000	33.000
490.000	27.000
491.000	15.000
492.000	22.000
493.000	14.000
494.000	25.000
495.000	10.000
496.000	18.000
497.000	14.000
498.000	20.000
499.000	11.000
500.000	12.000
501.000	13.000
502.000	17.000
503.000	22.000
504.000	23.000
505.000	15.000
506.000	19.000
507.000	23.000
508.000	19.000
509.000	23.000
510.000	19.000
511.000	23.000
512.000	27.000
513.000	21.000
514.000	23.000
515.000	35.000
516.000	29.000
517.000	26.000
518.000	25.000
519.000	25.000
520.000	24.000
521.000	31.000
522.000	23.000
523.000	35.000
524.000	40.000
525.000	42.000
526.000	45.000
527.000	48.000
528.000	42.000
529.000	43.000
530.000	52.000
531.000	37.000
532.000	39.000
533.000	40.000
534.000	29.000
535.000	28.000
536.000	35.000
537.000	33.000
538.000	22.000
539.000	27.000
540.000	25.000
541.000	31.000
542.000	24.000
543.000	18.000
544.000	26.000
545.000	20.000
546.000	30.000
547.000	22.000
548.000	20.000
549.000	19.000
550.000	21.000
551.000	34.000
552.000	28.000
553.000	23.000
554.000	21.000
555.000	32.000
556.000	37.000
557.000	27.000
558.000	31.000
559.000	27.000
560.000	40.000
561.000	34.000
562.000	39.000
563.000	29.000
564.000	41.000
565.000	37.000
566.000	61.000
567.000	53.000
568.000	51.000
569.000	75.000
570.000	73.000
571.000	92.000
572.000	90.000
573.000	81.000
574.000	88.000
575.000	134.000
576.000	101.000
577.000	107.000
578.000	103.000
579.000	93.000
580.000	101.000
581.000	89.000
582.000	67.000
583.000	84.000
584.000	67.000
585.000	56.000
586.000	48.000
587.000	46.000
588.000	41.000
589.000	28.000
590.000	34.000
591.000	34.000
592.000	28.000
593.000	26.000
594.000	27.000
595.000	26.000
596.000	27.000
597.000	38.000
598.000	34.000
599.000	40.000
600.000	28.000
601.000	34.000
602.000	30.000
603.000	42.000
604.000	45.000
605.000	41.000
606.000	66.000
607.000	79.000
608.000	119.000
609.000	121.000
610.000	183.000
611.000	286.000
612.000	391.000
613.000	598.000
614.000	756.000
615.000	1036.000
616.000	1290.000
617.000	1673.000
618.000	2173.000
619.000	2662.000
620.000	3150.000
621.000	3695.000
622.000	4041.000
623.000	4410.000
624.000	4687.000
625.000	4713.000
626.000	4781.000
627.000	4494.000
628.000	4266.000
629.000	3942.000
630.000	3488.000
631.000	2960.000
632.000	2493.000
633.000	1915.000
634.000	1565.000
635.000	1180.000
636.000	908.000
637.000	680.000
638.000	491.000
639.000	332.000
640.000	288.000
641.000	168.000
642.000	133.000
643.000	109.000
644.000	101.000
645.000	80.000
646.000	63.000
647.000	63.000
648.000	73.000
649.000	61.000
650.000	49.000
651.000	59.000
652.000	76.000
653.000	48.000
654.000	60.000
655.000	61.000
656.000	50.000
657.000	56.000
658.000	62.000
659.000	46.000
660.000	50.000
661.000	60.000
662.000	70.000
663.000	65.000
664.000	72.000
665.000	70.000
666.000	65.000
667.000	65.000
668.000	67.000
669.000	72.000
670.000	72.000
671.000	106.000
672.000	83.000
673.000	94.000
674.000	134.000
675.000	138.000
676.000	151.000
677.000	188.000
678.000	216.000
679.000	259.000
680.000	314.000
681.000	389.000
682.000	450.000
683.000	552.000
684.000	623.000
685.000	678.000
686.000	752.000
687.000	815.000
688.000	817.000
689.000	774.000
690.000	739.000
691.000	792.000
692.000	765.000
693.000	649.000
694.000	595.000
695.000	574.000
696.000	429.000
697.000	373.000
698.000	308.000
699.000	282.000
700.000	212.000
701.000	163.000
702.000	146.000
703.000	102.000
704.000	77.000
705.000	75.000
706.000	77.000
707.000	73.000
708.000	63.000
709.000	71.000
710.000	71.000
711.000	56.000
712.000	77.000
713.000	77.000
714.000	80.000
715.000	70.000
716.000	80.000
717.000	74.000
718.000	62.000
719.000	86.000
720.000	80.000
721.000	82.000
722.000	69.000
723.000	91.000
724.000	101.000
725.000	84.000
726.000	90.000
727.000	89.000
728.000	94.000
729.000	95.000
730.000	92.000
731.000	87.000
732.000	104.000
733.000	78.000
734.000	83.000
735.000	69.000
736.000	90.000
737.000	110.000
738.000	85.000
739.000	67.000
740.000	68.000
741.000	65.000
742.000	71.000
743.000	66.000
744.000	50.000
745.000	63.000
746.000	70.000
747.000	79.000
748.000	74.000
749.000	68.000
750.000	69.000
751.000	72.000
752.000	85.000
753.000	70.000
754.000	63.000
755.000	70.000
756.000	70.000
757.000	61.000
758.000	66.000
759.000	76.000
760.000	82.000
761.000	75.000
762.000	69.000
763.000	74.000
764.000	73.000
765.000	90.000
766.000	66.000
767.000	69.000
768.000	66.000
769.000	85.000
770.000	80.000
771.000	87.000
772.000	93.000
773.000	86.000
774.000	105.000
775.000	76.000
776.000	100.000
777.000	103.000
778.000	73.000
779.000	101.000
780.000	97.000
781.000	117.000
782.000	140.000
783.000	102.000
784.000	118.000
785.000	129.000
786.000	133.000
787.000	143.000
788.000	146.000
789.000	140.000
790.000	129.000
791.000	155.000
792.000	118.000
793.000	155.000
794.000	134.000
795.000	141.000
796.000	126.000
797.000	149.000
798.000	130.000
799.000	146.000
800.000	171.000
801.000	168.000
802.000	161.000
803.000	172.000
804.000	163.000
805.000	147.000
806.000	159.000
807.000	151.000
808.000	162.000
809.000	209.000
810.000	188.000
811.000	201.000
812.000	220.000
813.000	256.000
814.000	261.000
815.000	257.000
816.000	310.000
817.000	319.000
818.000	302.000
819.000	344.000
820.000	289.000
821.000	317.000
822.000	313.000
823.000	310.000
824.000	303.000
825.000	281.000
826.000	280.000
827.000	236.000
828.000	199.000
829.000	176.000
830.000	175.000
831.000	147.000
832.000	154.000
833.000	143.000
834.000	122.000
835.000	121.000
836.000	131.000
837.000	123.000
838.000	136.000
839.000	156.000
840.000	138.000
841.000	128.000
842.000	140.000
843.000	128.000
844.000	136.000
845.000	138.000
846.000	119.000
847.000	117.000
848.000	130.000
849.000	149.000
850.000	125.000
851.000	117.000
852.000	136.000
853.000	127.000
854.000	133.000
855.000	115.000
856.000	119.000
857.000	124.000
858.000	136.000
859.000	115.000
860.000	128.000
861.000	113.000
862.000	118.000
863.000	110.000
864.000	120.000
865.000	113.000
866.000	114.000
867.000	122.000
868.000	125.000
869.000	131.000
870.000	119.000
871.000	140.000
872.000	136.000
873.000	103.000
874.000	122.000
875.000	124.000
876.000	121.000
877.000	117.000
878.000	113.000
879.000	136.000
880.000	113.000
881.000	134.000
882.000	108.000
883.000	112.000
884.000	102.000
885.000	128.000
886.000	125.000
887.000	112.000
888.000	131.000
889.000	113.000
890.000	124.000
891.000	130.000
892.000	132.000
893.000	121.000
894.000	137.000
895.000	120.000
896.000	117.000
897.000	124.000
898.000	152.000
899.000	156.000
900.000	140.000
901.000	154.000
902.000	166.000
903.000	166.000
904.000	142.000
905.000	166.000
906.000	171.000
907.000	168.000
908.000	154.000
909.000	160.000
910.000	163.000
911.000	157.000
912.000	154.000
913.000	171.000
914.000	192.000
915.000	176.000
916.000	182.000
917.000	156.000
918.000	187.000
919.000	181.000
920.000	171.000
921.000	185.000
922.000	148.000
923.000	186.000
924.000	186.000
925.000	190.000
926.000	190.000
927.000	194.000
928.000	184.000
929.000	229.000
930.000	208.000
931.000	212.000
932.000	183.000
933.000	193.000
934.000	209.000
935.000	232.000
936.000	225.000
937.000	233.000
938.000	229.000
939.000	284.000
940.000	274.000
941.000	220.000
942.000	253.000
943.000	294.000
944.000	267.000
945.000	250.000
946.000	228.000
947.000	254.000
948.000	211.000
949.000	230.000
950.000	259.000
951.000	212.000
952.000	207.000
953.000	234.000
954.000	215.000
955.000	240.000
956.000	184.000
957.000	189.000
958.000	194.000
959.000	168.000
960.000	184.000
961.000	181.000
962.000	169.000
963.000	147.000
964.000	155.000
965.000	155.000
966.000	182.000
967.000	173.000
968.000	182.000
969.000	183.000
970.000	195.000
971.000	201.000
972.000	178.000
973.000	202.000
974.000	197.000
975.000	168.000
976.000	180.000
977.000	158.000
978.000	155.000
979.000	147.000
980.000	172.000
981.000	170.000
982.000	129.000
983.000	176.000
984.000	150.000
985.000	144.000
986.000	166.000
987.000	151.000
988.000	153.000
989.000	147.000
990.000	144.000
991.000	161.000
992.000	157.000
993.000	161.000
994.000	144.000
995.000	156.000
996.000	156.000
997.000	152.000
998.000	129.000
999.000	135.000
1000.000	139.000
1001.000	146.000
1002.000	152.000
1003.000	128.000
1004.000	126.000
1005.000	139.000
1006.000	140.000
1007.000	129.000
1008.000	114.000
1009.000	132.000
1010.000	143.000
1011.000	141.000
1012.000	113.000
1013.000	127.000
1014.000	134.000
1015.000	145.000
1016.000	157.000
1017.000	118.000
1018.000	125.000
1019.000	139.000
1020.000	136.000
1021.000	154.000
1022.000	131.000
1023.000	136.000
1024.000	127.000
1025.000	135.000
1026.000	151.000
1027.000	147.000
1028.000	145.000
1029.000	142.000
1030.000	134.000
1031.000	169.000
1032.000	138.000
1033.000	129.000
1034.000	136.000
1035.000	144.000
1036.000	148.000
1037.000	160.000
1038.000	145.000
1039.000	158.000
1040.000	162.000
1041.000	151.000
1042.000	133.000
1043.000	168.000
1044.000	153.000
1045.000	142.000
1046.000	157.000
1047.000	132.000
1048.000	159.000
1049.000	149.000
1050.000	149.000
1051.000	147.000
1052.000	154.000
1053.000	149.000
1054.000	174.000
1055.000	166.000
1056.000	161.000
1057.000	156.000
1058.000	173.000
1059.000	160.000
1060.000	165.000
1061.000	156.000
1062.000	146.000
1063.000	151.000
1064.000	161.000
1065.000	170.000
1066.000	160.000
1067.000	166.000
1068.000	148.000
1069.000	155.000
1070.000	175.000
1071.000	154.000
1072.000	143.000
1073.000	156.000
1074.000	154.000
1075.000	151.000
1076.000	167.000
1077.000	164.000
1078.000	160.000
1079.000	171.000
1080.000	141.000
1081.000	147.000
1082.000	165.000
1083.000	173.000
1084.000	167.000
1085.000	162.000
1086.000	158.000
1087.000	169.000
1088.000	155.000
1089.000	147.000
1090.000	204.000
1091.000	166.000
1092.000	179.000
1093.000	163.000
1094.000	171.000
1095.000	160.000
1096.000	176.000
1097.000	173.000
1098.000	192.000
1099.000	160.000
1100.000	166.000
1101.000	170.000
1102.000	162.000
1103.000	165.000
1104.000	193.000
1105.000	172.000
1106.000	163.000
1107.000	155.000
1108.000	176.000
1109.000	191.000
1110.000	159.000
1111.000	175.000
1112.000	148.000
1113.000	168.000
1114.000	186.000
1115.000	124.000
1116.000	162.000
1117.000	147.000
1118.000	150.000
1119.000	160.000
1120.000	147.000
1121.000	158.000
1122.000	142.000
1123.000	172.000
1124.000	168.000
1125.000	159.000
1126.000	197.000
1127.000	171.000
1128.000	152.000
1129.000	146.000
1130.000	145.000
1131.000	171.000
1132.000	164.000
1133.000	165.000
1134.000	158.000
1135.000	194.000
1136.000	181.000
1137.000	167.000
1138.000	163.000
1139.000	178.000
1140.000	156.000
1141.000	186.000
1142.000	148.000
1143.000	174.000
1144.000	163.000
1145.000	162.000
1146.000	169.000
1147.000	153.000
1148.000	173.000
1149.000	175.000
1150.000	158.000
1151.000	183.000
1152.000	185.000
1153.000	167.000
1154.000	186.000
1155.000	185.000
1156.000	181.000
1157.000	185.000
1158.000	206.000
1159.000	184.000
1160.000	178.000
1161.000	159.000
1162.000	188.000
1163.000	185.000
1164.000	184.000
1165.000	173.000
1166.000	200.000
1167.000	153.000
1168.000	174.000
1169.000	206.000
1170.000	208.000
1171.000	165.000
1172.000	168.000
1173.000	194.000
1174.000	176.000
1175.000	177.000
1176.000	164.000
1177.000	168.000
1178.000	178.000
1179.000	189.000
1180.000	153.000
1181.000	141.000
1182.000	147.000
1183.000	159.000
1184.000	150.000
1185.000	172.000
1186.000	155.000
1187.000	131.000
1188.000	171.000
1189.000	174.000
1190.000	170.000
1191.000	155.000
1192.000	151.000
1193.000	165.000
1194.000	158.000
1195.000	162.000
1196.000	149.000
1197.000	173.000
1198.000	158.000
1199.000	142.000
1200.000	187.000
1201.000	170.000
1202.000	159.000
1203.000	163.000
1204.000	164.000
1205.000	134.000
1206.000	150.000
1207.000	150.000
1208.000	170.000
1209.000	181.000
1210.000	167.000
1211.000	152.000
1212.000	167.000
1213.000	160.000
1214.000	169.000
1215.000	156.000
1216.000	171.000
1217.000	168.000
1218.000	180.000
1219.000	154.000
1220.000	173.000
1221.000	160.000
1222.000	159.000
1223.000	167.000
1224.000	173.000
1225.000	160.000
1226.000	181.000
1227.000	156.000
1228.000	180.000
1229.000	180.000
1230.000	171.000
1231.000	179.000
1232.000	161.000
1233.000	161.000
1234.000	192.000
1235.000	183.000
1236.000	168.000
1237.000	164.000
1238.000	209.000
1239.000	169.000
1240.000	145.000
1241.000	169.000
1242.000	156.000
1243.000	187.000
1244.000	149.000
1245.000	163.000
1246.000	164.000
1247.000	157.000
1248.000	150.000
1249.000	172.000
1250.000	181.000
1251.000	174.000
1252.000	175.000
1253.000	171.000
1254.000	164.000
1255.000	177.000
1256.000	172.000
1257.000	172.000
1258.000	151.000
1259.000	170.000
1260.000	188.000
1261.000	170.000
1262.000	158.000
1263.000	153.000
1264.000	165.000
1265.000	160.000
1266.000	147.000
1267.000	167.000
1268.000	161.000
1269.000	141.000
1270.000	157.000
1271.000	174.000
1272.000	157.000
1273.000	169.000
1274.000	149.000
1275.000	159.000
1276.000	164.000
1277.000	155.000
1278.000	167.000
1279.000	176.000
1280.000	157.000
1281.000	154.000
1282.000	183.000
1283.000	155.000
1284.000	200.000
1285.000	164.000
1286.000	161.000
1287.000	158.000
1288.000	168.000
1289.000	165.000
1290.000	185.000
1291.000	184.000
1292.000	172.000
1293.000	181.000
1294.000	202.000
1295.000	186.000
1296.000	198.000
1297.000	175.000
1298.000	181.000
1299.000	191.000
1300.000	211.000
1301.000	195.000
1302.000	186.000
1303.000	183.000
1304.000	194.000
1305.000	204.000
1306.000	200.000
1307.000	203.000
1308.000	189.000
1309.000	179.000
1310.000	193.000
1311.000	183.000
1312.000	191.000
1313.000	166.000
1314.000	174.000
1315.000	185.000
1316.000	159.000
1317.000	181.000
1318.000	174.000
1319.000	168.000
1320.000	164.000
1321.000	187.000
1322.000	181.000
1323.000	196.000
1324.000	179.000
1325.000	174.000
1326.000	160.000
1327.000	181.000
1328.000	158.000
1329.000	177.000
1330.000	178.000
1331.000	154.000
1332.000	183.000
1333.000	175.000
1334.000	184.000
1335.000	194.000
1336.000	187.000
1337.000	195.000
1338.000	165.000
1339.000	186.000
1340.000	192.000
1341.000	177.000
1342.000	181.000
1343.000	185.000
1344.000	164.000
1345.000	162.000
1346.000	182.000
1347.000	191.000
1348.000	206.000
1349.000	180.000
1350.000	168.000
1351.000	178.000
1352.000	200.000
1353.000	176.000
1354.000	197.000
1355.000	184.000
1356.000	184.000
1357.000	183.000
1358.000	218.000
1359.000	274.000
1360.000	206.000
1361.000	232.000
1362.000	268.000
1363.000	298.000
1364.000	332.000
1365.000	387.000
1366.000	427.000
1367.000	463.000
1368.000	578.000
1369.000	548.000
1370.000	616.000
1371.000	684.000
1372.000	726.000
1373.000	755.000
1374.000	795.000
1375.000	892.000
1376.000	930.000
1377.000	867.000
1378.000	942.000
1379.000	927.000
1380.000	975.000
1381.000	948.000
1382.000	942.000
1383.000	888.000
1384.000	793.000
1385.000	794.000
1386.000	812.000
1387.000	762.000
1388.000	678.000
1389.000	575.000
1390.000	562.000
1391.000	530.000
1392.000	456.000
1393.000	400.000
1394.000	380.000
1395.000	338.000
1396.000	270.000
1397.000	311.000
1398.000	275.000
1399.000	235.000
1400.000	219.000
1401.000	206.000
1402.000	190.000
1403.000	198.000
1404.000	156.000
1405.000	167.000
1406.000	175.000
1407.000	169.000
1408.000	180.000
1409.000	192.000
1410.000	167.000
1411.000	156.000
1412.000	162.000
1413.000	176.000
1414.000	192.000
1415.000	171.000
1416.000	188.000
1417.000	189.000
1418.000	176.000
1419.000	162.000
1420.000	182.000
1421.000	189.000
1422.000	150.000
1423.000	178.000
1424.000	176.000
1425.000	163.000
1426.000	165.000
1427.000	166.000
1428.000	160.000
1429.000	172.000
1430.000	149.000
1431.000	182.000
1432.000	188.000
1433.000	172.000
1434.000	182.000
1435.000	192.000
1436.000	195.000
1437.000	158.000
1438.000	151.000
1439.000	168.000
1440.000	181.000
1441.000	188.000
1442.000	172.000
1443.000	175.000
1444.000	182.000
1445.000	172.000
1446.000	161.000
1447.000	168.000
1448.000	162.000
1449.000	189.000
1450.000	175.000
1451.000	180.000
1452.000	180.000
1453.000	190.000
1454.000	187.000
1455.000	201.000
1456.000	181.000
1457.000	203.000
1458.000	218.000
1459.000	181.000
1460.000	172.000
1461.000	187.000
1462.000	177.000
1463.000	185.000
1464.000	217.000
1465.000	180.000
1466.000	198.000
1467.000	194.000
1468.000	190.000
1469.000	172.000
1470.000	185.000
1471.000	184.000
1472.000	158.000
1473.000	180.000
1474.000	181.000
1475.000	185.000
1476.000	188.000
1477.000	176.000
1478.000	155.000
1479.000	173.000
1480.000	160.000
1481.000	163.000
1482.000	197.000
1483.000	186.000
1484.000	160.000
1485.000	169.000
1486.000	166.000
1487.000	172.000
1488.000	175.000
1489.000	178.000
1490.000	190.000
1491.000	158.000
1492.000	177.000
1493.000	160.000
1494.000	176.000
1495.000	160.000
1496.000	159.000
1497.000	200.000
1498.000	190.000
1499.000	209.000
1500.000	169.000
1501.000	200.000
1502.000	176.000
1503.000	169.000
1504.000	173.000
1505.000	197.000
1506.000	186.000
1507.000	157.000
1508.000	184.000
1509.000	172.000
1510.000	177.000
1511.000	189.000
1512.000	203.000
1513.000	200.000
1514.000	171.000
1515.000	173.000
1516.000	180.000
1517.000	191.000
1518.000	194.000
1519.000	186.000
1520.000	217.000
1521.000	218.000
1522.000	193.000
1523.000	188.000
1524.000	220.000
1525.000	218.000
1526.000	216.000
1527.000	250.000
1528.000	244.000
1529.000	233.000
1530.000	218.000
1531.000	259.000
1532.000	264.000
1533.000	246.000
1534.000	281.000
1535.000	281.000
1536.000	281.000
1537.000	300.000
1538.000	311.000
1539.000	330.000
1540.000	320.000
1541.000	338.000
1542.000	346.000
1543.000	336.000
1544.000	354.000
1545.000	359.000
1546.000	356.000
1547.000	362.000
1548.000	341.000
1549.000	318.000
1550.000	324.000
1551.000	317.000
1552.000	298.000
1553.000	317.000
1554.000	282.000
1555.000	262.000
1556.000	285.000
1557.000	295.000
1558.000	252.000
1559.000	275.000
1560.000	273.000
1561.000	272.000
1562.000	255.000
1563.000	309.000
1564.000	311.000
1565.000	262.000
1566.000	279.000
1567.000	278.000
1568.000	288.000
1569.000	306.000
1570.000	303.000
1571.000	332.000
1572.000	306.000
1573.000	313.000
1574.000	302.000
1575.000	341.000
1576.000	321.000
1577.000	319.000
1578.000	346.000
1579.000	386.000
1580.000	328.000
1581.000	377.000
1582.000	367.000
1583.000	408.000
1584.000	405.000
1585.000	389.000
1586.000	478.000
1587.000	454.000
1588.000	415.000
1589.000	511.000
1590.000	471.000
1591.000	465.000
1592.000	458.000
1593.000	547.000
1594.000	552.000
1595.000	534.000
1596.000	516.000
1597.000	540.000
1598.000	550.000
1599.000	602.000
1600.000	580.000
1601.000	565.000
1602.000	622.000
1603.000	560.000
1604.000	646.000
1605.000	586.000
1606.000	617.000
1607.000	628.000
1608.000	583.000
1609.000	603.000
1610.000	604.000
1611.000	591.000
1612.000	589.000
1613.000	625.000
1614.000	536.000
1615.000	588.000
1616.000	560.000
1617.000	574.000
1618.000	614.000
1619.000	493.000
1620.000	543.000
1621.000	497.000
1622.000	540.000
1623.000	490.000
1624.000	453.000
1625.000	472.000
1626.000	487.000
1627.000	461.000
1628.000	439.000
1629.000	450.000
1630.000	424.000
1631.000	463.000
1632.000	400.000
1633.000	421.000
1634.000	396.000
1635.000	355.000
1636.000	344.000
1637.000	362.000
1638.000	350.000
1639.000	339.000
1640.000	352.000
1641.000	306.000
1642.000	306.000
1643.000	298.000
1644.000	283.000
1645.000	269.000
1646.000	253.000
1647.000	283.000
1648.000	284.000
1649.000	254.000
1650.000	232.000
1651.000	236.000
1652.000	235.000
1653.000	223.000
1654.000	233.000
1655.000	213.000
1656.000	221.000
1657.000	239.000
1658.000	192.000
1659.000	201.000
1660.000	199.000
1661.000	200.000
1662.000	204.000
1663.000	217.000
1664.000	181.000
1665.000	169.000
1666.000	189.000
1667.000	157.000
1668.000	177.000
1669.000	180.000
1670.000	197.000
1671.000	182.000
1672.000	181.000
1673.000	176.000
1674.000	184.000
1675.000	162.000
1676.000	188.000
1677.000	212.000
1678.000	219.000
1679.000	204.000
1680.000	226.000
1681.000	239.000
1682.000	228.000
1683.000	259.000
1684.000	246.000
1685.000	261.000
1686.000	290.000
1687.000	307.000
1688.000	329.000
1689.000	373.000
1690.000	409.000
1691.000	433.000
1692.000	431.000
1693.000	453.000
1694.000	460.000
1695.000	467.000
1696.000	514.000
1697.000	504.000
1698.000	530.000
1699.000	538.000
1700.000	510.000
1701.000	528.000
1702.000	538.000
1703.000	559.000
1704.000	551.000
1705.000	571.000
1706.000	501.000
1707.000	503.000
1708.000	484.000
1709.000	429.000
1710.000	435.000
1711.000	403.000
1712.000	356.000
1713.000	365.000
1714.000	312.000
1715.000	278.000
1716.000	284.000
1717.000	249.000
1718.000	257.000
1719.000	229.000
1720.000	224.000
1721.000	189.000
1722.000	178.000
1723.000	196.000
1724.000	147.000
1725.000	175.000
1726.000	154.000
1727.000	140.000
1728.000	157.000
1729.000	135.000
1730.000	139.000
1731.000	144.000
1732.000	146.000
1733.000	144.000
1734.000	148.000
1735.000	138.000
1736.000	138.000
1737.000	168.000
1738.000	132.000
1739.000	149.000
1740.000	121.000
1741.000	131.000
1742.000	136.000
1743.000	132.000
1744.000	151.000
1745.000	132.000
1746.000	145.000
1747.000	149.000
1748.000	158.000
1749.000	144.000
1750.000	129.000
1751.000	155.000
1752.000	166.000
1753.000	136.000
1754.000	162.000
1755.000	132.000
1756.000	124.000
1757.000	160.000
1758.000	147.000
1759.000	147.000
1760.000	151.000
1761.000	168.000
1762.000	134.000
1763.000	135.000
1764.000	161.000
1765.000	151.000
1766.000	163.000
1767.000	145.000
1768.000	146.000
1769.000	151.000
1770.000	169.000
1771.000	172.000
1772.000	162.000
1773.000	159.000
1774.000	175.000
1775.000	183.000
1776.000	185.000
1777.000	178.000
1778.000	168.000
1779.000	167.000
1780.000	187.000
1781.000	164.000
1782.000	205.000
1783.000	203.000
1784.000	182.000
1785.000	172.000
1786.000	177.000
1787.000	190.000
1788.000	191.000
1789.000	197.000
1790.000	212.000
1791.000	193.000
1792.000	186.000
1793.000	198.000
1794.000	177.000
1795.000	177.000
1796.000	184.000
1797.000	207.000
1798.000	211.000
1799.000	173.000
1800.000	199.000
1801.000	199.000
1802.000	191.000
1803.000	205.000
1804.000	207.000
1805.000	195.000
1806.000	161.000
1807.000	167.000
1808.000	167.000
1809.000	166.000
1810.000	182.000
1811.000	164.000
1812.000	167.000
1813.000	149.000
1814.000	169.000
1815.000	173.000
1816.000	147.000
1817.000	143.000
1818.000	143.000
1819.000	135.000
1820.000	160.000
1821.000	146.000
1822.000	151.000
1823.000	144.000
1824.000	146.000
1825.000	131.000
1826.000	129.000
1827.000	128.000
1828.000	133.000
1829.000	114.000
1830.000	125.000
1831.000	129.000
1832.000	135.000
1833.000	106.000
1834.000	136.000
1835.000	110.000
1836.000	125.000
1837.000	120.000
1838.000	108.000
1839.000	122.000
1840.000	104.000
1841.000	106.000
1842.000	98.000
1843.000	119.000
1844.000	103.000
1845.000	99.000
1846.000	110.000
1847.000	93.000
1848.000	82.000
1849.000	94.000
1850.000	97.000
1851.000	102.000
1852.000	76.000
1853.000	103.000
1854.000	98.000
1855.000	105.000
1856.000	88.000
1857.000	68.000
1858.000	96.000
1859.000	95.000
1860.000	88.000
1861.000	90.000
1862.000	79.000
1863.000	82.000
1864.000	65.000
1865.000	90.000
1866.000	80.000
1867.000	81.000
1868.000	83.000
1869.000	67.000
1870.000	77.000
1871.000	85.000
1872.000	72.000
1873.000	66.000
1874.000	67.000
1875.000	70.000
1876.000	80.000
1877.000	69.000
1878.000	73.000
1879.000	72.000
1880.000	78.000
1881.000	76.000
1882.000	89.000
1883.000	81.000
1884.000	71.000
1885.000	92.000
1886.000	86.000
1887.000	74.000
1888.000	81.000
1889.000	73.000
1890.000	66.000
1891.000	82.000
1892.000	74.000
1893.000	82.000
1894.000	60.000
1895.000	77.000
1896.000	83.000
1897.000	93.000
1898.000	89.000
1899.000	99.000
1900.000	76.000
1901.000	84.000
1902.000	109.000
1903.000	111.000
1904.000	126.000
1905.000	111.000
1906.000	99.000
1907.000	105.000
1908.000	126.000
1909.000	124.000
1910.000	119.000
1911.000	132.000
1912.000	119.000
1913.000	109.000
1914.000	129.000
1915.000	104.000
1916.000	114.000
1917.000	126.000
1918.000	96.000
1919.000	121.000
1920.000	105.000
1921.000	75.000
1922.000	88.000
1923.000	94.000
1924.000	80.000
1925.000	83.000
1926.000	95.000
1927.000	67.000
1928.000	81.000
1929.000	57.000
1930.000	56.000
1931.000	65.000
1932.000	69.000
1933.000	74.000
1934.000	64.000
1935.000	75.000
1936.000	66.000
1937.000	74.000
1938.000	69.000
1939.000	62.000
1940.000	74.000
1941.000	69.000
1942.000	76.000
1943.000	59.000
1944.000	70.000
1945.000	58.000
1946.000	54.000
1947.000	69.000
1948.000	62.000
1949.000	73.000
1950.000	71.000
1951.000	67.000
1952.000	65.000
1953.000	55.000
1954.000	55.000
1955.000	60.000
1956.000	67.000
1957.000	62.000
1958.000	54.000
1959.000	60.000
1960.000	50.000
1961.000	58.000
1962.000	53.000
1963.000	52.000
1964.000	47.000
1965.000	45.000
1966.000	53.000
1967.000	44.000
1968.000	43.000
1969.000	54.000
1970.000	40.000
1971.000	60.000
1972.000	40.000
1973.000	54.000
1974.000	48.000
1975.000	39.000
1976.000	45.000
1977.000	57.000
1978.000	49.000
1979.000	53.000
1980.000	42.000
1981.000	60.000
1982.000	72.000
1983.000	43.000
1984.000	60.000
1985.000	65.000
1986.000	67.000
1987.000	55.000
1988.000	51.000
1989.000	57.000
1990.000	44.000
1991.000	49.000
1992.000	51.000
1993.000	57.000
1994.000	44.000
1995.000	52.000
1996.000	52.000
1997.000	39.000
1998.000	45.000
1999.000	36.000
2000.000	42.000
2001.000	51.000
2002.000	51.000
2003.000	45.000
2004.000	49.000
2005.000	42.000
2006.000	44.000
2007.000	45.000
2008.000	43.000
2009.000	48.000
2010.000	53.000
2011.000	52.000
2012.000	38.000
2013.000	52.000
2014.000	55.000
2015.000	49.000
2016.000	49.000
2017.000	57.000
2018.000	58.000
2019.000	38.000
2020.000	49.000
2021.000	54.000
2022.000	48.000
2023.000	57.000
2024.000	53.000
2025.000	47.000
2026.000	46.000
2027.000	40.000
2028.000	47.000
2029.000	50.000
2030.000	47.000
2031.000	39.000
2032.000	50.000
2033.000	55.000
2034.000	39.000
2035.000	50.000
2036.000	55.000
2037.000	46.000
2038.000	60.000
2039.000	46.000
2040.000	45.000
2041.000	43.000
2042.000	47.000
2043.000	44.000
2044.000	48.000
2045.000	53.000
2046.000	48.000
2047.000	46.000
2048.000	0.000
