Date:	23-Sep-20		Time:	8:08 PM		Version no:	0.00		Project name:	55		Sample name:	222		Section name:	section		Position	700.745018	mm	E0	0.000000	keV	E1	1.000000	keV/channel	sample surface	7.813857	cm	Tube anode:	Mo		Tube voltage:	30	kV	Tube current:	30	mA	gain	15		std. database			resultfile	result		matrix element	11		sample thickness	1.000000		air passage	0.560000	cm	comments	in position		peaking_time	0.300000	m-sec	trigger_threshold	40.000000	V	mca_bin_width	2.000000	no:	number_mca_channels	2048.000000	no:	gap_time	2048.000000	m-sec	trigger_peaking_time	2048.000000	m-sec	GAINDAC	400		HIGHGAIN	400		TAURC	400		RCTAU	400		RCTAUFRAC	400		livetime	13.496379	seconds	runtime	15.000075	seconds	input_count_rate	49328.935698	cps	output_count_rate	44383.912893	cps	triggers	728337	seconds	events_in_run	651429	seconds	channel	content		1.000	0.000
2.000	0.000
3.000	0.000
4.000	0.000
5.000	0.000
6.000	0.000
7.000	0.000
8.000	0.000
9.000	0.000
10.000	0.000
11.000	0.000
12.000	0.000
13.000	0.000
14.000	0.000
15.000	0.000
16.000	0.000
17.000	0.000
18.000	0.000
19.000	0.000
20.000	0.000
21.000	0.000
22.000	0.000
23.000	0.000
24.000	0.000
25.000	0.000
26.000	0.000
27.000	0.000
28.000	0.000
29.000	0.000
30.000	0.000
31.000	0.000
32.000	1.000
33.000	1.000
34.000	1.000
35.000	0.000
36.000	0.000
37.000	0.000
38.000	1.000
39.000	1.000
40.000	0.000
41.000	0.000
42.000	0.000
43.000	1.000
44.000	2.000
45.000	0.000
46.000	0.000
47.000	1.000
48.000	1.000
49.000	1.000
50.000	1.000
51.000	1.000
52.000	1.000
53.000	4.000
54.000	7.000
55.000	5.000
56.000	5.000
57.000	4.000
58.000	6.000
59.000	19.000
60.000	27.000
61.000	24.000
62.000	22.000
63.000	29.000
64.000	32.000
65.000	29.000
66.000	15.000
67.000	28.000
68.000	22.000
69.000	35.000
70.000	22.000
71.000	16.000
72.000	27.000
73.000	20.000
74.000	30.000
75.000	23.000
76.000	24.000
77.000	26.000
78.000	31.000
79.000	16.000
80.000	31.000
81.000	24.000
82.000	16.000
83.000	28.000
84.000	19.000
85.000	20.000
86.000	33.000
87.000	30.000
88.000	32.000
89.000	18.000
90.000	26.000
91.000	17.000
92.000	18.000
93.000	20.000
94.000	28.000
95.000	17.000
96.000	22.000
97.000	23.000
98.000	18.000
99.000	20.000
100.000	23.000
101.000	22.000
102.000	16.000
103.000	19.000
104.000	22.000
105.000	17.000
106.000	24.000
107.000	17.000
108.000	17.000
109.000	14.000
110.000	17.000
111.000	25.000
112.000	14.000
113.000	19.000
114.000	18.000
115.000	19.000
116.000	25.000
117.000	26.000
118.000	15.000
119.000	22.000
120.000	16.000
121.000	23.000
122.000	23.000
123.000	15.000
124.000	23.000
125.000	11.000
126.000	31.000
127.000	18.000
128.000	21.000
129.000	15.000
130.000	18.000
131.000	13.000
132.000	15.000
133.000	11.000
134.000	13.000
135.000	12.000
136.000	9.000
137.000	19.000
138.000	18.000
139.000	14.000
140.000	20.000
141.000	26.000
142.000	22.000
143.000	17.000
144.000	24.000
145.000	21.000
146.000	24.000
147.000	33.000
148.000	20.000
149.000	23.000
150.000	32.000
151.000	12.000
152.000	21.000
153.000	12.000
154.000	13.000
155.000	22.000
156.000	17.000
157.000	18.000
158.000	14.000
159.000	13.000
160.000	9.000
161.000	14.000
162.000	15.000
163.000	14.000
164.000	15.000
165.000	25.000
166.000	29.000
167.000	41.000
168.000	51.000
169.000	35.000
170.000	51.000
171.000	42.000
172.000	43.000
173.000	28.000
174.000	47.000
175.000	35.000
176.000	34.000
177.000	15.000
178.000	28.000
179.000	28.000
180.000	33.000
181.000	48.000
182.000	48.000
183.000	55.000
184.000	83.000
185.000	117.000
186.000	153.000
187.000	187.000
188.000	225.000
189.000	245.000
190.000	299.000
191.000	333.000
192.000	300.000
193.000	258.000
194.000	234.000
195.000	174.000
196.000	142.000
197.000	102.000
198.000	67.000
199.000	39.000
200.000	39.000
201.000	33.000
202.000	22.000
203.000	15.000
204.000	16.000
205.000	18.000
206.000	17.000
207.000	11.000
208.000	17.000
209.000	14.000
210.000	14.000
211.000	13.000
212.000	15.000
213.000	21.000
214.000	21.000
215.000	26.000
216.000	24.000
217.000	25.000
218.000	41.000
219.000	41.000
220.000	49.000
221.000	47.000
222.000	45.000
223.000	55.000
224.000	40.000
225.000	49.000
226.000	61.000
227.000	40.000
228.000	37.000
229.000	30.000
230.000	26.000
231.000	23.000
232.000	15.000
233.000	17.000
234.000	14.000
235.000	11.000
236.000	16.000
237.000	17.000
238.000	12.000
239.000	19.000
240.000	14.000
241.000	14.000
242.000	17.000
243.000	13.000
244.000	20.000
245.000	15.000
246.000	15.000
247.000	25.000
248.000	33.000
249.000	32.000
250.000	61.000
251.000	66.000
252.000	86.000
253.000	121.000
254.000	136.000
255.000	140.000
256.000	142.000
257.000	171.000
258.000	169.000
259.000	129.000
260.000	136.000
261.000	112.000
262.000	104.000
263.000	81.000
264.000	45.000
265.000	43.000
266.000	22.000
267.000	19.000
268.000	18.000
269.000	23.000
270.000	24.000
271.000	23.000
272.000	24.000
273.000	31.000
274.000	28.000
275.000	35.000
276.000	34.000
277.000	33.000
278.000	24.000
279.000	25.000
280.000	38.000
281.000	25.000
282.000	37.000
283.000	39.000
284.000	41.000
285.000	67.000
286.000	76.000
287.000	70.000
288.000	74.000
289.000	85.000
290.000	92.000
291.000	90.000
292.000	90.000
293.000	64.000
294.000	72.000
295.000	50.000
296.000	42.000
297.000	36.000
298.000	35.000
299.000	24.000
300.000	26.000
301.000	28.000
302.000	25.000
303.000	22.000
304.000	31.000
305.000	22.000
306.000	32.000
307.000	28.000
308.000	26.000
309.000	31.000
310.000	35.000
311.000	38.000
312.000	44.000
313.000	40.000
314.000	70.000
315.000	63.000
316.000	75.000
317.000	93.000
318.000	116.000
319.000	133.000
320.000	171.000
321.000	176.000
322.000	222.000
323.000	260.000
324.000	272.000
325.000	276.000
326.000	254.000
327.000	238.000
328.000	203.000
329.000	175.000
330.000	145.000
331.000	102.000
332.000	87.000
333.000	73.000
334.000	45.000
335.000	39.000
336.000	38.000
337.000	36.000
338.000	42.000
339.000	39.000
340.000	40.000
341.000	55.000
342.000	81.000
343.000	95.000
344.000	126.000
345.000	172.000
346.000	266.000
347.000	358.000
348.000	564.000
349.000	855.000
350.000	1386.000
351.000	2142.000
352.000	3307.000
353.000	4928.000
354.000	6872.000
355.000	9630.000
356.000	12513.000
357.000	15392.000
358.000	18754.000
359.000	21189.000
360.000	23144.000
361.000	24489.000
362.000	23724.000
363.000	22547.000
364.000	20367.000
365.000	17480.000
366.000	14618.000
367.000	11491.000
368.000	8485.000
369.000	6050.000
370.000	4174.000
371.000	2796.000
372.000	1753.000
373.000	1086.000
374.000	667.000
375.000	419.000
376.000	277.000
377.000	208.000
378.000	202.000
379.000	219.000
380.000	246.000
381.000	319.000
382.000	453.000
383.000	588.000
384.000	828.000
385.000	1100.000
386.000	1453.000
387.000	1835.000
388.000	2152.000
389.000	2672.000
390.000	3223.000
391.000	3380.000
392.000	3574.000
393.000	3658.000
394.000	3394.000
395.000	3169.000
396.000	2810.000
397.000	2538.000
398.000	2138.000
399.000	1612.000
400.000	1152.000
401.000	842.000
402.000	580.000
403.000	396.000
404.000	267.000
405.000	146.000
406.000	85.000
407.000	61.000
408.000	29.000
409.000	23.000
410.000	22.000
411.000	14.000
412.000	10.000
413.000	8.000
414.000	6.000
415.000	9.000
416.000	9.000
417.000	9.000
418.000	7.000
419.000	4.000
420.000	11.000
421.000	11.000
422.000	7.000
423.000	9.000
424.000	6.000
425.000	12.000
426.000	10.000
427.000	10.000
428.000	13.000
429.000	15.000
430.000	13.000
431.000	19.000
432.000	37.000
433.000	48.000
434.000	44.000
435.000	56.000
436.000	84.000
437.000	81.000
438.000	108.000
439.000	94.000
440.000	106.000
441.000	132.000
442.000	124.000
443.000	103.000
444.000	108.000
445.000	86.000
446.000	89.000
447.000	59.000
448.000	49.000
449.000	44.000
450.000	28.000
451.000	21.000
452.000	30.000
453.000	29.000
454.000	30.000
455.000	14.000
456.000	27.000
457.000	21.000
458.000	27.000
459.000	19.000
460.000	16.000
461.000	13.000
462.000	19.000
463.000	18.000
464.000	15.000
465.000	13.000
466.000	8.000
467.000	9.000
468.000	17.000
469.000	11.000
470.000	12.000
471.000	15.000
472.000	12.000
473.000	17.000
474.000	16.000
475.000	23.000
476.000	30.000
477.000	25.000
478.000	25.000
479.000	26.000
480.000	38.000
481.000	30.000
482.000	33.000
483.000	38.000
484.000	31.000
485.000	30.000
486.000	24.000
487.000	30.000
488.000	26.000
489.000	18.000
490.000	17.000
491.000	18.000
492.000	24.000
493.000	14.000
494.000	17.000
495.000	8.000
496.000	17.000
497.000	7.000
498.000	13.000
499.000	14.000
500.000	11.000
501.000	13.000
502.000	12.000
503.000	20.000
504.000	19.000
505.000	15.000
506.000	17.000
507.000	18.000
508.000	17.000
509.000	21.000
510.000	16.000
511.000	20.000
512.000	28.000
513.000	11.000
514.000	27.000
515.000	19.000
516.000	27.000
517.000	20.000
518.000	22.000
519.000	27.000
520.000	17.000
521.000	20.000
522.000	36.000
523.000	34.000
524.000	24.000
525.000	38.000
526.000	31.000
527.000	43.000
528.000	35.000
529.000	38.000
530.000	47.000
531.000	44.000
532.000	31.000
533.000	28.000
534.000	37.000
535.000	24.000
536.000	31.000
537.000	24.000
538.000	27.000
539.000	19.000
540.000	31.000
541.000	30.000
542.000	19.000
543.000	18.000
544.000	16.000
545.000	18.000
546.000	25.000
547.000	13.000
548.000	24.000
549.000	18.000
550.000	30.000
551.000	24.000
552.000	14.000
553.000	26.000
554.000	30.000
555.000	26.000
556.000	25.000
557.000	29.000
558.000	37.000
559.000	24.000
560.000	29.000
561.000	26.000
562.000	33.000
563.000	34.000
564.000	35.000
565.000	29.000
566.000	43.000
567.000	38.000
568.000	46.000
569.000	50.000
570.000	59.000
571.000	57.000
572.000	68.000
573.000	67.000
574.000	78.000
575.000	75.000
576.000	61.000
577.000	65.000
578.000	87.000
579.000	75.000
580.000	72.000
581.000	68.000
582.000	51.000
583.000	51.000
584.000	37.000
585.000	34.000
586.000	26.000
587.000	35.000
588.000	33.000
589.000	30.000
590.000	27.000
591.000	22.000
592.000	19.000
593.000	24.000
594.000	22.000
595.000	30.000
596.000	25.000
597.000	31.000
598.000	27.000
599.000	34.000
600.000	27.000
601.000	28.000
602.000	32.000
603.000	27.000
604.000	47.000
605.000	35.000
606.000	41.000
607.000	68.000
608.000	73.000
609.000	86.000
610.000	133.000
611.000	172.000
612.000	241.000
613.000	364.000
614.000	458.000
615.000	642.000
616.000	832.000
617.000	1039.000
618.000	1300.000
619.000	1598.000
620.000	1924.000
621.000	2286.000
622.000	2405.000
623.000	2609.000
624.000	2940.000
625.000	2872.000
626.000	2833.000
627.000	2783.000
628.000	2612.000
629.000	2389.000
630.000	2130.000
631.000	1832.000
632.000	1496.000
633.000	1226.000
634.000	949.000
635.000	723.000
636.000	548.000
637.000	379.000
638.000	313.000
639.000	227.000
640.000	189.000
641.000	110.000
642.000	95.000
643.000	83.000
644.000	70.000
645.000	61.000
646.000	54.000
647.000	46.000
648.000	48.000
649.000	51.000
650.000	58.000
651.000	53.000
652.000	53.000
653.000	34.000
654.000	40.000
655.000	56.000
656.000	63.000
657.000	47.000
658.000	56.000
659.000	60.000
660.000	59.000
661.000	63.000
662.000	54.000
663.000	49.000
664.000	55.000
665.000	67.000
666.000	70.000
667.000	68.000
668.000	63.000
669.000	69.000
670.000	60.000
671.000	91.000
672.000	67.000
673.000	82.000
674.000	92.000
675.000	105.000
676.000	114.000
677.000	120.000
678.000	164.000
679.000	201.000
680.000	226.000
681.000	230.000
682.000	318.000
683.000	365.000
684.000	389.000
685.000	433.000
686.000	481.000
687.000	470.000
688.000	493.000
689.000	471.000
690.000	509.000
691.000	424.000
692.000	482.000
693.000	435.000
694.000	388.000
695.000	351.000
696.000	298.000
697.000	234.000
698.000	237.000
699.000	176.000
700.000	166.000
701.000	140.000
702.000	98.000
703.000	93.000
704.000	85.000
705.000	85.000
706.000	61.000
707.000	68.000
708.000	54.000
709.000	65.000
710.000	61.000
711.000	61.000
712.000	62.000
713.000	73.000
714.000	63.000
715.000	81.000
716.000	74.000
717.000	79.000
718.000	70.000
719.000	81.000
720.000	83.000
721.000	96.000
722.000	88.000
723.000	76.000
724.000	87.000
725.000	87.000
726.000	95.000
727.000	80.000
728.000	107.000
729.000	78.000
730.000	72.000
731.000	90.000
732.000	98.000
733.000	78.000
734.000	78.000
735.000	86.000
736.000	79.000
737.000	74.000
738.000	74.000
739.000	63.000
740.000	82.000
741.000	58.000
742.000	66.000
743.000	51.000
744.000	74.000
745.000	69.000
746.000	49.000
747.000	70.000
748.000	58.000
749.000	70.000
750.000	61.000
751.000	66.000
752.000	64.000
753.000	94.000
754.000	65.000
755.000	80.000
756.000	89.000
757.000	67.000
758.000	65.000
759.000	81.000
760.000	59.000
761.000	65.000
762.000	66.000
763.000	56.000
764.000	84.000
765.000	57.000
766.000	67.000
767.000	76.000
768.000	78.000
769.000	72.000
770.000	76.000
771.000	73.000
772.000	91.000
773.000	82.000
774.000	84.000
775.000	75.000
776.000	90.000
777.000	97.000
778.000	94.000
779.000	99.000
780.000	109.000
781.000	96.000
782.000	111.000
783.000	105.000
784.000	127.000
785.000	114.000
786.000	132.000
787.000	128.000
788.000	132.000
789.000	107.000
790.000	129.000
791.000	146.000
792.000	132.000
793.000	112.000
794.000	125.000
795.000	138.000
796.000	127.000
797.000	135.000
798.000	130.000
799.000	125.000
800.000	173.000
801.000	131.000
802.000	139.000
803.000	147.000
804.000	160.000
805.000	164.000
806.000	160.000
807.000	172.000
808.000	176.000
809.000	192.000
810.000	193.000
811.000	199.000
812.000	228.000
813.000	252.000
814.000	248.000
815.000	265.000
816.000	302.000
817.000	275.000
818.000	314.000
819.000	283.000
820.000	348.000
821.000	296.000
822.000	278.000
823.000	288.000
824.000	271.000
825.000	234.000
826.000	245.000
827.000	225.000
828.000	196.000
829.000	184.000
830.000	147.000
831.000	184.000
832.000	137.000
833.000	135.000
834.000	153.000
835.000	105.000
836.000	130.000
837.000	120.000
838.000	124.000
839.000	110.000
840.000	122.000
841.000	121.000
842.000	131.000
843.000	104.000
844.000	125.000
845.000	118.000
846.000	129.000
847.000	133.000
848.000	120.000
849.000	109.000
850.000	120.000
851.000	128.000
852.000	121.000
853.000	126.000
854.000	127.000
855.000	109.000
856.000	115.000
857.000	110.000
858.000	124.000
859.000	109.000
860.000	145.000
861.000	116.000
862.000	132.000
863.000	123.000
864.000	118.000
865.000	111.000
866.000	128.000
867.000	101.000
868.000	131.000
869.000	96.000
870.000	122.000
871.000	131.000
872.000	123.000
873.000	122.000
874.000	106.000
875.000	101.000
876.000	116.000
877.000	103.000
878.000	102.000
879.000	78.000
880.000	107.000
881.000	103.000
882.000	105.000
883.000	111.000
884.000	127.000
885.000	108.000
886.000	96.000
887.000	127.000
888.000	107.000
889.000	120.000
890.000	125.000
891.000	126.000
892.000	128.000
893.000	114.000
894.000	142.000
895.000	150.000
896.000	133.000
897.000	144.000
898.000	162.000
899.000	129.000
900.000	136.000
901.000	125.000
902.000	133.000
903.000	141.000
904.000	147.000
905.000	145.000
906.000	161.000
907.000	147.000
908.000	141.000
909.000	149.000
910.000	151.000
911.000	155.000
912.000	145.000
913.000	163.000
914.000	164.000
915.000	173.000
916.000	178.000
917.000	164.000
918.000	149.000
919.000	155.000
920.000	151.000
921.000	173.000
922.000	181.000
923.000	151.000
924.000	175.000
925.000	196.000
926.000	188.000
927.000	169.000
928.000	189.000
929.000	194.000
930.000	169.000
931.000	169.000
932.000	213.000
933.000	205.000
934.000	219.000
935.000	243.000
936.000	230.000
937.000	222.000
938.000	254.000
939.000	248.000
940.000	248.000
941.000	264.000
942.000	254.000
943.000	305.000
944.000	247.000
945.000	261.000
946.000	263.000
947.000	244.000
948.000	254.000
949.000	218.000
950.000	220.000
951.000	227.000
952.000	199.000
953.000	205.000
954.000	188.000
955.000	175.000
956.000	173.000
957.000	177.000
958.000	207.000
959.000	162.000
960.000	176.000
961.000	187.000
962.000	176.000
963.000	176.000
964.000	169.000
965.000	160.000
966.000	182.000
967.000	171.000
968.000	180.000
969.000	191.000
970.000	177.000
971.000	201.000
972.000	186.000
973.000	181.000
974.000	157.000
975.000	176.000
976.000	193.000
977.000	196.000
978.000	171.000
979.000	158.000
980.000	169.000
981.000	155.000
982.000	150.000
983.000	149.000
984.000	168.000
985.000	158.000
986.000	140.000
987.000	152.000
988.000	160.000
989.000	130.000
990.000	163.000
991.000	134.000
992.000	147.000
993.000	143.000
994.000	141.000
995.000	144.000
996.000	140.000
997.000	128.000
998.000	126.000
999.000	112.000
1000.000	115.000
1001.000	130.000
1002.000	142.000
1003.000	123.000
1004.000	122.000
1005.000	127.000
1006.000	117.000
1007.000	146.000
1008.000	104.000
1009.000	138.000
1010.000	115.000
1011.000	126.000
1012.000	117.000
1013.000	134.000
1014.000	132.000
1015.000	123.000
1016.000	141.000
1017.000	132.000
1018.000	146.000
1019.000	131.000
1020.000	126.000
1021.000	141.000
1022.000	121.000
1023.000	127.000
1024.000	142.000
1025.000	148.000
1026.000	143.000
1027.000	117.000
1028.000	125.000
1029.000	136.000
1030.000	131.000
1031.000	140.000
1032.000	126.000
1033.000	133.000
1034.000	137.000
1035.000	136.000
1036.000	149.000
1037.000	133.000
1038.000	140.000
1039.000	121.000
1040.000	147.000
1041.000	142.000
1042.000	149.000
1043.000	154.000
1044.000	171.000
1045.000	132.000
1046.000	157.000
1047.000	132.000
1048.000	134.000
1049.000	146.000
1050.000	164.000
1051.000	176.000
1052.000	175.000
1053.000	140.000
1054.000	144.000
1055.000	153.000
1056.000	147.000
1057.000	138.000
1058.000	173.000
1059.000	154.000
1060.000	154.000
1061.000	139.000
1062.000	157.000
1063.000	148.000
1064.000	156.000
1065.000	167.000
1066.000	146.000
1067.000	164.000
1068.000	148.000
1069.000	145.000
1070.000	166.000
1071.000	135.000
1072.000	143.000
1073.000	152.000
1074.000	166.000
1075.000	192.000
1076.000	138.000
1077.000	137.000
1078.000	138.000
1079.000	128.000
1080.000	172.000
1081.000	164.000
1082.000	145.000
1083.000	153.000
1084.000	185.000
1085.000	157.000
1086.000	131.000
1087.000	145.000
1088.000	163.000
1089.000	158.000
1090.000	170.000
1091.000	163.000
1092.000	144.000
1093.000	175.000
1094.000	146.000
1095.000	154.000
1096.000	167.000
1097.000	191.000
1098.000	160.000
1099.000	152.000
1100.000	160.000
1101.000	186.000
1102.000	191.000
1103.000	160.000
1104.000	177.000
1105.000	172.000
1106.000	157.000
1107.000	148.000
1108.000	152.000
1109.000	162.000
1110.000	153.000
1111.000	177.000
1112.000	148.000
1113.000	166.000
1114.000	191.000
1115.000	151.000
1116.000	157.000
1117.000	155.000
1118.000	156.000
1119.000	161.000
1120.000	137.000
1121.000	177.000
1122.000	152.000
1123.000	151.000
1124.000	154.000
1125.000	139.000
1126.000	158.000
1127.000	177.000
1128.000	147.000
1129.000	180.000
1130.000	182.000
1131.000	182.000
1132.000	170.000
1133.000	138.000
1134.000	175.000
1135.000	141.000
1136.000	163.000
1137.000	152.000
1138.000	159.000
1139.000	169.000
1140.000	143.000
1141.000	160.000
1142.000	153.000
1143.000	151.000
1144.000	163.000
1145.000	142.000
1146.000	185.000
1147.000	164.000
1148.000	163.000
1149.000	177.000
1150.000	155.000
1151.000	182.000
1152.000	164.000
1153.000	176.000
1154.000	157.000
1155.000	192.000
1156.000	162.000
1157.000	155.000
1158.000	201.000
1159.000	200.000
1160.000	172.000
1161.000	166.000
1162.000	167.000
1163.000	163.000
1164.000	176.000
1165.000	214.000
1166.000	186.000
1167.000	166.000
1168.000	184.000
1169.000	205.000
1170.000	178.000
1171.000	178.000
1172.000	156.000
1173.000	161.000
1174.000	169.000
1175.000	177.000
1176.000	146.000
1177.000	176.000
1178.000	155.000
1179.000	176.000
1180.000	166.000
1181.000	175.000
1182.000	153.000
1183.000	147.000
1184.000	160.000
1185.000	137.000
1186.000	154.000
1187.000	182.000
1188.000	157.000
1189.000	164.000
1190.000	161.000
1191.000	152.000
1192.000	158.000
1193.000	143.000
1194.000	165.000
1195.000	165.000
1196.000	147.000
1197.000	155.000
1198.000	146.000
1199.000	174.000
1200.000	150.000
1201.000	153.000
1202.000	164.000
1203.000	148.000
1204.000	147.000
1205.000	175.000
1206.000	165.000
1207.000	160.000
1208.000	161.000
1209.000	168.000
1210.000	179.000
1211.000	159.000
1212.000	141.000
1213.000	168.000
1214.000	202.000
1215.000	160.000
1216.000	148.000
1217.000	167.000
1218.000	152.000
1219.000	171.000
1220.000	157.000
1221.000	168.000
1222.000	150.000
1223.000	166.000
1224.000	159.000
1225.000	167.000
1226.000	160.000
1227.000	177.000
1228.000	157.000
1229.000	158.000
1230.000	162.000
1231.000	166.000
1232.000	196.000
1233.000	174.000
1234.000	171.000
1235.000	161.000
1236.000	206.000
1237.000	174.000
1238.000	151.000
1239.000	161.000
1240.000	177.000
1241.000	158.000
1242.000	164.000
1243.000	194.000
1244.000	175.000
1245.000	158.000
1246.000	166.000
1247.000	192.000
1248.000	161.000
1249.000	157.000
1250.000	187.000
1251.000	144.000
1252.000	170.000
1253.000	161.000
1254.000	183.000
1255.000	152.000
1256.000	142.000
1257.000	171.000
1258.000	157.000
1259.000	153.000
1260.000	195.000
1261.000	195.000
1262.000	175.000
1263.000	154.000
1264.000	161.000
1265.000	141.000
1266.000	155.000
1267.000	152.000
1268.000	154.000
1269.000	173.000
1270.000	182.000
1271.000	184.000
1272.000	158.000
1273.000	177.000
1274.000	162.000
1275.000	155.000
1276.000	169.000
1277.000	180.000
1278.000	159.000
1279.000	183.000
1280.000	150.000
1281.000	148.000
1282.000	152.000
1283.000	181.000
1284.000	145.000
1285.000	183.000
1286.000	151.000
1287.000	167.000
1288.000	160.000
1289.000	190.000
1290.000	154.000
1291.000	161.000
1292.000	168.000
1293.000	200.000
1294.000	169.000
1295.000	172.000
1296.000	170.000
1297.000	175.000
1298.000	189.000
1299.000	191.000
1300.000	160.000
1301.000	178.000
1302.000	174.000
1303.000	176.000
1304.000	177.000
1305.000	195.000
1306.000	179.000
1307.000	179.000
1308.000	170.000
1309.000	190.000
1310.000	172.000
1311.000	170.000
1312.000	172.000
1313.000	171.000
1314.000	185.000
1315.000	164.000
1316.000	158.000
1317.000	154.000
1318.000	166.000
1319.000	174.000
1320.000	136.000
1321.000	189.000
1322.000	162.000
1323.000	174.000
1324.000	169.000
1325.000	172.000
1326.000	175.000
1327.000	183.000
1328.000	167.000
1329.000	167.000
1330.000	175.000
1331.000	174.000
1332.000	178.000
1333.000	190.000
1334.000	169.000
1335.000	166.000
1336.000	181.000
1337.000	178.000
1338.000	181.000
1339.000	164.000
1340.000	155.000
1341.000	178.000
1342.000	178.000
1343.000	167.000
1344.000	159.000
1345.000	169.000
1346.000	186.000
1347.000	181.000
1348.000	175.000
1349.000	159.000
1350.000	173.000
1351.000	157.000
1352.000	184.000
1353.000	178.000
1354.000	191.000
1355.000	205.000
1356.000	205.000
1357.000	202.000
1358.000	212.000
1359.000	214.000
1360.000	249.000
1361.000	295.000
1362.000	290.000
1363.000	324.000
1364.000	345.000
1365.000	445.000
1366.000	446.000
1367.000	486.000
1368.000	555.000
1369.000	635.000
1370.000	595.000
1371.000	662.000
1372.000	762.000
1373.000	874.000
1374.000	858.000
1375.000	936.000
1376.000	1021.000
1377.000	943.000
1378.000	1004.000
1379.000	962.000
1380.000	1001.000
1381.000	1011.000
1382.000	996.000
1383.000	983.000
1384.000	1012.000
1385.000	894.000
1386.000	829.000
1387.000	771.000
1388.000	714.000
1389.000	616.000
1390.000	656.000
1391.000	551.000
1392.000	552.000
1393.000	450.000
1394.000	412.000
1395.000	382.000
1396.000	289.000
1397.000	282.000
1398.000	261.000
1399.000	249.000
1400.000	244.000
1401.000	213.000
1402.000	191.000
1403.000	191.000
1404.000	188.000
1405.000	172.000
1406.000	182.000
1407.000	174.000
1408.000	167.000
1409.000	186.000
1410.000	197.000
1411.000	170.000
1412.000	161.000
1413.000	184.000
1414.000	171.000
1415.000	149.000
1416.000	161.000
1417.000	149.000
1418.000	154.000
1419.000	148.000
1420.000	156.000
1421.000	159.000
1422.000	156.000
1423.000	157.000
1424.000	169.000
1425.000	180.000
1426.000	147.000
1427.000	190.000
1428.000	165.000
1429.000	162.000
1430.000	189.000
1431.000	161.000
1432.000	169.000
1433.000	178.000
1434.000	188.000
1435.000	171.000
1436.000	167.000
1437.000	163.000
1438.000	159.000
1439.000	177.000
1440.000	176.000
1441.000	160.000
1442.000	161.000
1443.000	185.000
1444.000	152.000
1445.000	164.000
1446.000	172.000
1447.000	179.000
1448.000	174.000
1449.000	180.000
1450.000	167.000
1451.000	188.000
1452.000	182.000
1453.000	185.000
1454.000	166.000
1455.000	190.000
1456.000	151.000
1457.000	174.000
1458.000	147.000
1459.000	172.000
1460.000	189.000
1461.000	183.000
1462.000	176.000
1463.000	176.000
1464.000	179.000
1465.000	158.000
1466.000	186.000
1467.000	140.000
1468.000	167.000
1469.000	173.000
1470.000	186.000
1471.000	167.000
1472.000	156.000
1473.000	147.000
1474.000	179.000
1475.000	173.000
1476.000	159.000
1477.000	169.000
1478.000	177.000
1479.000	173.000
1480.000	164.000
1481.000	173.000
1482.000	163.000
1483.000	198.000
1484.000	175.000
1485.000	183.000
1486.000	158.000
1487.000	180.000
1488.000	173.000
1489.000	164.000
1490.000	158.000
1491.000	168.000
1492.000	164.000
1493.000	178.000
1494.000	194.000
1495.000	180.000
1496.000	191.000
1497.000	170.000
1498.000	191.000
1499.000	165.000
1500.000	176.000
1501.000	161.000
1502.000	166.000
1503.000	171.000
1504.000	185.000
1505.000	195.000
1506.000	182.000
1507.000	192.000
1508.000	174.000
1509.000	168.000
1510.000	178.000
1511.000	184.000
1512.000	161.000
1513.000	182.000
1514.000	183.000
1515.000	199.000
1516.000	189.000
1517.000	197.000
1518.000	198.000
1519.000	206.000
1520.000	196.000
1521.000	200.000
1522.000	227.000
1523.000	213.000
1524.000	200.000
1525.000	187.000
1526.000	200.000
1527.000	193.000
1528.000	204.000
1529.000	223.000
1530.000	240.000
1531.000	260.000
1532.000	274.000
1533.000	241.000
1534.000	282.000
1535.000	270.000
1536.000	284.000
1537.000	317.000
1538.000	329.000
1539.000	351.000
1540.000	319.000
1541.000	314.000
1542.000	341.000
1543.000	364.000
1544.000	353.000
1545.000	338.000
1546.000	344.000
1547.000	318.000
1548.000	359.000
1549.000	326.000
1550.000	310.000
1551.000	309.000
1552.000	327.000
1553.000	349.000
1554.000	317.000
1555.000	294.000
1556.000	269.000
1557.000	273.000
1558.000	283.000
1559.000	258.000
1560.000	296.000
1561.000	291.000
1562.000	274.000
1563.000	270.000
1564.000	270.000
1565.000	298.000
1566.000	280.000
1567.000	270.000
1568.000	299.000
1569.000	284.000
1570.000	300.000
1571.000	289.000
1572.000	311.000
1573.000	323.000
1574.000	285.000
1575.000	353.000
1576.000	288.000
1577.000	357.000
1578.000	368.000
1579.000	365.000
1580.000	413.000
1581.000	389.000
1582.000	361.000
1583.000	410.000
1584.000	384.000
1585.000	375.000
1586.000	436.000
1587.000	412.000
1588.000	464.000
1589.000	454.000
1590.000	488.000
1591.000	470.000
1592.000	489.000
1593.000	470.000
1594.000	502.000
1595.000	533.000
1596.000	517.000
1597.000	534.000
1598.000	554.000
1599.000	588.000
1600.000	558.000
1601.000	530.000
1602.000	593.000
1603.000	598.000
1604.000	562.000
1605.000	594.000
1606.000	630.000
1607.000	556.000
1608.000	551.000
1609.000	600.000
1610.000	577.000
1611.000	595.000
1612.000	594.000
1613.000	562.000
1614.000	521.000
1615.000	547.000
1616.000	588.000
1617.000	550.000
1618.000	517.000
1619.000	539.000
1620.000	534.000
1621.000	564.000
1622.000	535.000
1623.000	513.000
1624.000	504.000
1625.000	473.000
1626.000	412.000
1627.000	489.000
1628.000	444.000
1629.000	442.000
1630.000	413.000
1631.000	402.000
1632.000	390.000
1633.000	366.000
1634.000	395.000
1635.000	365.000
1636.000	343.000
1637.000	390.000
1638.000	337.000
1639.000	344.000
1640.000	324.000
1641.000	326.000
1642.000	291.000
1643.000	298.000
1644.000	295.000
1645.000	290.000
1646.000	265.000
1647.000	275.000
1648.000	257.000
1649.000	253.000
1650.000	230.000
1651.000	222.000
1652.000	245.000
1653.000	219.000
1654.000	217.000
1655.000	205.000
1656.000	190.000
1657.000	199.000
1658.000	194.000
1659.000	193.000
1660.000	212.000
1661.000	191.000
1662.000	189.000
1663.000	198.000
1664.000	173.000
1665.000	178.000
1666.000	197.000
1667.000	191.000
1668.000	183.000
1669.000	177.000
1670.000	172.000
1671.000	167.000
1672.000	199.000
1673.000	174.000
1674.000	191.000
1675.000	174.000
1676.000	200.000
1677.000	199.000
1678.000	191.000
1679.000	227.000
1680.000	183.000
1681.000	220.000
1682.000	216.000
1683.000	244.000
1684.000	259.000
1685.000	302.000
1686.000	290.000
1687.000	321.000
1688.000	305.000
1689.000	345.000
1690.000	366.000
1691.000	352.000
1692.000	437.000
1693.000	445.000
1694.000	426.000
1695.000	492.000
1696.000	470.000
1697.000	556.000
1698.000	535.000
1699.000	520.000
1700.000	535.000
1701.000	532.000
1702.000	523.000
1703.000	566.000
1704.000	565.000
1705.000	514.000
1706.000	511.000
1707.000	468.000
1708.000	468.000
1709.000	403.000
1710.000	445.000
1711.000	412.000
1712.000	385.000
1713.000	328.000
1714.000	307.000
1715.000	290.000
1716.000	296.000
1717.000	243.000
1718.000	224.000
1719.000	202.000
1720.000	215.000
1721.000	202.000
1722.000	197.000
1723.000	160.000
1724.000	169.000
1725.000	162.000
1726.000	168.000
1727.000	138.000
1728.000	140.000
1729.000	140.000
1730.000	156.000
1731.000	139.000
1732.000	132.000
1733.000	157.000
1734.000	138.000
1735.000	138.000
1736.000	141.000
1737.000	142.000
1738.000	137.000
1739.000	128.000
1740.000	132.000
1741.000	142.000
1742.000	152.000
1743.000	149.000
1744.000	114.000
1745.000	152.000
1746.000	147.000
1747.000	128.000
1748.000	129.000
1749.000	165.000
1750.000	134.000
1751.000	148.000
1752.000	126.000
1753.000	159.000
1754.000	143.000
1755.000	139.000
1756.000	143.000
1757.000	155.000
1758.000	156.000
1759.000	169.000
1760.000	145.000
1761.000	139.000
1762.000	177.000
1763.000	140.000
1764.000	148.000
1765.000	155.000
1766.000	140.000
1767.000	127.000
1768.000	170.000
1769.000	167.000
1770.000	179.000
1771.000	163.000
1772.000	163.000
1773.000	166.000
1774.000	183.000
1775.000	164.000
1776.000	181.000
1777.000	188.000
1778.000	161.000
1779.000	158.000
1780.000	179.000
1781.000	193.000
1782.000	172.000
1783.000	136.000
1784.000	177.000
1785.000	197.000
1786.000	181.000
1787.000	181.000
1788.000	209.000
1789.000	191.000
1790.000	173.000
1791.000	184.000
1792.000	198.000
1793.000	174.000
1794.000	180.000
1795.000	177.000
1796.000	196.000
1797.000	181.000
1798.000	164.000
1799.000	196.000
1800.000	180.000
1801.000	187.000
1802.000	181.000
1803.000	172.000
1804.000	163.000
1805.000	170.000
1806.000	180.000
1807.000	197.000
1808.000	180.000
1809.000	184.000
1810.000	163.000
1811.000	151.000
1812.000	142.000
1813.000	164.000
1814.000	166.000
1815.000	194.000
1816.000	158.000
1817.000	165.000
1818.000	137.000
1819.000	156.000
1820.000	154.000
1821.000	138.000
1822.000	141.000
1823.000	128.000
1824.000	148.000
1825.000	136.000
1826.000	104.000
1827.000	139.000
1828.000	113.000
1829.000	123.000
1830.000	118.000
1831.000	123.000
1832.000	126.000
1833.000	134.000
1834.000	123.000
1835.000	123.000
1836.000	112.000
1837.000	115.000
1838.000	103.000
1839.000	101.000
1840.000	112.000
1841.000	105.000
1842.000	107.000
1843.000	90.000
1844.000	102.000
1845.000	102.000
1846.000	130.000
1847.000	94.000
1848.000	90.000
1849.000	113.000
1850.000	93.000
1851.000	105.000
1852.000	89.000
1853.000	94.000
1854.000	88.000
1855.000	90.000
1856.000	78.000
1857.000	75.000
1858.000	81.000
1859.000	95.000
1860.000	77.000
1861.000	91.000
1862.000	88.000
1863.000	74.000
1864.000	75.000
1865.000	76.000
1866.000	74.000
1867.000	92.000
1868.000	93.000
1869.000	68.000
1870.000	79.000
1871.000	74.000
1872.000	81.000
1873.000	84.000
1874.000	81.000
1875.000	87.000
1876.000	65.000
1877.000	84.000
1878.000	80.000
1879.000	68.000
1880.000	71.000
1881.000	79.000
1882.000	74.000
1883.000	70.000
1884.000	75.000
1885.000	71.000
1886.000	74.000
1887.000	77.000
1888.000	82.000
1889.000	61.000
1890.000	75.000
1891.000	75.000
1892.000	71.000
1893.000	69.000
1894.000	93.000
1895.000	84.000
1896.000	80.000
1897.000	96.000
1898.000	89.000
1899.000	100.000
1900.000	75.000
1901.000	82.000
1902.000	102.000
1903.000	98.000
1904.000	129.000
1905.000	118.000
1906.000	123.000
1907.000	134.000
1908.000	134.000
1909.000	118.000
1910.000	120.000
1911.000	114.000
1912.000	127.000
1913.000	115.000
1914.000	109.000
1915.000	101.000
1916.000	123.000
1917.000	112.000
1918.000	106.000
1919.000	92.000
1920.000	92.000
1921.000	100.000
1922.000	113.000
1923.000	90.000
1924.000	88.000
1925.000	78.000
1926.000	73.000
1927.000	92.000
1928.000	83.000
1929.000	79.000
1930.000	60.000
1931.000	80.000
1932.000	64.000
1933.000	64.000
1934.000	60.000
1935.000	63.000
1936.000	64.000
1937.000	73.000
1938.000	70.000
1939.000	76.000
1940.000	74.000
1941.000	71.000
1942.000	80.000
1943.000	55.000
1944.000	65.000
1945.000	58.000
1946.000	69.000
1947.000	62.000
1948.000	68.000
1949.000	66.000
1950.000	56.000
1951.000	65.000
1952.000	60.000
1953.000	52.000
1954.000	61.000
1955.000	69.000
1956.000	68.000
1957.000	63.000
1958.000	50.000
1959.000	52.000
1960.000	58.000
1961.000	45.000
1962.000	47.000
1963.000	42.000
1964.000	44.000
1965.000	45.000
1966.000	58.000
1967.000	53.000
1968.000	55.000
1969.000	52.000
1970.000	50.000
1971.000	54.000
1972.000	56.000
1973.000	52.000
1974.000	45.000
1975.000	61.000
1976.000	46.000
1977.000	37.000
1978.000	46.000
1979.000	43.000
1980.000	45.000
1981.000	43.000
1982.000	53.000
1983.000	51.000
1984.000	47.000
1985.000	41.000
1986.000	47.000
1987.000	43.000
1988.000	46.000
1989.000	40.000
1990.000	53.000
1991.000	37.000
1992.000	55.000
1993.000	30.000
1994.000	47.000
1995.000	38.000
1996.000	45.000
1997.000	52.000
1998.000	53.000
1999.000	53.000
2000.000	49.000
2001.000	41.000
2002.000	46.000
2003.000	48.000
2004.000	44.000
2005.000	49.000
2006.000	54.000
2007.000	40.000
2008.000	53.000
2009.000	53.000
2010.000	43.000
2011.000	43.000
2012.000	52.000
2013.000	49.000
2014.000	52.000
2015.000	52.000
2016.000	54.000
2017.000	65.000
2018.000	51.000
2019.000	54.000
2020.000	42.000
2021.000	58.000
2022.000	43.000
2023.000	45.000
2024.000	62.000
2025.000	47.000
2026.000	48.000
2027.000	50.000
2028.000	46.000
2029.000	54.000
2030.000	39.000
2031.000	44.000
2032.000	42.000
2033.000	38.000
2034.000	46.000
2035.000	44.000
2036.000	47.000
2037.000	38.000
2038.000	59.000
2039.000	50.000
2040.000	48.000
2041.000	39.000
2042.000	44.000
2043.000	46.000
2044.000	38.000
2045.000	43.000
2046.000	37.000
2047.000	42.000
2048.000	0.000
