Date:	23-Sep-20		Time:	7:20 PM		Version no:	0.00		Project name:	55		Sample name:	222		Section name:	section		Position	518.745018	mm	E0	0.000000	keV	E1	1.000000	keV/channel	sample surface	7.740583	cm	Tube anode:	Mo		Tube voltage:	30	kV	Tube current:	30	mA	gain	15		std. database			resultfile	result		matrix element	11		sample thickness	1.000000		air passage	0.560000	cm	comments	in position		peaking_time	0.300000	m-sec	trigger_threshold	40.000000	V	mca_bin_width	2.000000	no:	number_mca_channels	2048.000000	no:	gap_time	2048.000000	m-sec	trigger_peaking_time	2048.000000	m-sec	GAINDAC	400		HIGHGAIN	400		TAURC	400		RCTAU	400		RCTAUFRAC	400		livetime	13.493088	seconds	runtime	15.000195	seconds	input_count_rate	49095.582120	cps	output_count_rate	44162.824411	cps	triggers	724839	seconds	events_in_run	647881	seconds	channel	content		1.000	0.000
2.000	0.000
3.000	0.000
4.000	0.000
5.000	0.000
6.000	0.000
7.000	0.000
8.000	0.000
9.000	0.000
10.000	0.000
11.000	0.000
12.000	0.000
13.000	0.000
14.000	0.000
15.000	0.000
16.000	0.000
17.000	0.000
18.000	0.000
19.000	0.000
20.000	0.000
21.000	0.000
22.000	0.000
23.000	0.000
24.000	0.000
25.000	0.000
26.000	0.000
27.000	0.000
28.000	0.000
29.000	0.000
30.000	0.000
31.000	0.000
32.000	0.000
33.000	0.000
34.000	0.000
35.000	2.000
36.000	0.000
37.000	0.000
38.000	1.000
39.000	0.000
40.000	0.000
41.000	0.000
42.000	0.000
43.000	1.000
44.000	0.000
45.000	2.000
46.000	0.000
47.000	0.000
48.000	0.000
49.000	0.000
50.000	0.000
51.000	0.000
52.000	3.000
53.000	0.000
54.000	4.000
55.000	5.000
56.000	5.000
57.000	8.000
58.000	21.000
59.000	13.000
60.000	25.000
61.000	20.000
62.000	32.000
63.000	23.000
64.000	39.000
65.000	31.000
66.000	24.000
67.000	20.000
68.000	21.000
69.000	24.000
70.000	28.000
71.000	25.000
72.000	26.000
73.000	29.000
74.000	29.000
75.000	21.000
76.000	16.000
77.000	29.000
78.000	20.000
79.000	19.000
80.000	28.000
81.000	19.000
82.000	26.000
83.000	21.000
84.000	26.000
85.000	28.000
86.000	31.000
87.000	31.000
88.000	23.000
89.000	26.000
90.000	34.000
91.000	25.000
92.000	22.000
93.000	20.000
94.000	24.000
95.000	33.000
96.000	17.000
97.000	18.000
98.000	16.000
99.000	24.000
100.000	16.000
101.000	20.000
102.000	7.000
103.000	20.000
104.000	20.000
105.000	25.000
106.000	19.000
107.000	24.000
108.000	22.000
109.000	22.000
110.000	16.000
111.000	19.000
112.000	15.000
113.000	23.000
114.000	22.000
115.000	14.000
116.000	16.000
117.000	13.000
118.000	23.000
119.000	20.000
120.000	23.000
121.000	21.000
122.000	20.000
123.000	16.000
124.000	19.000
125.000	19.000
126.000	28.000
127.000	10.000
128.000	19.000
129.000	17.000
130.000	16.000
131.000	8.000
132.000	14.000
133.000	11.000
134.000	12.000
135.000	10.000
136.000	18.000
137.000	18.000
138.000	14.000
139.000	11.000
140.000	14.000
141.000	19.000
142.000	23.000
143.000	21.000
144.000	25.000
145.000	24.000
146.000	23.000
147.000	23.000
148.000	26.000
149.000	26.000
150.000	19.000
151.000	29.000
152.000	16.000
153.000	13.000
154.000	22.000
155.000	23.000
156.000	25.000
157.000	18.000
158.000	21.000
159.000	9.000
160.000	12.000
161.000	11.000
162.000	23.000
163.000	18.000
164.000	18.000
165.000	32.000
166.000	30.000
167.000	29.000
168.000	46.000
169.000	53.000
170.000	49.000
171.000	56.000
172.000	55.000
173.000	41.000
174.000	39.000
175.000	38.000
176.000	52.000
177.000	28.000
178.000	29.000
179.000	34.000
180.000	45.000
181.000	32.000
182.000	40.000
183.000	64.000
184.000	80.000
185.000	88.000
186.000	138.000
187.000	155.000
188.000	194.000
189.000	255.000
190.000	244.000
191.000	265.000
192.000	264.000
193.000	247.000
194.000	230.000
195.000	178.000
196.000	140.000
197.000	81.000
198.000	77.000
199.000	35.000
200.000	28.000
201.000	25.000
202.000	22.000
203.000	15.000
204.000	17.000
205.000	12.000
206.000	17.000
207.000	15.000
208.000	14.000
209.000	19.000
210.000	17.000
211.000	16.000
212.000	23.000
213.000	18.000
214.000	24.000
215.000	26.000
216.000	24.000
217.000	24.000
218.000	31.000
219.000	35.000
220.000	38.000
221.000	62.000
222.000	64.000
223.000	44.000
224.000	47.000
225.000	39.000
226.000	44.000
227.000	44.000
228.000	35.000
229.000	35.000
230.000	19.000
231.000	14.000
232.000	17.000
233.000	16.000
234.000	14.000
235.000	13.000
236.000	18.000
237.000	13.000
238.000	8.000
239.000	15.000
240.000	15.000
241.000	27.000
242.000	11.000
243.000	11.000
244.000	10.000
245.000	18.000
246.000	29.000
247.000	26.000
248.000	32.000
249.000	31.000
250.000	58.000
251.000	77.000
252.000	84.000
253.000	123.000
254.000	141.000
255.000	150.000
256.000	182.000
257.000	195.000
258.000	152.000
259.000	169.000
260.000	139.000
261.000	122.000
262.000	87.000
263.000	66.000
264.000	62.000
265.000	39.000
266.000	29.000
267.000	33.000
268.000	23.000
269.000	30.000
270.000	24.000
271.000	31.000
272.000	32.000
273.000	25.000
274.000	31.000
275.000	31.000
276.000	40.000
277.000	34.000
278.000	34.000
279.000	22.000
280.000	34.000
281.000	32.000
282.000	32.000
283.000	49.000
284.000	48.000
285.000	65.000
286.000	56.000
287.000	54.000
288.000	79.000
289.000	94.000
290.000	76.000
291.000	78.000
292.000	77.000
293.000	68.000
294.000	64.000
295.000	65.000
296.000	37.000
297.000	46.000
298.000	21.000
299.000	22.000
300.000	30.000
301.000	26.000
302.000	25.000
303.000	24.000
304.000	21.000
305.000	30.000
306.000	36.000
307.000	36.000
308.000	26.000
309.000	31.000
310.000	30.000
311.000	29.000
312.000	32.000
313.000	49.000
314.000	48.000
315.000	74.000
316.000	70.000
317.000	88.000
318.000	127.000
319.000	173.000
320.000	185.000
321.000	228.000
322.000	238.000
323.000	275.000
324.000	286.000
325.000	278.000
326.000	269.000
327.000	273.000
328.000	219.000
329.000	176.000
330.000	147.000
331.000	110.000
332.000	85.000
333.000	67.000
334.000	58.000
335.000	41.000
336.000	43.000
337.000	34.000
338.000	43.000
339.000	35.000
340.000	45.000
341.000	58.000
342.000	76.000
343.000	79.000
344.000	105.000
345.000	162.000
346.000	232.000
347.000	325.000
348.000	520.000
349.000	876.000
350.000	1292.000
351.000	2084.000
352.000	3048.000
353.000	4600.000
354.000	6682.000
355.000	8966.000
356.000	11855.000
357.000	14939.000
358.000	17547.000
359.000	19971.000
360.000	22104.000
361.000	22743.000
362.000	22870.000
363.000	21394.000
364.000	19518.000
365.000	16772.000
366.000	13812.000
367.000	10806.000
368.000	8106.000
369.000	5803.000
370.000	4075.000
371.000	2709.000
372.000	1697.000
373.000	1036.000
374.000	633.000
375.000	421.000
376.000	233.000
377.000	211.000
378.000	177.000
379.000	184.000
380.000	216.000
381.000	288.000
382.000	434.000
383.000	557.000
384.000	781.000
385.000	1024.000
386.000	1323.000
387.000	1722.000
388.000	2137.000
389.000	2559.000
390.000	2971.000
391.000	3241.000
392.000	3393.000
393.000	3402.000
394.000	3354.000
395.000	3069.000
396.000	2754.000
397.000	2340.000
398.000	1897.000
399.000	1513.000
400.000	1141.000
401.000	791.000
402.000	534.000
403.000	380.000
404.000	221.000
405.000	129.000
406.000	108.000
407.000	57.000
408.000	31.000
409.000	20.000
410.000	16.000
411.000	13.000
412.000	7.000
413.000	9.000
414.000	10.000
415.000	13.000
416.000	7.000
417.000	9.000
418.000	3.000
419.000	7.000
420.000	14.000
421.000	7.000
422.000	8.000
423.000	10.000
424.000	5.000
425.000	12.000
426.000	16.000
427.000	15.000
428.000	19.000
429.000	22.000
430.000	22.000
431.000	34.000
432.000	58.000
433.000	55.000
434.000	78.000
435.000	95.000
436.000	114.000
437.000	143.000
438.000	151.000
439.000	162.000
440.000	164.000
441.000	196.000
442.000	159.000
443.000	174.000
444.000	136.000
445.000	131.000
446.000	130.000
447.000	95.000
448.000	84.000
449.000	66.000
450.000	47.000
451.000	40.000
452.000	41.000
453.000	28.000
454.000	30.000
455.000	30.000
456.000	21.000
457.000	24.000
458.000	33.000
459.000	20.000
460.000	22.000
461.000	15.000
462.000	19.000
463.000	21.000
464.000	19.000
465.000	19.000
466.000	18.000
467.000	18.000
468.000	18.000
469.000	26.000
470.000	19.000
471.000	22.000
472.000	20.000
473.000	22.000
474.000	34.000
475.000	28.000
476.000	30.000
477.000	39.000
478.000	32.000
479.000	41.000
480.000	40.000
481.000	40.000
482.000	53.000
483.000	39.000
484.000	43.000
485.000	46.000
486.000	49.000
487.000	35.000
488.000	33.000
489.000	20.000
490.000	22.000
491.000	24.000
492.000	25.000
493.000	24.000
494.000	17.000
495.000	16.000
496.000	13.000
497.000	12.000
498.000	20.000
499.000	12.000
500.000	19.000
501.000	17.000
502.000	20.000
503.000	18.000
504.000	24.000
505.000	16.000
506.000	15.000
507.000	15.000
508.000	15.000
509.000	22.000
510.000	16.000
511.000	17.000
512.000	20.000
513.000	19.000
514.000	27.000
515.000	13.000
516.000	16.000
517.000	16.000
518.000	26.000
519.000	25.000
520.000	38.000
521.000	35.000
522.000	43.000
523.000	36.000
524.000	34.000
525.000	41.000
526.000	38.000
527.000	38.000
528.000	46.000
529.000	41.000
530.000	32.000
531.000	43.000
532.000	35.000
533.000	44.000
534.000	32.000
535.000	46.000
536.000	28.000
537.000	25.000
538.000	23.000
539.000	22.000
540.000	22.000
541.000	22.000
542.000	25.000
543.000	30.000
544.000	25.000
545.000	22.000
546.000	18.000
547.000	21.000
548.000	21.000
549.000	22.000
550.000	24.000
551.000	36.000
552.000	31.000
553.000	35.000
554.000	24.000
555.000	20.000
556.000	33.000
557.000	22.000
558.000	30.000
559.000	34.000
560.000	24.000
561.000	31.000
562.000	30.000
563.000	35.000
564.000	31.000
565.000	35.000
566.000	47.000
567.000	42.000
568.000	55.000
569.000	62.000
570.000	58.000
571.000	73.000
572.000	85.000
573.000	84.000
574.000	79.000
575.000	74.000
576.000	105.000
577.000	70.000
578.000	84.000
579.000	64.000
580.000	81.000
581.000	76.000
582.000	52.000
583.000	43.000
584.000	54.000
585.000	41.000
586.000	42.000
587.000	41.000
588.000	27.000
589.000	27.000
590.000	30.000
591.000	26.000
592.000	24.000
593.000	25.000
594.000	29.000
595.000	24.000
596.000	24.000
597.000	26.000
598.000	33.000
599.000	38.000
600.000	29.000
601.000	44.000
602.000	24.000
603.000	28.000
604.000	34.000
605.000	43.000
606.000	51.000
607.000	71.000
608.000	78.000
609.000	109.000
610.000	144.000
611.000	193.000
612.000	284.000
613.000	390.000
614.000	569.000
615.000	705.000
616.000	948.000
617.000	1184.000
618.000	1565.000
619.000	1948.000
620.000	2264.000
621.000	2506.000
622.000	2883.000
623.000	3097.000
624.000	3257.000
625.000	3312.000
626.000	3349.000
627.000	3266.000
628.000	3137.000
629.000	2780.000
630.000	2416.000
631.000	2097.000
632.000	1712.000
633.000	1369.000
634.000	1072.000
635.000	858.000
636.000	599.000
637.000	469.000
638.000	358.000
639.000	261.000
640.000	189.000
641.000	151.000
642.000	108.000
643.000	81.000
644.000	77.000
645.000	67.000
646.000	59.000
647.000	60.000
648.000	67.000
649.000	51.000
650.000	48.000
651.000	51.000
652.000	65.000
653.000	52.000
654.000	63.000
655.000	47.000
656.000	50.000
657.000	55.000
658.000	50.000
659.000	40.000
660.000	50.000
661.000	65.000
662.000	60.000
663.000	60.000
664.000	64.000
665.000	70.000
666.000	60.000
667.000	61.000
668.000	59.000
669.000	55.000
670.000	67.000
671.000	99.000
672.000	77.000
673.000	102.000
674.000	77.000
675.000	96.000
676.000	137.000
677.000	148.000
678.000	175.000
679.000	198.000
680.000	244.000
681.000	266.000
682.000	342.000
683.000	364.000
684.000	391.000
685.000	475.000
686.000	527.000
687.000	600.000
688.000	553.000
689.000	571.000
690.000	566.000
691.000	548.000
692.000	520.000
693.000	504.000
694.000	450.000
695.000	377.000
696.000	316.000
697.000	267.000
698.000	248.000
699.000	192.000
700.000	186.000
701.000	131.000
702.000	123.000
703.000	98.000
704.000	84.000
705.000	86.000
706.000	65.000
707.000	87.000
708.000	68.000
709.000	61.000
710.000	61.000
711.000	57.000
712.000	74.000
713.000	45.000
714.000	71.000
715.000	86.000
716.000	73.000
717.000	76.000
718.000	88.000
719.000	72.000
720.000	87.000
721.000	80.000
722.000	98.000
723.000	110.000
724.000	90.000
725.000	94.000
726.000	77.000
727.000	106.000
728.000	100.000
729.000	95.000
730.000	97.000
731.000	76.000
732.000	79.000
733.000	97.000
734.000	83.000
735.000	78.000
736.000	72.000
737.000	83.000
738.000	72.000
739.000	78.000
740.000	69.000
741.000	60.000
742.000	55.000
743.000	56.000
744.000	66.000
745.000	73.000
746.000	75.000
747.000	72.000
748.000	78.000
749.000	86.000
750.000	66.000
751.000	68.000
752.000	69.000
753.000	73.000
754.000	68.000
755.000	72.000
756.000	66.000
757.000	70.000
758.000	72.000
759.000	88.000
760.000	72.000
761.000	71.000
762.000	70.000
763.000	55.000
764.000	67.000
765.000	80.000
766.000	77.000
767.000	67.000
768.000	87.000
769.000	95.000
770.000	102.000
771.000	98.000
772.000	75.000
773.000	95.000
774.000	85.000
775.000	93.000
776.000	100.000
777.000	96.000
778.000	114.000
779.000	102.000
780.000	94.000
781.000	103.000
782.000	111.000
783.000	115.000
784.000	119.000
785.000	123.000
786.000	136.000
787.000	120.000
788.000	125.000
789.000	116.000
790.000	133.000
791.000	127.000
792.000	128.000
793.000	119.000
794.000	150.000
795.000	115.000
796.000	157.000
797.000	163.000
798.000	119.000
799.000	148.000
800.000	150.000
801.000	138.000
802.000	140.000
803.000	158.000
804.000	145.000
805.000	161.000
806.000	170.000
807.000	178.000
808.000	176.000
809.000	167.000
810.000	189.000
811.000	213.000
812.000	219.000
813.000	240.000
814.000	269.000
815.000	272.000
816.000	314.000
817.000	271.000
818.000	351.000
819.000	326.000
820.000	322.000
821.000	316.000
822.000	293.000
823.000	263.000
824.000	256.000
825.000	275.000
826.000	262.000
827.000	236.000
828.000	192.000
829.000	160.000
830.000	166.000
831.000	160.000
832.000	134.000
833.000	146.000
834.000	117.000
835.000	128.000
836.000	120.000
837.000	131.000
838.000	136.000
839.000	120.000
840.000	121.000
841.000	118.000
842.000	132.000
843.000	125.000
844.000	109.000
845.000	115.000
846.000	136.000
847.000	133.000
848.000	119.000
849.000	121.000
850.000	156.000
851.000	122.000
852.000	142.000
853.000	126.000
854.000	97.000
855.000	118.000
856.000	114.000
857.000	118.000
858.000	128.000
859.000	127.000
860.000	137.000
861.000	102.000
862.000	134.000
863.000	111.000
864.000	119.000
865.000	122.000
866.000	106.000
867.000	124.000
868.000	115.000
869.000	113.000
870.000	107.000
871.000	122.000
872.000	116.000
873.000	108.000
874.000	122.000
875.000	126.000
876.000	106.000
877.000	121.000
878.000	116.000
879.000	120.000
880.000	138.000
881.000	129.000
882.000	109.000
883.000	118.000
884.000	101.000
885.000	142.000
886.000	113.000
887.000	132.000
888.000	129.000
889.000	119.000
890.000	111.000
891.000	115.000
892.000	119.000
893.000	133.000
894.000	138.000
895.000	129.000
896.000	124.000
897.000	152.000
898.000	134.000
899.000	125.000
900.000	112.000
901.000	141.000
902.000	151.000
903.000	136.000
904.000	145.000
905.000	165.000
906.000	158.000
907.000	145.000
908.000	171.000
909.000	185.000
910.000	181.000
911.000	147.000
912.000	143.000
913.000	185.000
914.000	171.000
915.000	189.000
916.000	165.000
917.000	157.000
918.000	159.000
919.000	167.000
920.000	176.000
921.000	158.000
922.000	155.000
923.000	193.000
924.000	176.000
925.000	165.000
926.000	151.000
927.000	184.000
928.000	211.000
929.000	175.000
930.000	190.000
931.000	198.000
932.000	198.000
933.000	216.000
934.000	221.000
935.000	230.000
936.000	236.000
937.000	230.000
938.000	241.000
939.000	251.000
940.000	267.000
941.000	268.000
942.000	249.000
943.000	281.000
944.000	265.000
945.000	277.000
946.000	264.000
947.000	252.000
948.000	267.000
949.000	238.000
950.000	217.000
951.000	229.000
952.000	205.000
953.000	189.000
954.000	216.000
955.000	215.000
956.000	203.000
957.000	181.000
958.000	186.000
959.000	194.000
960.000	176.000
961.000	198.000
962.000	163.000
963.000	168.000
964.000	175.000
965.000	186.000
966.000	191.000
967.000	167.000
968.000	165.000
969.000	175.000
970.000	187.000
971.000	160.000
972.000	188.000
973.000	187.000
974.000	184.000
975.000	193.000
976.000	170.000
977.000	169.000
978.000	174.000
979.000	168.000
980.000	177.000
981.000	189.000
982.000	153.000
983.000	158.000
984.000	149.000
985.000	163.000
986.000	147.000
987.000	151.000
988.000	153.000
989.000	171.000
990.000	133.000
991.000	144.000
992.000	145.000
993.000	161.000
994.000	162.000
995.000	139.000
996.000	130.000
997.000	164.000
998.000	141.000
999.000	134.000
1000.000	142.000
1001.000	139.000
1002.000	144.000
1003.000	121.000
1004.000	125.000
1005.000	125.000
1006.000	124.000
1007.000	120.000
1008.000	140.000
1009.000	143.000
1010.000	143.000
1011.000	133.000
1012.000	139.000
1013.000	125.000
1014.000	149.000
1015.000	150.000
1016.000	148.000
1017.000	136.000
1018.000	133.000
1019.000	132.000
1020.000	141.000
1021.000	150.000
1022.000	124.000
1023.000	138.000
1024.000	120.000
1025.000	136.000
1026.000	130.000
1027.000	144.000
1028.000	140.000
1029.000	147.000
1030.000	152.000
1031.000	141.000
1032.000	138.000
1033.000	156.000
1034.000	138.000
1035.000	143.000
1036.000	110.000
1037.000	154.000
1038.000	147.000
1039.000	153.000
1040.000	138.000
1041.000	144.000
1042.000	112.000
1043.000	157.000
1044.000	137.000
1045.000	136.000
1046.000	150.000
1047.000	153.000
1048.000	160.000
1049.000	149.000
1050.000	157.000
1051.000	149.000
1052.000	121.000
1053.000	153.000
1054.000	158.000
1055.000	168.000
1056.000	149.000
1057.000	143.000
1058.000	183.000
1059.000	162.000
1060.000	147.000
1061.000	155.000
1062.000	147.000
1063.000	168.000
1064.000	156.000
1065.000	162.000
1066.000	163.000
1067.000	159.000
1068.000	157.000
1069.000	157.000
1070.000	185.000
1071.000	163.000
1072.000	162.000
1073.000	148.000
1074.000	166.000
1075.000	165.000
1076.000	156.000
1077.000	163.000
1078.000	154.000
1079.000	153.000
1080.000	174.000
1081.000	124.000
1082.000	158.000
1083.000	165.000
1084.000	160.000
1085.000	164.000
1086.000	160.000
1087.000	166.000
1088.000	188.000
1089.000	178.000
1090.000	165.000
1091.000	160.000
1092.000	163.000
1093.000	155.000
1094.000	152.000
1095.000	177.000
1096.000	160.000
1097.000	172.000
1098.000	166.000
1099.000	185.000
1100.000	169.000
1101.000	155.000
1102.000	185.000
1103.000	180.000
1104.000	173.000
1105.000	140.000
1106.000	178.000
1107.000	148.000
1108.000	169.000
1109.000	172.000
1110.000	149.000
1111.000	162.000
1112.000	143.000
1113.000	195.000
1114.000	158.000
1115.000	172.000
1116.000	153.000
1117.000	162.000
1118.000	154.000
1119.000	162.000
1120.000	151.000
1121.000	150.000
1122.000	163.000
1123.000	148.000
1124.000	156.000
1125.000	176.000
1126.000	140.000
1127.000	164.000
1128.000	171.000
1129.000	170.000
1130.000	149.000
1131.000	179.000
1132.000	160.000
1133.000	139.000
1134.000	183.000
1135.000	161.000
1136.000	144.000
1137.000	152.000
1138.000	147.000
1139.000	168.000
1140.000	194.000
1141.000	172.000
1142.000	171.000
1143.000	170.000
1144.000	179.000
1145.000	168.000
1146.000	174.000
1147.000	173.000
1148.000	201.000
1149.000	153.000
1150.000	182.000
1151.000	150.000
1152.000	162.000
1153.000	171.000
1154.000	174.000
1155.000	183.000
1156.000	174.000
1157.000	168.000
1158.000	174.000
1159.000	169.000
1160.000	190.000
1161.000	187.000
1162.000	213.000
1163.000	186.000
1164.000	162.000
1165.000	182.000
1166.000	188.000
1167.000	188.000
1168.000	179.000
1169.000	171.000
1170.000	163.000
1171.000	184.000
1172.000	176.000
1173.000	175.000
1174.000	155.000
1175.000	176.000
1176.000	192.000
1177.000	157.000
1178.000	177.000
1179.000	144.000
1180.000	155.000
1181.000	174.000
1182.000	164.000
1183.000	178.000
1184.000	167.000
1185.000	171.000
1186.000	178.000
1187.000	163.000
1188.000	172.000
1189.000	156.000
1190.000	137.000
1191.000	146.000
1192.000	145.000
1193.000	143.000
1194.000	158.000
1195.000	164.000
1196.000	193.000
1197.000	187.000
1198.000	140.000
1199.000	171.000
1200.000	163.000
1201.000	170.000
1202.000	155.000
1203.000	150.000
1204.000	157.000
1205.000	167.000
1206.000	173.000
1207.000	157.000
1208.000	165.000
1209.000	168.000
1210.000	141.000
1211.000	174.000
1212.000	147.000
1213.000	157.000
1214.000	141.000
1215.000	166.000
1216.000	148.000
1217.000	166.000
1218.000	187.000
1219.000	172.000
1220.000	159.000
1221.000	167.000
1222.000	165.000
1223.000	186.000
1224.000	157.000
1225.000	189.000
1226.000	167.000
1227.000	183.000
1228.000	163.000
1229.000	146.000
1230.000	160.000
1231.000	159.000
1232.000	156.000
1233.000	175.000
1234.000	164.000
1235.000	170.000
1236.000	193.000
1237.000	173.000
1238.000	182.000
1239.000	171.000
1240.000	145.000
1241.000	172.000
1242.000	160.000
1243.000	166.000
1244.000	177.000
1245.000	170.000
1246.000	185.000
1247.000	150.000
1248.000	164.000
1249.000	168.000
1250.000	168.000
1251.000	177.000
1252.000	170.000
1253.000	174.000
1254.000	169.000
1255.000	151.000
1256.000	172.000
1257.000	187.000
1258.000	161.000
1259.000	163.000
1260.000	156.000
1261.000	183.000
1262.000	154.000
1263.000	163.000
1264.000	162.000
1265.000	168.000
1266.000	175.000
1267.000	148.000
1268.000	167.000
1269.000	147.000
1270.000	178.000
1271.000	169.000
1272.000	178.000
1273.000	173.000
1274.000	173.000
1275.000	163.000
1276.000	172.000
1277.000	164.000
1278.000	166.000
1279.000	167.000
1280.000	153.000
1281.000	183.000
1282.000	155.000
1283.000	161.000
1284.000	190.000
1285.000	167.000
1286.000	198.000
1287.000	186.000
1288.000	174.000
1289.000	133.000
1290.000	157.000
1291.000	166.000
1292.000	147.000
1293.000	158.000
1294.000	182.000
1295.000	190.000
1296.000	187.000
1297.000	219.000
1298.000	201.000
1299.000	195.000
1300.000	197.000
1301.000	175.000
1302.000	168.000
1303.000	157.000
1304.000	169.000
1305.000	192.000
1306.000	190.000
1307.000	198.000
1308.000	196.000
1309.000	193.000
1310.000	154.000
1311.000	164.000
1312.000	165.000
1313.000	166.000
1314.000	169.000
1315.000	170.000
1316.000	194.000
1317.000	189.000
1318.000	152.000
1319.000	181.000
1320.000	155.000
1321.000	187.000
1322.000	182.000
1323.000	179.000
1324.000	152.000
1325.000	157.000
1326.000	193.000
1327.000	178.000
1328.000	154.000
1329.000	168.000
1330.000	175.000
1331.000	160.000
1332.000	177.000
1333.000	159.000
1334.000	173.000
1335.000	180.000
1336.000	173.000
1337.000	178.000
1338.000	179.000
1339.000	165.000
1340.000	153.000
1341.000	139.000
1342.000	161.000
1343.000	176.000
1344.000	182.000
1345.000	188.000
1346.000	189.000
1347.000	185.000
1348.000	174.000
1349.000	187.000
1350.000	185.000
1351.000	164.000
1352.000	180.000
1353.000	181.000
1354.000	216.000
1355.000	204.000
1356.000	208.000
1357.000	232.000
1358.000	210.000
1359.000	252.000
1360.000	255.000
1361.000	244.000
1362.000	304.000
1363.000	296.000
1364.000	330.000
1365.000	406.000
1366.000	407.000
1367.000	461.000
1368.000	566.000
1369.000	599.000
1370.000	596.000
1371.000	697.000
1372.000	752.000
1373.000	806.000
1374.000	864.000
1375.000	943.000
1376.000	1005.000
1377.000	1028.000
1378.000	1000.000
1379.000	986.000
1380.000	990.000
1381.000	990.000
1382.000	995.000
1383.000	944.000
1384.000	886.000
1385.000	873.000
1386.000	851.000
1387.000	729.000
1388.000	672.000
1389.000	661.000
1390.000	560.000
1391.000	522.000
1392.000	457.000
1393.000	422.000
1394.000	394.000
1395.000	380.000
1396.000	309.000
1397.000	283.000
1398.000	240.000
1399.000	262.000
1400.000	220.000
1401.000	216.000
1402.000	208.000
1403.000	216.000
1404.000	203.000
1405.000	154.000
1406.000	178.000
1407.000	185.000
1408.000	185.000
1409.000	168.000
1410.000	157.000
1411.000	177.000
1412.000	153.000
1413.000	168.000
1414.000	172.000
1415.000	181.000
1416.000	154.000
1417.000	157.000
1418.000	177.000
1419.000	188.000
1420.000	158.000
1421.000	178.000
1422.000	163.000
1423.000	192.000
1424.000	153.000
1425.000	201.000
1426.000	170.000
1427.000	156.000
1428.000	192.000
1429.000	170.000
1430.000	142.000
1431.000	175.000
1432.000	177.000
1433.000	187.000
1434.000	163.000
1435.000	172.000
1436.000	169.000
1437.000	162.000
1438.000	182.000
1439.000	163.000
1440.000	177.000
1441.000	197.000
1442.000	158.000
1443.000	180.000
1444.000	196.000
1445.000	180.000
1446.000	165.000
1447.000	154.000
1448.000	182.000
1449.000	186.000
1450.000	176.000
1451.000	171.000
1452.000	171.000
1453.000	201.000
1454.000	168.000
1455.000	163.000
1456.000	179.000
1457.000	177.000
1458.000	188.000
1459.000	189.000
1460.000	195.000
1461.000	191.000
1462.000	203.000
1463.000	167.000
1464.000	158.000
1465.000	162.000
1466.000	181.000
1467.000	176.000
1468.000	202.000
1469.000	156.000
1470.000	179.000
1471.000	183.000
1472.000	179.000
1473.000	188.000
1474.000	166.000
1475.000	179.000
1476.000	186.000
1477.000	180.000
1478.000	159.000
1479.000	171.000
1480.000	192.000
1481.000	174.000
1482.000	170.000
1483.000	167.000
1484.000	177.000
1485.000	174.000
1486.000	174.000
1487.000	156.000
1488.000	197.000
1489.000	191.000
1490.000	185.000
1491.000	198.000
1492.000	180.000
1493.000	185.000
1494.000	185.000
1495.000	165.000
1496.000	183.000
1497.000	164.000
1498.000	197.000
1499.000	182.000
1500.000	164.000
1501.000	191.000
1502.000	158.000
1503.000	188.000
1504.000	161.000
1505.000	163.000
1506.000	170.000
1507.000	177.000
1508.000	179.000
1509.000	194.000
1510.000	186.000
1511.000	197.000
1512.000	188.000
1513.000	188.000
1514.000	184.000
1515.000	196.000
1516.000	196.000
1517.000	192.000
1518.000	190.000
1519.000	200.000
1520.000	209.000
1521.000	189.000
1522.000	202.000
1523.000	217.000
1524.000	225.000
1525.000	209.000
1526.000	209.000
1527.000	186.000
1528.000	224.000
1529.000	243.000
1530.000	248.000
1531.000	237.000
1532.000	258.000
1533.000	264.000
1534.000	302.000
1535.000	309.000
1536.000	300.000
1537.000	299.000
1538.000	311.000
1539.000	334.000
1540.000	321.000
1541.000	378.000
1542.000	350.000
1543.000	362.000
1544.000	321.000
1545.000	371.000
1546.000	374.000
1547.000	339.000
1548.000	373.000
1549.000	321.000
1550.000	331.000
1551.000	311.000
1552.000	331.000
1553.000	305.000
1554.000	278.000
1555.000	315.000
1556.000	268.000
1557.000	257.000
1558.000	294.000
1559.000	265.000
1560.000	279.000
1561.000	279.000
1562.000	279.000
1563.000	249.000
1564.000	265.000
1565.000	265.000
1566.000	280.000
1567.000	299.000
1568.000	299.000
1569.000	276.000
1570.000	302.000
1571.000	318.000
1572.000	314.000
1573.000	303.000
1574.000	323.000
1575.000	306.000
1576.000	298.000
1577.000	327.000
1578.000	346.000
1579.000	360.000
1580.000	332.000
1581.000	369.000
1582.000	352.000
1583.000	426.000
1584.000	398.000
1585.000	438.000
1586.000	436.000
1587.000	407.000
1588.000	464.000
1589.000	478.000
1590.000	508.000
1591.000	476.000
1592.000	519.000
1593.000	491.000
1594.000	497.000
1595.000	511.000
1596.000	543.000
1597.000	556.000
1598.000	539.000
1599.000	547.000
1600.000	591.000
1601.000	594.000
1602.000	567.000
1603.000	596.000
1604.000	557.000
1605.000	606.000
1606.000	625.000
1607.000	644.000
1608.000	596.000
1609.000	645.000
1610.000	603.000
1611.000	607.000
1612.000	575.000
1613.000	610.000
1614.000	599.000
1615.000	590.000
1616.000	565.000
1617.000	561.000
1618.000	549.000
1619.000	517.000
1620.000	501.000
1621.000	533.000
1622.000	491.000
1623.000	499.000
1624.000	508.000
1625.000	510.000
1626.000	493.000
1627.000	430.000
1628.000	419.000
1629.000	436.000
1630.000	409.000
1631.000	419.000
1632.000	388.000
1633.000	424.000
1634.000	388.000
1635.000	390.000
1636.000	387.000
1637.000	338.000
1638.000	339.000
1639.000	351.000
1640.000	305.000
1641.000	336.000
1642.000	284.000
1643.000	276.000
1644.000	262.000
1645.000	278.000
1646.000	256.000
1647.000	258.000
1648.000	259.000
1649.000	265.000
1650.000	256.000
1651.000	247.000
1652.000	190.000
1653.000	225.000
1654.000	220.000
1655.000	205.000
1656.000	191.000
1657.000	215.000
1658.000	227.000
1659.000	222.000
1660.000	193.000
1661.000	192.000
1662.000	190.000
1663.000	180.000
1664.000	194.000
1665.000	197.000
1666.000	193.000
1667.000	161.000
1668.000	187.000
1669.000	162.000
1670.000	163.000
1671.000	200.000
1672.000	192.000
1673.000	175.000
1674.000	195.000
1675.000	184.000
1676.000	215.000
1677.000	209.000
1678.000	201.000
1679.000	209.000
1680.000	207.000
1681.000	215.000
1682.000	200.000
1683.000	248.000
1684.000	260.000
1685.000	284.000
1686.000	286.000
1687.000	312.000
1688.000	328.000
1689.000	376.000
1690.000	389.000
1691.000	400.000
1692.000	417.000
1693.000	457.000
1694.000	475.000
1695.000	508.000
1696.000	511.000
1697.000	538.000
1698.000	520.000
1699.000	542.000
1700.000	552.000
1701.000	572.000
1702.000	539.000
1703.000	543.000
1704.000	576.000
1705.000	535.000
1706.000	530.000
1707.000	471.000
1708.000	474.000
1709.000	446.000
1710.000	436.000
1711.000	391.000
1712.000	392.000
1713.000	379.000
1714.000	338.000
1715.000	291.000
1716.000	323.000
1717.000	255.000
1718.000	252.000
1719.000	237.000
1720.000	216.000
1721.000	220.000
1722.000	195.000
1723.000	172.000
1724.000	151.000
1725.000	187.000
1726.000	139.000
1727.000	161.000
1728.000	150.000
1729.000	147.000
1730.000	147.000
1731.000	134.000
1732.000	146.000
1733.000	136.000
1734.000	127.000
1735.000	150.000
1736.000	129.000
1737.000	136.000
1738.000	137.000
1739.000	153.000
1740.000	143.000
1741.000	124.000
1742.000	139.000
1743.000	165.000
1744.000	133.000
1745.000	152.000
1746.000	142.000
1747.000	135.000
1748.000	138.000
1749.000	129.000
1750.000	155.000
1751.000	148.000
1752.000	142.000
1753.000	148.000
1754.000	145.000
1755.000	139.000
1756.000	161.000
1757.000	154.000
1758.000	116.000
1759.000	161.000
1760.000	164.000
1761.000	175.000
1762.000	158.000
1763.000	151.000
1764.000	165.000
1765.000	171.000
1766.000	164.000
1767.000	160.000
1768.000	173.000
1769.000	155.000
1770.000	152.000
1771.000	195.000
1772.000	175.000
1773.000	153.000
1774.000	179.000
1775.000	184.000
1776.000	158.000
1777.000	178.000
1778.000	170.000
1779.000	185.000
1780.000	193.000
1781.000	164.000
1782.000	207.000
1783.000	181.000
1784.000	209.000
1785.000	171.000
1786.000	183.000
1787.000	187.000
1788.000	197.000
1789.000	180.000
1790.000	178.000
1791.000	200.000
1792.000	162.000
1793.000	187.000
1794.000	183.000
1795.000	185.000
1796.000	202.000
1797.000	195.000
1798.000	182.000
1799.000	179.000
1800.000	204.000
1801.000	190.000
1802.000	194.000
1803.000	183.000
1804.000	162.000
1805.000	193.000
1806.000	167.000
1807.000	170.000
1808.000	173.000
1809.000	192.000
1810.000	173.000
1811.000	177.000
1812.000	176.000
1813.000	149.000
1814.000	156.000
1815.000	154.000
1816.000	144.000
1817.000	149.000
1818.000	145.000
1819.000	165.000
1820.000	156.000
1821.000	157.000
1822.000	141.000
1823.000	137.000
1824.000	126.000
1825.000	142.000
1826.000	159.000
1827.000	145.000
1828.000	144.000
1829.000	141.000
1830.000	129.000
1831.000	131.000
1832.000	139.000
1833.000	133.000
1834.000	98.000
1835.000	132.000
1836.000	121.000
1837.000	110.000
1838.000	102.000
1839.000	117.000
1840.000	119.000
1841.000	109.000
1842.000	116.000
1843.000	106.000
1844.000	105.000
1845.000	96.000
1846.000	95.000
1847.000	103.000
1848.000	90.000
1849.000	97.000
1850.000	102.000
1851.000	102.000
1852.000	99.000
1853.000	81.000
1854.000	83.000
1855.000	108.000
1856.000	74.000
1857.000	90.000
1858.000	87.000
1859.000	79.000
1860.000	84.000
1861.000	82.000
1862.000	79.000
1863.000	67.000
1864.000	96.000
1865.000	86.000
1866.000	75.000
1867.000	76.000
1868.000	78.000
1869.000	67.000
1870.000	96.000
1871.000	76.000
1872.000	77.000
1873.000	80.000
1874.000	80.000
1875.000	62.000
1876.000	81.000
1877.000	70.000
1878.000	82.000
1879.000	72.000
1880.000	74.000
1881.000	79.000
1882.000	67.000
1883.000	63.000
1884.000	70.000
1885.000	62.000
1886.000	71.000
1887.000	65.000
1888.000	75.000
1889.000	78.000
1890.000	74.000
1891.000	72.000
1892.000	85.000
1893.000	85.000
1894.000	86.000
1895.000	87.000
1896.000	71.000
1897.000	82.000
1898.000	82.000
1899.000	76.000
1900.000	96.000
1901.000	93.000
1902.000	97.000
1903.000	93.000
1904.000	119.000
1905.000	115.000
1906.000	116.000
1907.000	117.000
1908.000	105.000
1909.000	138.000
1910.000	109.000
1911.000	122.000
1912.000	131.000
1913.000	135.000
1914.000	112.000
1915.000	121.000
1916.000	103.000
1917.000	118.000
1918.000	111.000
1919.000	105.000
1920.000	99.000
1921.000	88.000
1922.000	86.000
1923.000	82.000
1924.000	95.000
1925.000	81.000
1926.000	74.000
1927.000	62.000
1928.000	68.000
1929.000	67.000
1930.000	76.000
1931.000	69.000
1932.000	67.000
1933.000	64.000
1934.000	74.000
1935.000	84.000
1936.000	61.000
1937.000	63.000
1938.000	72.000
1939.000	73.000
1940.000	70.000
1941.000	76.000
1942.000	60.000
1943.000	68.000
1944.000	48.000
1945.000	64.000
1946.000	65.000
1947.000	74.000
1948.000	60.000
1949.000	54.000
1950.000	52.000
1951.000	70.000
1952.000	63.000
1953.000	50.000
1954.000	64.000
1955.000	52.000
1956.000	50.000
1957.000	74.000
1958.000	52.000
1959.000	64.000
1960.000	45.000
1961.000	55.000
1962.000	52.000
1963.000	45.000
1964.000	53.000
1965.000	49.000
1966.000	55.000
1967.000	47.000
1968.000	62.000
1969.000	43.000
1970.000	51.000
1971.000	49.000
1972.000	44.000
1973.000	63.000
1974.000	55.000
1975.000	54.000
1976.000	54.000
1977.000	57.000
1978.000	60.000
1979.000	62.000
1980.000	51.000
1981.000	53.000
1982.000	56.000
1983.000	53.000
1984.000	54.000
1985.000	46.000
1986.000	52.000
1987.000	46.000
1988.000	50.000
1989.000	57.000
1990.000	53.000
1991.000	52.000
1992.000	38.000
1993.000	45.000
1994.000	60.000
1995.000	50.000
1996.000	46.000
1997.000	51.000
1998.000	61.000
1999.000	40.000
2000.000	42.000
2001.000	53.000
2002.000	49.000
2003.000	37.000
2004.000	48.000
2005.000	47.000
2006.000	35.000
2007.000	55.000
2008.000	55.000
2009.000	53.000
2010.000	47.000
2011.000	49.000
2012.000	39.000
2013.000	50.000
2014.000	50.000
2015.000	40.000
2016.000	45.000
2017.000	57.000
2018.000	42.000
2019.000	52.000
2020.000	30.000
2021.000	39.000
2022.000	48.000
2023.000	40.000
2024.000	35.000
2025.000	40.000
2026.000	33.000
2027.000	32.000
2028.000	41.000
2029.000	49.000
2030.000	40.000
2031.000	42.000
2032.000	48.000
2033.000	48.000
2034.000	45.000
2035.000	37.000
2036.000	46.000
2037.000	53.000
2038.000	37.000
2039.000	52.000
2040.000	52.000
2041.000	46.000
2042.000	49.000
2043.000	47.000
2044.000	56.000
2045.000	44.000
2046.000	43.000
2047.000	33.000
2048.000	0.000
