Date:	23-Sep-20		Time:	10:32 PM		Version no:	0.00		Project name:	55		Sample name:	222		Section name:	section		Position	1238.745018	mm	E0	0.000000	keV	E1	1.000000	keV/channel	sample surface	7.343518	cm	Tube anode:	Mo		Tube voltage:	30	kV	Tube current:	30	mA	gain	15		std. database			resultfile	result		matrix element	11		sample thickness	1.000000		air passage	0.560000	cm	comments	in position		peaking_time	0.300000	m-sec	trigger_threshold	40.000000	V	mca_bin_width	2.000000	no:	number_mca_channels	2048.000000	no:	gap_time	2048.000000	m-sec	trigger_peaking_time	2048.000000	m-sec	GAINDAC	400		HIGHGAIN	400		TAURC	400		RCTAU	400		RCTAUFRAC	400		livetime	13.461593	seconds	runtime	15.000171	seconds	input_count_rate	45538.891007	cps	output_count_rate	40867.932743	cps	triggers	672493	seconds	events_in_run	597859	seconds	channel	content		1.000	0.000
2.000	0.000
3.000	0.000
4.000	0.000
5.000	0.000
6.000	0.000
7.000	0.000
8.000	0.000
9.000	0.000
10.000	0.000
11.000	0.000
12.000	0.000
13.000	0.000
14.000	0.000
15.000	0.000
16.000	0.000
17.000	0.000
18.000	0.000
19.000	0.000
20.000	0.000
21.000	0.000
22.000	0.000
23.000	0.000
24.000	0.000
25.000	0.000
26.000	0.000
27.000	0.000
28.000	0.000
29.000	0.000
30.000	0.000
31.000	1.000
32.000	0.000
33.000	0.000
34.000	0.000
35.000	0.000
36.000	1.000
37.000	0.000
38.000	0.000
39.000	1.000
40.000	0.000
41.000	0.000
42.000	0.000
43.000	0.000
44.000	1.000
45.000	1.000
46.000	0.000
47.000	2.000
48.000	1.000
49.000	2.000
50.000	1.000
51.000	2.000
52.000	3.000
53.000	0.000
54.000	2.000
55.000	6.000
56.000	4.000
57.000	10.000
58.000	15.000
59.000	15.000
60.000	19.000
61.000	20.000
62.000	23.000
63.000	25.000
64.000	31.000
65.000	23.000
66.000	31.000
67.000	26.000
68.000	25.000
69.000	23.000
70.000	25.000
71.000	31.000
72.000	27.000
73.000	16.000
74.000	21.000
75.000	20.000
76.000	26.000
77.000	26.000
78.000	26.000
79.000	19.000
80.000	27.000
81.000	25.000
82.000	26.000
83.000	23.000
84.000	21.000
85.000	23.000
86.000	27.000
87.000	20.000
88.000	30.000
89.000	29.000
90.000	22.000
91.000	23.000
92.000	20.000
93.000	6.000
94.000	22.000
95.000	20.000
96.000	16.000
97.000	25.000
98.000	19.000
99.000	25.000
100.000	24.000
101.000	17.000
102.000	30.000
103.000	16.000
104.000	26.000
105.000	24.000
106.000	19.000
107.000	22.000
108.000	12.000
109.000	16.000
110.000	14.000
111.000	13.000
112.000	17.000
113.000	16.000
114.000	17.000
115.000	18.000
116.000	18.000
117.000	21.000
118.000	17.000
119.000	17.000
120.000	20.000
121.000	19.000
122.000	15.000
123.000	28.000
124.000	15.000
125.000	17.000
126.000	20.000
127.000	15.000
128.000	18.000
129.000	9.000
130.000	10.000
131.000	14.000
132.000	20.000
133.000	11.000
134.000	10.000
135.000	19.000
136.000	10.000
137.000	13.000
138.000	20.000
139.000	15.000
140.000	31.000
141.000	22.000
142.000	33.000
143.000	18.000
144.000	19.000
145.000	19.000
146.000	26.000
147.000	35.000
148.000	30.000
149.000	19.000
150.000	20.000
151.000	25.000
152.000	25.000
153.000	19.000
154.000	17.000
155.000	17.000
156.000	20.000
157.000	23.000
158.000	10.000
159.000	8.000
160.000	11.000
161.000	12.000
162.000	14.000
163.000	29.000
164.000	30.000
165.000	21.000
166.000	32.000
167.000	44.000
168.000	51.000
169.000	71.000
170.000	77.000
171.000	67.000
172.000	79.000
173.000	58.000
174.000	47.000
175.000	45.000
176.000	26.000
177.000	36.000
178.000	26.000
179.000	39.000
180.000	30.000
181.000	26.000
182.000	35.000
183.000	44.000
184.000	51.000
185.000	70.000
186.000	97.000
187.000	103.000
188.000	152.000
189.000	164.000
190.000	191.000
191.000	163.000
192.000	201.000
193.000	146.000
194.000	148.000
195.000	107.000
196.000	89.000
197.000	57.000
198.000	54.000
199.000	34.000
200.000	22.000
201.000	18.000
202.000	13.000
203.000	13.000
204.000	13.000
205.000	8.000
206.000	24.000
207.000	12.000
208.000	9.000
209.000	14.000
210.000	17.000
211.000	18.000
212.000	16.000
213.000	12.000
214.000	20.000
215.000	26.000
216.000	23.000
217.000	22.000
218.000	16.000
219.000	35.000
220.000	32.000
221.000	37.000
222.000	36.000
223.000	28.000
224.000	36.000
225.000	33.000
226.000	29.000
227.000	32.000
228.000	31.000
229.000	23.000
230.000	11.000
231.000	17.000
232.000	22.000
233.000	7.000
234.000	14.000
235.000	10.000
236.000	10.000
237.000	15.000
238.000	11.000
239.000	7.000
240.000	9.000
241.000	12.000
242.000	14.000
243.000	20.000
244.000	6.000
245.000	13.000
246.000	20.000
247.000	24.000
248.000	18.000
249.000	24.000
250.000	30.000
251.000	66.000
252.000	63.000
253.000	94.000
254.000	131.000
255.000	141.000
256.000	131.000
257.000	158.000
258.000	131.000
259.000	141.000
260.000	97.000
261.000	78.000
262.000	65.000
263.000	68.000
264.000	42.000
265.000	31.000
266.000	18.000
267.000	22.000
268.000	15.000
269.000	15.000
270.000	17.000
271.000	27.000
272.000	27.000
273.000	18.000
274.000	26.000
275.000	31.000
276.000	29.000
277.000	30.000
278.000	25.000
279.000	35.000
280.000	29.000
281.000	36.000
282.000	18.000
283.000	42.000
284.000	39.000
285.000	57.000
286.000	65.000
287.000	72.000
288.000	80.000
289.000	65.000
290.000	88.000
291.000	78.000
292.000	67.000
293.000	76.000
294.000	47.000
295.000	60.000
296.000	50.000
297.000	30.000
298.000	26.000
299.000	16.000
300.000	16.000
301.000	20.000
302.000	17.000
303.000	23.000
304.000	17.000
305.000	20.000
306.000	22.000
307.000	26.000
308.000	30.000
309.000	20.000
310.000	15.000
311.000	41.000
312.000	32.000
313.000	37.000
314.000	53.000
315.000	48.000
316.000	86.000
317.000	97.000
318.000	151.000
319.000	183.000
320.000	227.000
321.000	328.000
322.000	327.000
323.000	374.000
324.000	407.000
325.000	375.000
326.000	365.000
327.000	332.000
328.000	301.000
329.000	229.000
330.000	201.000
331.000	144.000
332.000	109.000
333.000	96.000
334.000	57.000
335.000	52.000
336.000	29.000
337.000	17.000
338.000	31.000
339.000	43.000
340.000	34.000
341.000	48.000
342.000	47.000
343.000	67.000
344.000	77.000
345.000	125.000
346.000	162.000
347.000	243.000
348.000	383.000
349.000	537.000
350.000	890.000
351.000	1317.000
352.000	2101.000
353.000	3062.000
354.000	4260.000
355.000	5922.000
356.000	7703.000
357.000	9703.000
358.000	11711.000
359.000	13051.000
360.000	14306.000
361.000	14924.000
362.000	14802.000
363.000	14015.000
364.000	12861.000
365.000	10998.000
366.000	9078.000
367.000	6960.000
368.000	5377.000
369.000	3874.000
370.000	2639.000
371.000	1776.000
372.000	1066.000
373.000	672.000
374.000	379.000
375.000	252.000
376.000	191.000
377.000	148.000
378.000	133.000
379.000	124.000
380.000	158.000
381.000	228.000
382.000	288.000
383.000	404.000
384.000	495.000
385.000	678.000
386.000	825.000
387.000	1051.000
388.000	1326.000
389.000	1577.000
390.000	1936.000
391.000	2134.000
392.000	2237.000
393.000	2270.000
394.000	2200.000
395.000	2075.000
396.000	1799.000
397.000	1593.000
398.000	1174.000
399.000	1001.000
400.000	776.000
401.000	553.000
402.000	390.000
403.000	241.000
404.000	173.000
405.000	95.000
406.000	61.000
407.000	40.000
408.000	19.000
409.000	19.000
410.000	12.000
411.000	10.000
412.000	20.000
413.000	8.000
414.000	7.000
415.000	11.000
416.000	6.000
417.000	4.000
418.000	9.000
419.000	8.000
420.000	10.000
421.000	6.000
422.000	4.000
423.000	9.000
424.000	10.000
425.000	16.000
426.000	11.000
427.000	10.000
428.000	25.000
429.000	27.000
430.000	39.000
431.000	47.000
432.000	59.000
433.000	83.000
434.000	116.000
435.000	134.000
436.000	143.000
437.000	206.000
438.000	222.000
439.000	226.000
440.000	258.000
441.000	256.000
442.000	277.000
443.000	241.000
444.000	218.000
445.000	222.000
446.000	160.000
447.000	126.000
448.000	114.000
449.000	98.000
450.000	65.000
451.000	71.000
452.000	56.000
453.000	36.000
454.000	55.000
455.000	40.000
456.000	48.000
457.000	36.000
458.000	37.000
459.000	32.000
460.000	29.000
461.000	19.000
462.000	18.000
463.000	26.000
464.000	21.000
465.000	25.000
466.000	24.000
467.000	19.000
468.000	32.000
469.000	22.000
470.000	22.000
471.000	22.000
472.000	31.000
473.000	40.000
474.000	37.000
475.000	31.000
476.000	52.000
477.000	48.000
478.000	45.000
479.000	42.000
480.000	53.000
481.000	55.000
482.000	40.000
483.000	65.000
484.000	51.000
485.000	47.000
486.000	50.000
487.000	57.000
488.000	41.000
489.000	36.000
490.000	25.000
491.000	32.000
492.000	19.000
493.000	22.000
494.000	21.000
495.000	22.000
496.000	20.000
497.000	16.000
498.000	18.000
499.000	20.000
500.000	18.000
501.000	19.000
502.000	21.000
503.000	26.000
504.000	23.000
505.000	19.000
506.000	18.000
507.000	23.000
508.000	29.000
509.000	22.000
510.000	27.000
511.000	20.000
512.000	20.000
513.000	38.000
514.000	27.000
515.000	29.000
516.000	22.000
517.000	33.000
518.000	27.000
519.000	27.000
520.000	39.000
521.000	35.000
522.000	43.000
523.000	34.000
524.000	45.000
525.000	51.000
526.000	45.000
527.000	48.000
528.000	64.000
529.000	43.000
530.000	44.000
531.000	56.000
532.000	55.000
533.000	37.000
534.000	35.000
535.000	31.000
536.000	30.000
537.000	35.000
538.000	26.000
539.000	32.000
540.000	27.000
541.000	28.000
542.000	27.000
543.000	19.000
544.000	29.000
545.000	26.000
546.000	20.000
547.000	24.000
548.000	31.000
549.000	31.000
550.000	13.000
551.000	33.000
552.000	25.000
553.000	28.000
554.000	29.000
555.000	31.000
556.000	32.000
557.000	25.000
558.000	31.000
559.000	36.000
560.000	54.000
561.000	43.000
562.000	60.000
563.000	69.000
564.000	80.000
565.000	119.000
566.000	145.000
567.000	191.000
568.000	263.000
569.000	301.000
570.000	364.000
571.000	429.000
572.000	481.000
573.000	582.000
574.000	641.000
575.000	603.000
576.000	643.000
577.000	634.000
578.000	619.000
579.000	590.000
580.000	496.000
581.000	464.000
582.000	387.000
583.000	306.000
584.000	255.000
585.000	214.000
586.000	151.000
587.000	127.000
588.000	99.000
589.000	56.000
590.000	65.000
591.000	54.000
592.000	47.000
593.000	24.000
594.000	41.000
595.000	42.000
596.000	34.000
597.000	36.000
598.000	34.000
599.000	36.000
600.000	38.000
601.000	35.000
602.000	35.000
603.000	50.000
604.000	45.000
605.000	56.000
606.000	85.000
607.000	97.000
608.000	127.000
609.000	200.000
610.000	259.000
611.000	388.000
612.000	471.000
613.000	662.000
614.000	1042.000
615.000	1314.000
616.000	1766.000
617.000	2238.000
618.000	2843.000
619.000	3371.000
620.000	4103.000
621.000	4694.000
622.000	5290.000
623.000	5892.000
624.000	6113.000
625.000	6181.000
626.000	6288.000
627.000	6107.000
628.000	5808.000
629.000	5155.000
630.000	4621.000
631.000	3897.000
632.000	3321.000
633.000	2718.000
634.000	2082.000
635.000	1647.000
636.000	1245.000
637.000	886.000
638.000	634.000
639.000	516.000
640.000	307.000
641.000	250.000
642.000	195.000
643.000	140.000
644.000	115.000
645.000	102.000
646.000	107.000
647.000	71.000
648.000	66.000
649.000	57.000
650.000	70.000
651.000	55.000
652.000	50.000
653.000	51.000
654.000	58.000
655.000	49.000
656.000	52.000
657.000	65.000
658.000	50.000
659.000	56.000
660.000	60.000
661.000	62.000
662.000	63.000
663.000	71.000
664.000	64.000
665.000	82.000
666.000	80.000
667.000	92.000
668.000	78.000
669.000	87.000
670.000	94.000
671.000	104.000
672.000	103.000
673.000	150.000
674.000	163.000
675.000	166.000
676.000	213.000
677.000	247.000
678.000	305.000
679.000	310.000
680.000	400.000
681.000	509.000
682.000	541.000
683.000	707.000
684.000	814.000
685.000	818.000
686.000	902.000
687.000	1033.000
688.000	975.000
689.000	1079.000
690.000	1055.000
691.000	1038.000
692.000	1058.000
693.000	810.000
694.000	797.000
695.000	682.000
696.000	602.000
697.000	495.000
698.000	423.000
699.000	332.000
700.000	253.000
701.000	190.000
702.000	178.000
703.000	141.000
704.000	109.000
705.000	107.000
706.000	78.000
707.000	90.000
708.000	56.000
709.000	51.000
710.000	60.000
711.000	65.000
712.000	73.000
713.000	79.000
714.000	63.000
715.000	65.000
716.000	61.000
717.000	69.000
718.000	83.000
719.000	79.000
720.000	69.000
721.000	77.000
722.000	84.000
723.000	91.000
724.000	95.000
725.000	93.000
726.000	99.000
727.000	100.000
728.000	120.000
729.000	114.000
730.000	114.000
731.000	115.000
732.000	118.000
733.000	99.000
734.000	98.000
735.000	101.000
736.000	96.000
737.000	86.000
738.000	85.000
739.000	80.000
740.000	71.000
741.000	80.000
742.000	76.000
743.000	68.000
744.000	66.000
745.000	67.000
746.000	82.000
747.000	62.000
748.000	69.000
749.000	75.000
750.000	70.000
751.000	68.000
752.000	85.000
753.000	54.000
754.000	86.000
755.000	53.000
756.000	59.000
757.000	75.000
758.000	75.000
759.000	68.000
760.000	64.000
761.000	72.000
762.000	73.000
763.000	70.000
764.000	71.000
765.000	85.000
766.000	77.000
767.000	74.000
768.000	78.000
769.000	75.000
770.000	87.000
771.000	84.000
772.000	97.000
773.000	106.000
774.000	98.000
775.000	85.000
776.000	115.000
777.000	86.000
778.000	117.000
779.000	111.000
780.000	123.000
781.000	148.000
782.000	109.000
783.000	109.000
784.000	132.000
785.000	142.000
786.000	135.000
787.000	135.000
788.000	117.000
789.000	151.000
790.000	137.000
791.000	169.000
792.000	146.000
793.000	161.000
794.000	119.000
795.000	158.000
796.000	142.000
797.000	161.000
798.000	136.000
799.000	153.000
800.000	148.000
801.000	154.000
802.000	131.000
803.000	149.000
804.000	156.000
805.000	140.000
806.000	171.000
807.000	193.000
808.000	147.000
809.000	175.000
810.000	202.000
811.000	221.000
812.000	224.000
813.000	256.000
814.000	271.000
815.000	294.000
816.000	289.000
817.000	320.000
818.000	330.000
819.000	298.000
820.000	281.000
821.000	278.000
822.000	292.000
823.000	286.000
824.000	275.000
825.000	250.000
826.000	224.000
827.000	224.000
828.000	186.000
829.000	191.000
830.000	169.000
831.000	155.000
832.000	139.000
833.000	127.000
834.000	139.000
835.000	124.000
836.000	111.000
837.000	140.000
838.000	140.000
839.000	126.000
840.000	122.000
841.000	154.000
842.000	116.000
843.000	128.000
844.000	132.000
845.000	126.000
846.000	112.000
847.000	130.000
848.000	138.000
849.000	151.000
850.000	120.000
851.000	115.000
852.000	107.000
853.000	117.000
854.000	104.000
855.000	119.000
856.000	127.000
857.000	107.000
858.000	108.000
859.000	102.000
860.000	132.000
861.000	102.000
862.000	123.000
863.000	124.000
864.000	109.000
865.000	122.000
866.000	115.000
867.000	107.000
868.000	107.000
869.000	106.000
870.000	103.000
871.000	116.000
872.000	134.000
873.000	104.000
874.000	108.000
875.000	118.000
876.000	117.000
877.000	114.000
878.000	125.000
879.000	118.000
880.000	112.000
881.000	113.000
882.000	140.000
883.000	124.000
884.000	143.000
885.000	117.000
886.000	135.000
887.000	144.000
888.000	113.000
889.000	118.000
890.000	108.000
891.000	142.000
892.000	123.000
893.000	142.000
894.000	143.000
895.000	138.000
896.000	142.000
897.000	145.000
898.000	147.000
899.000	146.000
900.000	127.000
901.000	148.000
902.000	136.000
903.000	169.000
904.000	152.000
905.000	153.000
906.000	150.000
907.000	169.000
908.000	165.000
909.000	150.000
910.000	166.000
911.000	151.000
912.000	172.000
913.000	184.000
914.000	153.000
915.000	183.000
916.000	175.000
917.000	168.000
918.000	176.000
919.000	180.000
920.000	186.000
921.000	161.000
922.000	191.000
923.000	195.000
924.000	206.000
925.000	191.000
926.000	174.000
927.000	176.000
928.000	197.000
929.000	189.000
930.000	202.000
931.000	178.000
932.000	193.000
933.000	219.000
934.000	223.000
935.000	218.000
936.000	210.000
937.000	232.000
938.000	231.000
939.000	218.000
940.000	233.000
941.000	260.000
942.000	265.000
943.000	274.000
944.000	254.000
945.000	274.000
946.000	268.000
947.000	247.000
948.000	244.000
949.000	249.000
950.000	215.000
951.000	232.000
952.000	212.000
953.000	232.000
954.000	190.000
955.000	193.000
956.000	179.000
957.000	183.000
958.000	207.000
959.000	180.000
960.000	170.000
961.000	169.000
962.000	175.000
963.000	184.000
964.000	170.000
965.000	200.000
966.000	161.000
967.000	184.000
968.000	182.000
969.000	180.000
970.000	211.000
971.000	197.000
972.000	169.000
973.000	180.000
974.000	169.000
975.000	186.000
976.000	153.000
977.000	185.000
978.000	177.000
979.000	169.000
980.000	156.000
981.000	172.000
982.000	151.000
983.000	145.000
984.000	161.000
985.000	142.000
986.000	135.000
987.000	131.000
988.000	126.000
989.000	163.000
990.000	145.000
991.000	160.000
992.000	133.000
993.000	128.000
994.000	145.000
995.000	134.000
996.000	153.000
997.000	118.000
998.000	143.000
999.000	128.000
1000.000	141.000
1001.000	138.000
1002.000	136.000
1003.000	99.000
1004.000	121.000
1005.000	158.000
1006.000	120.000
1007.000	130.000
1008.000	129.000
1009.000	145.000
1010.000	141.000
1011.000	139.000
1012.000	156.000
1013.000	127.000
1014.000	140.000
1015.000	125.000
1016.000	153.000
1017.000	141.000
1018.000	129.000
1019.000	145.000
1020.000	139.000
1021.000	142.000
1022.000	149.000
1023.000	165.000
1024.000	144.000
1025.000	150.000
1026.000	153.000
1027.000	135.000
1028.000	138.000
1029.000	148.000
1030.000	123.000
1031.000	149.000
1032.000	152.000
1033.000	139.000
1034.000	130.000
1035.000	151.000
1036.000	119.000
1037.000	150.000
1038.000	137.000
1039.000	130.000
1040.000	147.000
1041.000	169.000
1042.000	169.000
1043.000	151.000
1044.000	161.000
1045.000	170.000
1046.000	153.000
1047.000	154.000
1048.000	163.000
1049.000	147.000
1050.000	152.000
1051.000	159.000
1052.000	168.000
1053.000	152.000
1054.000	160.000
1055.000	163.000
1056.000	149.000
1057.000	164.000
1058.000	148.000
1059.000	160.000
1060.000	165.000
1061.000	153.000
1062.000	146.000
1063.000	149.000
1064.000	149.000
1065.000	147.000
1066.000	159.000
1067.000	168.000
1068.000	163.000
1069.000	182.000
1070.000	163.000
1071.000	158.000
1072.000	148.000
1073.000	165.000
1074.000	154.000
1075.000	154.000
1076.000	136.000
1077.000	150.000
1078.000	163.000
1079.000	169.000
1080.000	181.000
1081.000	132.000
1082.000	143.000
1083.000	190.000
1084.000	155.000
1085.000	173.000
1086.000	176.000
1087.000	155.000
1088.000	138.000
1089.000	154.000
1090.000	155.000
1091.000	159.000
1092.000	179.000
1093.000	167.000
1094.000	166.000
1095.000	179.000
1096.000	170.000
1097.000	179.000
1098.000	174.000
1099.000	160.000
1100.000	189.000
1101.000	167.000
1102.000	181.000
1103.000	151.000
1104.000	182.000
1105.000	166.000
1106.000	174.000
1107.000	183.000
1108.000	144.000
1109.000	162.000
1110.000	153.000
1111.000	145.000
1112.000	142.000
1113.000	169.000
1114.000	161.000
1115.000	136.000
1116.000	187.000
1117.000	139.000
1118.000	161.000
1119.000	171.000
1120.000	154.000
1121.000	150.000
1122.000	163.000
1123.000	173.000
1124.000	166.000
1125.000	174.000
1126.000	177.000
1127.000	144.000
1128.000	145.000
1129.000	163.000
1130.000	147.000
1131.000	166.000
1132.000	184.000
1133.000	165.000
1134.000	160.000
1135.000	161.000
1136.000	155.000
1137.000	167.000
1138.000	160.000
1139.000	151.000
1140.000	154.000
1141.000	163.000
1142.000	141.000
1143.000	169.000
1144.000	162.000
1145.000	152.000
1146.000	168.000
1147.000	146.000
1148.000	156.000
1149.000	172.000
1150.000	151.000
1151.000	188.000
1152.000	155.000
1153.000	136.000
1154.000	154.000
1155.000	165.000
1156.000	182.000
1157.000	194.000
1158.000	174.000
1159.000	163.000
1160.000	180.000
1161.000	171.000
1162.000	188.000
1163.000	157.000
1164.000	219.000
1165.000	166.000
1166.000	157.000
1167.000	193.000
1168.000	158.000
1169.000	178.000
1170.000	177.000
1171.000	146.000
1172.000	167.000
1173.000	169.000
1174.000	158.000
1175.000	179.000
1176.000	158.000
1177.000	186.000
1178.000	174.000
1179.000	184.000
1180.000	155.000
1181.000	159.000
1182.000	185.000
1183.000	179.000
1184.000	163.000
1185.000	159.000
1186.000	166.000
1187.000	167.000
1188.000	172.000
1189.000	163.000
1190.000	157.000
1191.000	148.000
1192.000	170.000
1193.000	153.000
1194.000	147.000
1195.000	161.000
1196.000	154.000
1197.000	177.000
1198.000	163.000
1199.000	153.000
1200.000	164.000
1201.000	184.000
1202.000	178.000
1203.000	148.000
1204.000	162.000
1205.000	165.000
1206.000	164.000
1207.000	179.000
1208.000	146.000
1209.000	157.000
1210.000	134.000
1211.000	157.000
1212.000	173.000
1213.000	163.000
1214.000	159.000
1215.000	155.000
1216.000	146.000
1217.000	154.000
1218.000	174.000
1219.000	178.000
1220.000	168.000
1221.000	168.000
1222.000	173.000
1223.000	165.000
1224.000	166.000
1225.000	149.000
1226.000	167.000
1227.000	162.000
1228.000	173.000
1229.000	163.000
1230.000	187.000
1231.000	158.000
1232.000	180.000
1233.000	175.000
1234.000	170.000
1235.000	172.000
1236.000	151.000
1237.000	192.000
1238.000	185.000
1239.000	169.000
1240.000	186.000
1241.000	181.000
1242.000	183.000
1243.000	186.000
1244.000	172.000
1245.000	177.000
1246.000	177.000
1247.000	180.000
1248.000	174.000
1249.000	175.000
1250.000	150.000
1251.000	156.000
1252.000	174.000
1253.000	170.000
1254.000	165.000
1255.000	161.000
1256.000	161.000
1257.000	182.000
1258.000	169.000
1259.000	167.000
1260.000	171.000
1261.000	157.000
1262.000	182.000
1263.000	189.000
1264.000	170.000
1265.000	166.000
1266.000	180.000
1267.000	168.000
1268.000	160.000
1269.000	176.000
1270.000	170.000
1271.000	162.000
1272.000	162.000
1273.000	161.000
1274.000	167.000
1275.000	178.000
1276.000	165.000
1277.000	159.000
1278.000	164.000
1279.000	179.000
1280.000	161.000
1281.000	169.000
1282.000	179.000
1283.000	153.000
1284.000	163.000
1285.000	173.000
1286.000	193.000
1287.000	173.000
1288.000	165.000
1289.000	153.000
1290.000	171.000
1291.000	180.000
1292.000	185.000
1293.000	173.000
1294.000	194.000
1295.000	176.000
1296.000	169.000
1297.000	164.000
1298.000	203.000
1299.000	179.000
1300.000	214.000
1301.000	178.000
1302.000	206.000
1303.000	205.000
1304.000	196.000
1305.000	177.000
1306.000	188.000
1307.000	203.000
1308.000	209.000
1309.000	182.000
1310.000	196.000
1311.000	179.000
1312.000	204.000
1313.000	163.000
1314.000	184.000
1315.000	173.000
1316.000	197.000
1317.000	180.000
1318.000	155.000
1319.000	170.000
1320.000	172.000
1321.000	176.000
1322.000	195.000
1323.000	153.000
1324.000	192.000
1325.000	166.000
1326.000	178.000
1327.000	166.000
1328.000	190.000
1329.000	189.000
1330.000	158.000
1331.000	177.000
1332.000	164.000
1333.000	166.000
1334.000	160.000
1335.000	186.000
1336.000	169.000
1337.000	157.000
1338.000	192.000
1339.000	184.000
1340.000	169.000
1341.000	178.000
1342.000	173.000
1343.000	188.000
1344.000	168.000
1345.000	169.000
1346.000	163.000
1347.000	173.000
1348.000	170.000
1349.000	179.000
1350.000	175.000
1351.000	169.000
1352.000	200.000
1353.000	177.000
1354.000	201.000
1355.000	169.000
1356.000	186.000
1357.000	175.000
1358.000	188.000
1359.000	225.000
1360.000	260.000
1361.000	245.000
1362.000	274.000
1363.000	285.000
1364.000	295.000
1365.000	344.000
1366.000	400.000
1367.000	417.000
1368.000	434.000
1369.000	507.000
1370.000	555.000
1371.000	572.000
1372.000	621.000
1373.000	647.000
1374.000	697.000
1375.000	754.000
1376.000	761.000
1377.000	798.000
1378.000	805.000
1379.000	865.000
1380.000	828.000
1381.000	842.000
1382.000	862.000
1383.000	831.000
1384.000	787.000
1385.000	726.000
1386.000	616.000
1387.000	622.000
1388.000	631.000
1389.000	519.000
1390.000	477.000
1391.000	462.000
1392.000	407.000
1393.000	397.000
1394.000	319.000
1395.000	315.000
1396.000	277.000
1397.000	251.000
1398.000	249.000
1399.000	239.000
1400.000	189.000
1401.000	210.000
1402.000	184.000
1403.000	189.000
1404.000	176.000
1405.000	162.000
1406.000	183.000
1407.000	164.000
1408.000	163.000
1409.000	173.000
1410.000	187.000
1411.000	160.000
1412.000	156.000
1413.000	161.000
1414.000	175.000
1415.000	169.000
1416.000	157.000
1417.000	174.000
1418.000	163.000
1419.000	172.000
1420.000	190.000
1421.000	156.000
1422.000	150.000
1423.000	175.000
1424.000	188.000
1425.000	179.000
1426.000	159.000
1427.000	161.000
1428.000	169.000
1429.000	203.000
1430.000	170.000
1431.000	151.000
1432.000	160.000
1433.000	176.000
1434.000	174.000
1435.000	180.000
1436.000	172.000
1437.000	172.000
1438.000	191.000
1439.000	150.000
1440.000	169.000
1441.000	162.000
1442.000	192.000
1443.000	188.000
1444.000	174.000
1445.000	165.000
1446.000	164.000
1447.000	179.000
1448.000	186.000
1449.000	185.000
1450.000	172.000
1451.000	181.000
1452.000	194.000
1453.000	198.000
1454.000	170.000
1455.000	184.000
1456.000	161.000
1457.000	163.000
1458.000	180.000
1459.000	191.000
1460.000	191.000
1461.000	193.000
1462.000	180.000
1463.000	174.000
1464.000	191.000
1465.000	169.000
1466.000	178.000
1467.000	156.000
1468.000	175.000
1469.000	185.000
1470.000	175.000
1471.000	191.000
1472.000	164.000
1473.000	175.000
1474.000	187.000
1475.000	158.000
1476.000	174.000
1477.000	182.000
1478.000	170.000
1479.000	191.000
1480.000	180.000
1481.000	166.000
1482.000	179.000
1483.000	162.000
1484.000	173.000
1485.000	183.000
1486.000	166.000
1487.000	192.000
1488.000	168.000
1489.000	177.000
1490.000	186.000
1491.000	182.000
1492.000	158.000
1493.000	185.000
1494.000	173.000
1495.000	185.000
1496.000	167.000
1497.000	206.000
1498.000	175.000
1499.000	198.000
1500.000	172.000
1501.000	165.000
1502.000	176.000
1503.000	174.000
1504.000	161.000
1505.000	178.000
1506.000	175.000
1507.000	187.000
1508.000	196.000
1509.000	178.000
1510.000	179.000
1511.000	183.000
1512.000	164.000
1513.000	173.000
1514.000	196.000
1515.000	184.000
1516.000	195.000
1517.000	188.000
1518.000	190.000
1519.000	207.000
1520.000	191.000
1521.000	216.000
1522.000	197.000
1523.000	213.000
1524.000	196.000
1525.000	218.000
1526.000	217.000
1527.000	222.000
1528.000	220.000
1529.000	227.000
1530.000	266.000
1531.000	275.000
1532.000	269.000
1533.000	252.000
1534.000	265.000
1535.000	315.000
1536.000	299.000
1537.000	290.000
1538.000	308.000
1539.000	313.000
1540.000	345.000
1541.000	312.000
1542.000	310.000
1543.000	304.000
1544.000	344.000
1545.000	360.000
1546.000	324.000
1547.000	340.000
1548.000	322.000
1549.000	315.000
1550.000	304.000
1551.000	330.000
1552.000	303.000
1553.000	301.000
1554.000	246.000
1555.000	284.000
1556.000	268.000
1557.000	282.000
1558.000	257.000
1559.000	240.000
1560.000	258.000
1561.000	264.000
1562.000	284.000
1563.000	261.000
1564.000	282.000
1565.000	262.000
1566.000	283.000
1567.000	308.000
1568.000	271.000
1569.000	293.000
1570.000	341.000
1571.000	314.000
1572.000	302.000
1573.000	288.000
1574.000	342.000
1575.000	285.000
1576.000	379.000
1577.000	360.000
1578.000	340.000
1579.000	350.000
1580.000	401.000
1581.000	383.000
1582.000	398.000
1583.000	417.000
1584.000	443.000
1585.000	472.000
1586.000	426.000
1587.000	441.000
1588.000	505.000
1589.000	457.000
1590.000	450.000
1591.000	489.000
1592.000	493.000
1593.000	529.000
1594.000	528.000
1595.000	581.000
1596.000	523.000
1597.000	542.000
1598.000	568.000
1599.000	543.000
1600.000	596.000
1601.000	559.000
1602.000	563.000
1603.000	614.000
1604.000	606.000
1605.000	580.000
1606.000	570.000
1607.000	654.000
1608.000	626.000
1609.000	617.000
1610.000	597.000
1611.000	615.000
1612.000	590.000
1613.000	578.000
1614.000	600.000
1615.000	582.000
1616.000	584.000
1617.000	530.000
1618.000	599.000
1619.000	553.000
1620.000	562.000
1621.000	565.000
1622.000	485.000
1623.000	559.000
1624.000	507.000
1625.000	510.000
1626.000	484.000
1627.000	458.000
1628.000	456.000
1629.000	451.000
1630.000	438.000
1631.000	402.000
1632.000	405.000
1633.000	416.000
1634.000	397.000
1635.000	400.000
1636.000	393.000
1637.000	345.000
1638.000	349.000
1639.000	318.000
1640.000	316.000
1641.000	317.000
1642.000	336.000
1643.000	312.000
1644.000	298.000
1645.000	285.000
1646.000	306.000
1647.000	282.000
1648.000	280.000
1649.000	257.000
1650.000	231.000
1651.000	215.000
1652.000	249.000
1653.000	228.000
1654.000	233.000
1655.000	231.000
1656.000	247.000
1657.000	244.000
1658.000	207.000
1659.000	201.000
1660.000	196.000
1661.000	176.000
1662.000	228.000
1663.000	189.000
1664.000	185.000
1665.000	195.000
1666.000	178.000
1667.000	187.000
1668.000	180.000
1669.000	186.000
1670.000	163.000
1671.000	173.000
1672.000	188.000
1673.000	178.000
1674.000	181.000
1675.000	177.000
1676.000	169.000
1677.000	204.000
1678.000	198.000
1679.000	189.000
1680.000	217.000
1681.000	220.000
1682.000	237.000
1683.000	231.000
1684.000	251.000
1685.000	274.000
1686.000	276.000
1687.000	284.000
1688.000	351.000
1689.000	329.000
1690.000	387.000
1691.000	368.000
1692.000	410.000
1693.000	422.000
1694.000	432.000
1695.000	506.000
1696.000	461.000
1697.000	517.000
1698.000	538.000
1699.000	542.000
1700.000	538.000
1701.000	504.000
1702.000	503.000
1703.000	533.000
1704.000	556.000
1705.000	487.000
1706.000	507.000
1707.000	468.000
1708.000	494.000
1709.000	415.000
1710.000	421.000
1711.000	398.000
1712.000	382.000
1713.000	336.000
1714.000	348.000
1715.000	299.000
1716.000	259.000
1717.000	241.000
1718.000	230.000
1719.000	251.000
1720.000	226.000
1721.000	217.000
1722.000	180.000
1723.000	172.000
1724.000	166.000
1725.000	176.000
1726.000	173.000
1727.000	166.000
1728.000	163.000
1729.000	144.000
1730.000	165.000
1731.000	136.000
1732.000	140.000
1733.000	135.000
1734.000	152.000
1735.000	158.000
1736.000	159.000
1737.000	134.000
1738.000	152.000
1739.000	123.000
1740.000	135.000
1741.000	152.000
1742.000	141.000
1743.000	134.000
1744.000	149.000
1745.000	133.000
1746.000	149.000
1747.000	146.000
1748.000	135.000
1749.000	123.000
1750.000	148.000
1751.000	172.000
1752.000	168.000
1753.000	108.000
1754.000	137.000
1755.000	159.000
1756.000	152.000
1757.000	149.000
1758.000	153.000
1759.000	158.000
1760.000	160.000
1761.000	166.000
1762.000	156.000
1763.000	174.000
1764.000	172.000
1765.000	174.000
1766.000	150.000
1767.000	146.000
1768.000	169.000
1769.000	186.000
1770.000	175.000
1771.000	159.000
1772.000	163.000
1773.000	181.000
1774.000	195.000
1775.000	176.000
1776.000	187.000
1777.000	193.000
1778.000	174.000
1779.000	164.000
1780.000	187.000
1781.000	188.000
1782.000	182.000
1783.000	166.000
1784.000	183.000
1785.000	202.000
1786.000	194.000
1787.000	191.000
1788.000	188.000
1789.000	192.000
1790.000	197.000
1791.000	191.000
1792.000	206.000
1793.000	161.000
1794.000	185.000
1795.000	185.000
1796.000	218.000
1797.000	176.000
1798.000	210.000
1799.000	171.000
1800.000	192.000
1801.000	198.000
1802.000	185.000
1803.000	187.000
1804.000	189.000
1805.000	187.000
1806.000	197.000
1807.000	191.000
1808.000	174.000
1809.000	204.000
1810.000	183.000
1811.000	175.000
1812.000	178.000
1813.000	167.000
1814.000	178.000
1815.000	177.000
1816.000	162.000
1817.000	186.000
1818.000	153.000
1819.000	150.000
1820.000	159.000
1821.000	131.000
1822.000	148.000
1823.000	159.000
1824.000	135.000
1825.000	149.000
1826.000	132.000
1827.000	133.000
1828.000	140.000
1829.000	137.000
1830.000	120.000
1831.000	126.000
1832.000	115.000
1833.000	132.000
1834.000	122.000
1835.000	129.000
1836.000	102.000
1837.000	121.000
1838.000	95.000
1839.000	124.000
1840.000	101.000
1841.000	111.000
1842.000	109.000
1843.000	123.000
1844.000	95.000
1845.000	113.000
1846.000	90.000
1847.000	96.000
1848.000	120.000
1849.000	110.000
1850.000	90.000
1851.000	99.000
1852.000	91.000
1853.000	81.000
1854.000	83.000
1855.000	90.000
1856.000	88.000
1857.000	88.000
1858.000	68.000
1859.000	80.000
1860.000	90.000
1861.000	101.000
1862.000	94.000
1863.000	71.000
1864.000	79.000
1865.000	83.000
1866.000	81.000
1867.000	99.000
1868.000	76.000
1869.000	75.000
1870.000	97.000
1871.000	74.000
1872.000	71.000
1873.000	82.000
1874.000	83.000
1875.000	74.000
1876.000	70.000
1877.000	64.000
1878.000	76.000
1879.000	70.000
1880.000	60.000
1881.000	72.000
1882.000	66.000
1883.000	79.000
1884.000	70.000
1885.000	71.000
1886.000	64.000
1887.000	87.000
1888.000	73.000
1889.000	71.000
1890.000	71.000
1891.000	59.000
1892.000	67.000
1893.000	81.000
1894.000	79.000
1895.000	81.000
1896.000	92.000
1897.000	89.000
1898.000	88.000
1899.000	111.000
1900.000	95.000
1901.000	105.000
1902.000	108.000
1903.000	103.000
1904.000	103.000
1905.000	119.000
1906.000	122.000
1907.000	112.000
1908.000	133.000
1909.000	117.000
1910.000	125.000
1911.000	120.000
1912.000	124.000
1913.000	123.000
1914.000	114.000
1915.000	126.000
1916.000	102.000
1917.000	109.000
1918.000	113.000
1919.000	103.000
1920.000	83.000
1921.000	114.000
1922.000	93.000
1923.000	93.000
1924.000	95.000
1925.000	98.000
1926.000	86.000
1927.000	83.000
1928.000	78.000
1929.000	77.000
1930.000	53.000
1931.000	84.000
1932.000	74.000
1933.000	74.000
1934.000	71.000
1935.000	70.000
1936.000	73.000
1937.000	70.000
1938.000	72.000
1939.000	72.000
1940.000	52.000
1941.000	83.000
1942.000	75.000
1943.000	63.000
1944.000	61.000
1945.000	73.000
1946.000	79.000
1947.000	71.000
1948.000	67.000
1949.000	60.000
1950.000	72.000
1951.000	65.000
1952.000	64.000
1953.000	64.000
1954.000	70.000
1955.000	52.000
1956.000	63.000
1957.000	62.000
1958.000	64.000
1959.000	59.000
1960.000	45.000
1961.000	54.000
1962.000	53.000
1963.000	56.000
1964.000	46.000
1965.000	49.000
1966.000	52.000
1967.000	60.000
1968.000	45.000
1969.000	44.000
1970.000	59.000
1971.000	48.000
1972.000	56.000
1973.000	51.000
1974.000	39.000
1975.000	47.000
1976.000	70.000
1977.000	71.000
1978.000	44.000
1979.000	40.000
1980.000	48.000
1981.000	48.000
1982.000	46.000
1983.000	49.000
1984.000	60.000
1985.000	45.000
1986.000	52.000
1987.000	56.000
1988.000	43.000
1989.000	38.000
1990.000	44.000
1991.000	55.000
1992.000	50.000
1993.000	51.000
1994.000	53.000
1995.000	46.000
1996.000	48.000
1997.000	45.000
1998.000	49.000
1999.000	36.000
2000.000	55.000
2001.000	38.000
2002.000	49.000
2003.000	59.000
2004.000	56.000
2005.000	44.000
2006.000	61.000
2007.000	39.000
2008.000	51.000
2009.000	51.000
2010.000	56.000
2011.000	53.000
2012.000	46.000
2013.000	59.000
2014.000	54.000
2015.000	50.000
2016.000	55.000
2017.000	56.000
2018.000	56.000
2019.000	65.000
2020.000	43.000
2021.000	36.000
2022.000	51.000
2023.000	55.000
2024.000	51.000
2025.000	46.000
2026.000	55.000
2027.000	44.000
2028.000	51.000
2029.000	54.000
2030.000	56.000
2031.000	44.000
2032.000	51.000
2033.000	50.000
2034.000	45.000
2035.000	48.000
2036.000	60.000
2037.000	43.000
2038.000	50.000
2039.000	42.000
2040.000	40.000
2041.000	52.000
2042.000	48.000
2043.000	41.000
2044.000	42.000
2045.000	42.000
2046.000	64.000
2047.000	36.000
2048.000	0.000
