C:\Data\CD166_19_(2020)\CD166_19_S2\CD166_19_S2_REP2     18-Sep-20  re-evaluated data
peakarea
filename	position (mm)	sample surface	validity	E-gain	E-offset	F-slope	F-offset	cps	MSE	Al	Si	P	S	Cl	Ar	K	Ca	Sc	Ti	V	Cr	Mn	Fe	Ni	Cu	Zn	Ga	Ge	Br	Rb	Sr	Y	Zr	Pd	Cd	I	Cs	Ba	Ce	Nd	Ta	W	Pb	Bi	Fe a*2	Fe a+b	S1	S2	S3	Mo inc	Mo coh	Dt	
C:\Data\CD166_19_(2020)\CD166_19_S2\CD166_19_S2_REP2\XRF data\L000000.spe	24.22	6.99	1	0.010262	-0.008542	0.009800	0.078770	33847	1.70	132	919	0	95	1000	630	6449	53433	106	6453	255	252	2387	86988	120	88	430	157	167	323	694	6161	233	2014	13	0	37	0	0	176	0	966	2594	88	228	94	0	0	269	2334	28282	9320	0.108	
C:\Data\CD166_19_(2020)\CD166_19_S2\CD166_19_S2_REP2\XRF data\L000001.spe	25.22	6.99	1	0.010261	-0.008542	0.009800	0.078770	33266	1.81	101	1018	0	83	914	648	7107	49021	91	6559	363	218	2503	90395	136	133	406	257	137	306	608	5516	257	2265	6	35	6	0	48	112	0	963	2606	40	207	55	43	0	191	2430	26924	8786	0.104	
C:\Data\CD166_19_(2020)\CD166_19_S2\CD166_19_S2_REP2\XRF data\L000002.spe	26.22	7.00	1	0.010265	-0.008542	0.009800	0.078770	34949	1.67	164	1030	0	57	740	669	7847	45010	31	7413	373	319	2767	96431	0	43	417	258	143	246	829	5039	246	2801	0	0	22	0	0	104	7	854	2671	64	174	171	32	0	240	2065	28602	9224	0.108	
C:\Data\CD166_19_(2020)\CD166_19_S2\CD166_19_S2_REP2\XRF data\L000003.spe	27.22	6.99	1	0.010264	-0.008542	0.009849	0.078770	38523	1.72	150	1193	23	61	772	574	8916	39257	66	9792	405	394	2965	114691	101	77	472	380	189	384	900	5400	278	3276	28	0	36	0	0	217	0	1040	3034	10	221	221	0	0	297	2733	31068	9935	0.110	
C:\Data\CD166_19_(2020)\CD166_19_S2\CD166_19_S2_REP2\XRF data\L000004.spe	28.22	6.98	1	0.010266	-0.008542	0.009849	0.078770	41131	2.01	165	1451	0	79	804	542	9365	41679	75	10632	501	421	3590	126975	68	35	577	303	243	324	1025	5781	283	3450	25	0	38	0	9	149	0	1277	3118	60	202	78	31	0	380	2981	31787	10386	0.112	
C:\Data\CD166_19_(2020)\CD166_19_S2\CD166_19_S2_REP2\XRF data\L000005.spe	29.22	6.98	1	0.010266	-0.008542	0.009849	0.078770	42585	2.06	150	1392	0	91	796	503	10163	40721	64	12217	505	475	3598	140774	86	111	588	399	168	315	888	5902	317	3224	40	0	0	0	0	206	0	1053	3260	141	262	110	167	23	342	3101	30184	10170	0.109	
C:\Data\CD166_19_(2020)\CD166_19_S2\CD166_19_S2_REP2\XRF data\L000006.spe	30.22	6.98	1	0.010262	-0.008542	0.009849	0.078770	43151	1.99	204	1360	15	37	819	534	9343	40107	111	13094	697	539	3870	149378	144	103	587	391	226	322	688	5748	355	3107	6	7	60	0	0	266	34	1151	3165	0	257	280	279	0	552	4053	29726	10015	0.107	
C:\Data\CD166_19_(2020)\CD166_19_S2\CD166_19_S2_REP2\XRF data\L000007.spe	31.22	6.98	1	0.010265	-0.008542	0.009849	0.078770	45132	2.05	209	1383	22	38	806	542	9614	38353	76	15452	580	493	3694	165035	100	90	549	371	186	326	915	5792	293	3276	23	0	83	0	0	291	0	1057	3137	70	226	385	131	4	535	3790	30373	10088	0.108	
C:\Data\CD166_19_(2020)\CD166_19_S2\CD166_19_S2_REP2\XRF data\L000008.spe	32.22	6.98	1	0.010265	-0.008542	0.009849	0.078770	44958	2.02	126	1454	8	45	764	560	9615	38391	65	15087	583	454	3708	160564	139	55	708	211	184	280	985	5991	295	3440	0	0	19	0	0	206	0	1252	3101	0	143	225	0	0	436	3713	30505	10101	0.109	
C:\Data\CD166_19_(2020)\CD166_19_S2\CD166_19_S2_REP2\XRF data\L000009.spe	33.22	6.97	1	0.010266	-0.008542	0.009849	0.078770	42783	2.20	157	1435	0	48	755	512	9971	38152	89	12485	615	418	3292	138833	86	26	628	339	291	403	825	6060	309	3452	53	0	53	0	0	286	0	1178	3318	84	270	174	372	87	408	2920	31738	10318	0.112	
C:\Data\CD166_19_(2020)\CD166_19_S2\CD166_19_S2_REP2\XRF data\L000010.spe	34.22	6.96	1	0.010261	-0.008542	0.009849	0.078770	41226	2.03	164	1436	0	28	805	548	10259	38320	67	10248	354	405	3321	122413	137	144	593	336	220	327	1022	5804	180	3604	13	0	34	0	0	251	23	1229	3337	0	154	161	99	0	322	3444	32750	10706	0.114	
C:\Data\CD166_19_(2020)\CD166_19_S2\CD166_19_S2_REP2\XRF data\L000011.spe	35.22	6.96	1	0.010261	-0.008542	0.009849	0.078770	40807	1.97	189	1408	0	59	784	530	10266	39477	8	9328	450	413	3106	116627	10	95	664	361	223	249	1114	5874	271	3700	17	0	5	0	136	126	28	1212	3324	180	302	183	0	0	274	3159	33810	10890	0.115	
C:\Data\CD166_19_(2020)\CD166_19_S2\CD166_19_S2_REP2\XRF data\L000012.spe	36.22	6.96	1	0.010264	-0.008542	0.009849	0.078770	40787	1.79	190	1416	23	61	881	533	10416	41757	81	9836	436	449	3025	115816	72	104	591	291	272	401	1152	5755	165	3601	59	0	74	0	0	206	0	1145	3378	115	154	108	0	0	380	2954	33086	10799	0.114	
C:\Data\CD166_19_(2020)\CD166_19_S2\CD166_19_S2_REP2\XRF data\L000013.spe	37.22	6.96	1	0.010264	-0.008542	0.009772	0.078770	41115	1.79	204	1424	0	40	859	539	10193	44024	69	9662	381	372	3005	115228	84	16	575	300	288	306	1081	5923	199	3639	8	0	0	0	0	224	0	1219	3349	31	147	91	0	0	319	2914	34064	10683	0.116	
C:\Data\CD166_19_(2020)\CD166_19_S2\CD166_19_S2_REP2\XRF data\L000014.spe	38.22	6.96	1	0.010265	-0.008542	0.009772	0.078770	40673	1.74	174	1426	0	70	879	568	10328	50065	151	8588	359	389	2947	107762	81	68	590	387	212	457	1084	5829	305	3666	10	0	40	0	0	235	0	1155	3399	95	257	137	0	0	362	2600	34549	11054	0.116	
C:\Data\CD166_19_(2020)\CD166_19_S2\CD166_19_S2_REP2\XRF data\L000015.spe	39.22	6.95	1	0.010266	-0.008542	0.009772	0.078770	40420	1.85	184	1327	0	36	859	542	10112	55959	215	7932	320	357	2923	102092	0	28	566	327	350	353	1103	5563	205	3615	30	13	32	0	0	161	0	1092	3340	0	208	36	65	0	289	2290	34053	10501	0.117	
C:\Data\CD166_19_(2020)\CD166_19_S2\CD166_19_S2_REP2\XRF data\L000016.spe	40.22	6.95	1	0.010266	-0.008542	0.009799	0.078770	40763	1.87	188	1251	0	66	894	594	10271	57361	143	8096	353	331	3212	101729	87	20	540	370	214	356	959	5546	157	3084	23	0	95	0	0	252	0	1099	3401	102	267	119	208	11	217	2311	34654	10664	0.117	
C:\Data\CD166_19_(2020)\CD166_19_S2\CD166_19_S2_REP2\XRF data\L000017.spe	41.22	6.95	1	0.010266	-0.008542	0.009799	0.078770	40478	1.98	140	1282	0	80	968	544	9869	57918	265	8042	359	354	3294	100460	98	124	567	390	277	439	910	5534	307	3190	25	0	71	0	0	239	0	1137	3340	80	341	108	327	65	325	2281	34991	10831	0.117	
C:\Data\CD166_19_(2020)\CD166_19_S2\CD166_19_S2_REP2\XRF data\L000018.spe	42.22	6.95	1	0.010262	-0.008542	0.009799	0.078770	41200	1.85	177	1221	0	40	976	514	9438	61026	117	7728	274	342	3109	104845	144	180	604	345	251	376	882	5521	312	3161	23	0	44	0	0	245	0	1261	3425	23	239	199	170	0	329	2699	35168	10939	0.116	
C:\Data\CD166_19_(2020)\CD166_19_S2\CD166_19_S2_REP2\XRF data\L000019.spe	43.22	6.94	1	0.010264	-0.008542	0.009799	0.078770	40558	1.90	138	1147	0	46	967	605	9324	59413	124	7941	357	384	3186	105338	142	139	568	365	292	398	967	5495	197	3189	7	10	58	0	0	196	0	1261	3197	30	290	0	0	0	334	2494	33693	10724	0.115	
C:\Data\CD166_19_(2020)\CD166_19_S2\CD166_19_S2_REP2\XRF data\L000020.spe	44.22	6.94	1	0.010265	-0.008542	0.009799	0.078770	40092	1.83	166	1326	0	61	846	536	9796	52875	187	8416	262	313	3261	106968	79	110	545	351	261	372	895	5547	274	3357	43	0	46	0	0	210	0	1131	3224	94	199	65	212	34	216	2166	33033	10189	0.114	
C:\Data\CD166_19_(2020)\CD166_19_S2\CD166_19_S2_REP2\XRF data\L000021.spe	45.22	6.94	1	0.010263	-0.008542	0.009817	0.078770	40419	1.76	151	1352	0	47	875	565	9985	53648	114	8994	496	368	3418	109334	161	145	551	328	211	423	951	6207	228	3080	54	10	106	0	53	132	36	1204	3231	52	328	114	0	12	315	2609	32593	10525	0.113	
C:\Data\CD166_19_(2020)\CD166_19_S2\CD166_19_S2_REP2\XRF data\L000022.spe	46.22	6.94	1	0.010265	-0.008542	0.009844	0.078770	40474	1.93	193	1326	0	60	810	585	9661	59628	105	8583	321	340	3493	105120	63	70	497	294	307	305	1024	6501	234	2969	0	0	91	0	0	196	0	1169	3370	82	221	141	0	0	292	2320	33164	10882	0.113	
C:\Data\CD166_19_(2020)\CD166_19_S2\CD166_19_S2_REP2\XRF data\L000023.spe	47.22	6.93	1	0.010266	-0.008542	0.009844	0.078770	40273	1.86	140	1296	6	34	879	531	10142	52534	61	8757	314	413	4252	107475	142	121	628	288	250	439	1058	5557	256	3526	0	0	24	0	0	225	0	1091	3235	0	284	192	150	0	290	2658	33170	10518	0.113	
C:\Data\CD166_19_(2020)\CD166_19_S2\CD166_19_S2_REP2\XRF data\L000024.spe	48.22	6.93	1	0.010266	-0.008542	0.009844	0.078770	41422	1.89	171	1346	18	47	756	531	9729	50376	137	10197	311	379	3739	119375	147	105	629	332	239	275	929	6029	328	3200	34	0	22	0	0	265	0	1184	3203	106	201	163	0	0	523	2738	32432	10679	0.112	
C:\Data\CD166_19_(2020)\CD166_19_S2\CD166_19_S2_REP2\XRF data\L000025.spe	49.22	6.93	1	0.010267	-0.008542	0.009844	0.078770	41975	1.96	140	1267	0	55	880	477	9765	48402	121	10507	539	369	3498	123989	66	61	579	324	192	366	946	5888	193	3642	20	0	24	0	0	234	0	1185	3358	0	222	242	210	51	323	2618	32794	10623	0.113	
C:\Data\CD166_19_(2020)\CD166_19_S2\CD166_19_S2_REP2\XRF data\L000026.spe	50.22	6.93	1	0.010267	-0.008542	0.009844	0.078770	40966	2.00	133	1249	8	33	948	493	9846	48539	157	8860	374	337	3606	112056	108	148	583	322	287	446	1109	5742	155	3558	33	0	55	0	0	280	0	1211	3285	46	359	133	0	39	313	2504	33637	10984	0.116	
C:\Data\CD166_19_(2020)\CD166_19_S2\CD166_19_S2_REP2\XRF data\L000027.spe	51.22	6.92	1	0.010262	-0.008542	0.009844	0.078770	40527	1.83	172	1347	21	77	900	558	10580	45907	66	8541	321	323	3713	108492	47	42	561	401	304	378	1057	5478	271	3583	12	16	104	0	0	194	0	1185	3411	78	352	138	193	0	284	3060	34429	10779	0.117	
C:\Data\CD166_19_(2020)\CD166_19_S2\CD166_19_S2_REP2\XRF data\L000028.spe	52.22	6.92	1	0.010264	-0.008542	0.009844	0.078770	40852	1.86	161	1343	0	50	935	567	10442	45427	107	8800	324	391	3684	110512	130	130	685	390	250	462	1071	5724	282	3582	0	0	91	0	0	275	0	1154	3353	109	237	134	137	0	296	2670	34731	10737	0.116	
C:\Data\CD166_19_(2020)\CD166_19_S2\CD166_19_S2_REP2\XRF data\L000029.spe	53.22	6.92	1	0.010265	-0.008542	0.009844	0.078770	41325	1.84	160	1350	0	79	903	554	10137	49805	106	9137	334	402	3358	113504	104	127	735	422	281	379	1205	5453	270	3692	20	0	54	0	0	207	13	1133	3324	67	229	226	0	0	438	2552	34198	10744	0.115	
C:\Data\CD166_19_(2020)\CD166_19_S2\CD166_19_S2_REP2\XRF data\L000030.spe	54.22	6.92	1	0.010265	-0.008542	0.009784	0.078770	41107	1.84	192	1221	0	45	896	500	10212	46602	104	9535	467	375	3557	113395	121	88	616	348	274	408	1134	5278	274	3593	29	0	71	0	0	245	0	1129	3363	168	264	77	0	0	340	2552	34768	10788	0.116	
C:\Data\CD166_19_(2020)\CD166_19_S2\CD166_19_S2_REP2\XRF data\L000031.spe	55.22	6.91	1	0.010263	-0.008542	0.009831	0.078770	40989	1.77	171	1279	0	32	807	539	10176	39985	84	10134	363	368	3496	118356	115	56	539	332	165	348	1052	5630	288	3672	24	0	28	0	0	248	17	1301	3393	96	311	151	0	0	314	2965	32944	10474	0.115	
C:\Data\CD166_19_(2020)\CD166_19_S2\CD166_19_S2_REP2\XRF data\L000032.spe	56.22	6.92	1	0.010265	-0.008542	0.009831	0.078770	41478	1.84	165	1250	0	44	956	559	10176	45643	104	9457	425	360	3304	116196	66	50	554	364	275	304	1071	5987	253	3573	0	0	26	0	0	225	0	1224	3432	29	249	175	66	0	302	2747	34678	10705	0.115	
C:\Data\CD166_19_(2020)\CD166_19_S2\CD166_19_S2_REP2\XRF data\L000033.spe	57.22	6.90	1	0.010265	-0.008542	0.009853	0.078770	41844	1.84	125	1170	0	35	1062	546	9806	59254	248	8571	368	368	3357	108532	131	19	623	249	272	483	955	5968	201	3568	4	0	46	0	0	160	0	1346	3256	126	153	138	17	0	298	2607	34602	11025	0.116	
C:\Data\CD166_19_(2020)\CD166_19_S2\CD166_19_S2_REP2\XRF data\L000034.spe	58.22	6.90	1	0.010264	-0.008542	0.009869	0.078770	40953	1.91	162	1106	0	79	1131	581	9535	62516	279	8008	284	326	3273	104180	97	173	554	381	192	514	1003	5966	284	3196	37	0	52	0	0	264	0	1118	3098	96	157	123	0	0	320	2569	34289	10963	0.115	
C:\Data\CD166_19_(2020)\CD166_19_S2\CD166_19_S2_REP2\XRF data\L000035.spe	59.22	6.90	1	0.010263	-0.008542	0.009869	0.078770	40784	1.89	133	1148	0	66	1005	500	9286	65319	230	8591	234	412	3082	105026	157	117	522	282	254	308	975	6037	215	3051	64	16	56	0	0	213	0	1111	3202	87	210	206	0	0	373	2684	33792	10541	0.114	
C:\Data\CD166_19_(2020)\CD166_19_S2\CD166_19_S2_REP2\XRF data\L000036.spe	60.22	6.90	1	0.010263	-0.008542	0.009869	0.078770	41339	1.98	176	1157	0	88	1074	546	9094	63508	187	9454	428	445	3051	112427	170	84	579	188	214	354	1009	5853	279	3114	35	32	107	0	0	257	0	1163	3207	189	256	127	0	0	366	2842	32348	10400	0.113	
C:\Data\CD166_19_(2020)\CD166_19_S2\CD166_19_S2_REP2\XRF data\L000037.spe	61.22	6.90	1	0.010265	-0.008542	0.009869	0.078770	40032	1.94	110	1186	0	60	822	530	9275	57545	197	9278	342	415	3006	111455	81	48	504	387	190	367	805	5678	389	3203	22	7	0	0	0	202	0	1050	3041	100	265	261	169	0	418	2570	31588	9807	0.111	
C:\Data\CD166_19_(2020)\CD166_19_S2\CD166_19_S2_REP2\XRF data\L000038.spe	62.22	6.91	1	0.010266	-0.008542	0.009869	0.078770	42405	1.89	176	1335	0	73	872	577	9607	55362	175	10799	469	391	3433	126460	104	20	503	236	163	310	948	5899	271	3216	5	0	20	0	0	203	0	1134	3145	49	191	193	29	0	333	3092	32408	10480	0.111	
C:\Data\CD166_19_(2020)\CD166_19_S2\CD166_19_S2_REP2\XRF data\L000039.spe	63.22	6.91	1	0.010267	-0.008542	0.009869	0.078770	42075	2.05	158	1341	0	65	844	556	9451	54288	223	10673	465	398	3484	128589	143	182	637	273	183	319	912	5865	208	3253	32	0	67	0	0	204	0	1036	3260	66	241	91	76	28	327	2712	31035	10388	0.110	
C:\Data\CD166_19_(2020)\CD166_19_S2\CD166_19_S2_REP2\XRF data\L000040.spe	64.22	6.90	1	0.010267	-0.008542	0.009869	0.078770	41886	2.05	161	1165	0	70	875	540	8851	70079	307	9831	434	398	3228	114395	82	39	578	267	258	367	976	5698	157	3101	40	0	60	0	0	163	0	1039	3118	4	201	98	0	5	275	2702	31927	10404	0.112	
C:\Data\CD166_19_(2020)\CD166_19_S2\CD166_19_S2_REP2\XRF data\L000041.spe	65.22	6.89	1	0.010261	-0.008542	0.009869	0.078770	42025	1.91	166	1253	0	65	876	543	9121	66311	62	10287	461	447	3179	117728	72	13	524	208	301	422	1040	5683	188	3031	44	0	43	0	93	151	37	1178	3133	91	220	72	0	0	337	2974	32726	10768	0.112	
C:\Data\CD166_19_(2020)\CD166_19_S2\CD166_19_S2_REP2\XRF data\L000042.spe	66.22	6.90	1	0.010264	-0.008542	0.009869	0.078770	41608	1.85	159	1212	0	79	926	529	9424	67328	128	10145	436	406	3321	116105	98	58	534	275	143	460	882	5560	287	3000	67	0	92	0	0	187	0	1186	3189	84	217	98	61	0	375	2807	31301	10544	0.109	
C:\Data\CD166_19_(2020)\CD166_19_S2\CD166_19_S2_REP2\XRF data\L000043.spe	67.22	6.90	1	0.010262	-0.008542	0.009869	0.078770	42835	2.17	182	1246	0	47	886	558	9285	68821	154	10890	477	414	3381	129564	107	67	582	319	199	369	872	5751	171	2948	29	0	124	0	46	229	16	1114	3226	28	232	202	0	0	412	3360	30030	10041	0.107	
C:\Data\CD166_19_(2020)\CD166_19_S2\CD166_19_S2_REP2\XRF data\L000044.spe	68.22	6.89	1	0.010267	-0.008542	0.009869	0.078770	43061	2.06	181	1319	0	45	836	638	9286	64023	102	11754	567	499	3282	138636	56	7	540	186	112	328	790	5627	224	2745	11	0	56	0	0	203	0	1039	3192	0	58	185	0	0	416	3497	28948	10146	0.107	
C:\Data\CD166_19_(2020)\CD166_19_S2\CD166_19_S2_REP2\XRF data\L000045.spe	69.22	6.89	1	0.010264	-0.008542	0.009869	0.078770	43352	2.10	175	1361	0	56	847	610	9065	58784	103	12232	568	550	3217	144364	45	84	568	209	241	305	794	5747	226	2970	27	0	41	0	0	251	16	1081	2922	8	227	266	74	0	437	3785	29339	9871	0.106	
C:\Data\CD166_19_(2020)\CD166_19_S2\CD166_19_S2_REP2\XRF data\L000046.spe	70.22	6.88	1	0.010263	-0.008542	0.009869	0.078770	42044	2.00	232	1262	0	77	917	480	8905	60808	40	11510	455	487	3129	127474	94	106	577	241	212	320	850	5820	171	3076	25	18	101	0	0	222	0	1063	3068	85	155	233	0	0	375	3188	30704	10416	0.109	
C:\Data\CD166_19_(2020)\CD166_19_S2\CD166_19_S2_REP2\XRF data\L000047.spe	71.22	6.87	1	0.010265	-0.008542	0.009869	0.078770	41209	1.86	170	1293	5	40	805	516	9347	57311	123	10587	528	437	3036	117994	111	106	506	272	207	337	861	5870	261	3280	44	10	69	0	0	285	0	1035	3218	50	248	246	148	5	309	2560	31470	10483	0.111	
C:\Data\CD166_19_(2020)\CD166_19_S2\CD166_19_S2_REP2\XRF data\L000048.spe	72.22	6.88	1	0.010265	-0.008542	0.009878	0.078770	40539	1.86	167	1300	0	55	858	539	9229	57056	72	10169	423	423	2940	114084	58	69	529	201	184	369	957	5772	297	2955	0	0	72	0	0	244	0	1148	3109	99	217	58	0	0	396	2606	32009	10239	0.112	
C:\Data\CD166_19_(2020)\CD166_19_S2\CD166_19_S2_REP2\XRF data\L000049.spe	73.22	6.88	1	0.010266	-0.008542	0.009878	0.078770	41458	1.96	121	1241	0	0	753	489	9197	59733	140	10788	414	416	3140	118456	121	91	594	313	244	380	953	5978	280	3281	22	0	48	0	0	217	0	1108	3195	53	175	60	130	0	349	2739	31805	10106	0.111	
C:\Data\CD166_19_(2020)\CD166_19_S2\CD166_19_S2_REP2\XRF data\L000050.spe	74.22	6.88	1	0.010264	-0.008542	0.009878	0.078770	41259	1.82	132	1256	0	54	828	535	9833	52402	128	10504	514	409	2975	119826	114	43	552	239	198	340	996	5701	261	3650	9	0	74	0	0	186	10	1173	3199	106	188	148	0	0	284	3039	31523	10604	0.112	
C:\Data\CD166_19_(2020)\CD166_19_S2\CD166_19_S2_REP2\XRF data\L000051.spe	75.22	6.89	1	0.010263	-0.008542	0.009878	0.078770	41417	1.88	202	1310	9	23	790	563	9825	50864	95	10734	512	389	3210	120493	161	102	733	239	276	392	874	5748	333	3298	0	7	18	0	0	149	9	1195	3240	86	244	160	61	13	408	2877	32685	10556	0.113	
C:\Data\CD166_19_(2020)\CD166_19_S2\CD166_19_S2_REP2\XRF data\L000052.spe	76.22	6.88	1	0.010266	-0.008542	0.009878	0.078770	41576	1.85	177	1401	6	69	761	579	9728	47555	108	11135	514	392	3313	124475	93	70	528	358	164	308	900	6006	272	3515	53	0	35	0	0	262	0	1102	3252	162	163	212	289	25	263	2839	32115	10320	0.113	
C:\Data\CD166_19_(2020)\CD166_19_S2\CD166_19_S2_REP2\XRF data\L000053.spe	77.22	6.89	1	0.010264	-0.008542	0.009878	0.078770	40995	1.84	166	1329	0	12	758	566	9769	52146	94	10411	403	365	3266	120090	71	114	544	306	241	450	901	5598	142	3321	0	0	0	0	0	207	0	1144	3307	0	279	114	123	0	445	2795	31154	10257	0.112	
C:\Data\CD166_19_(2020)\CD166_19_S2\CD166_19_S2_REP2\XRF data\L000054.spe	78.22	6.89	1	0.010264	-0.008542	0.009878	0.078770	41968	1.81	203	1352	17	81	769	587	9288	46985	133	12014	603	536	3260	134979	98	140	584	343	201	337	973	6166	198	3247	51	11	25	0	136	136	30	1111	3173	103	292	144	0	0	456	3191	29777	10207	0.109	
C:\Data\CD166_19_(2020)\CD166_19_S2\CD166_19_S2_REP2\XRF data\L000055.spe	79.22	6.89	1	0.010263	-0.008542	0.009878	0.078770	42636	1.95	210	1434	26	70	729	567	9283	42763	123	13344	495	471	3404	144215	136	47	596	292	217	277	965	6632	243	3046	0	0	35	0	0	249	0	1048	3091	0	310	147	0	37	472	3423	29784	10366	0.108	
C:\Data\CD166_19_(2020)\CD166_19_S2\CD166_19_S2_REP2\XRF data\L000056.spe	80.22	6.88	1	0.010262	-0.008542	0.009878	0.078770	44351	2.08	126	1334	0	19	744	589	9156	39433	127	15539	610	575	3852	164823	148	83	563	322	199	274	900	6154	198	2896	0	0	22	0	139	170	46	1068	3092	112	207	165	79	0	525	4043	28104	9662	0.105	
C:\Data\CD166_19_(2020)\CD166_19_S2\CD166_19_S2_REP2\XRF data\L000057.spe	81.22	6.88	1	0.010262	-0.008542	0.009878	0.078770	46673	2.08	201	1428	0	39	686	577	8910	43205	0	17638	754	559	3517	180248	122	145	576	307	321	277	767	6335	293	2877	0	0	61	0	34	183	0	978	3023	123	226	223	49	0	523	4561	28573	9689	0.106	
C:\Data\CD166_19_(2020)\CD166_19_S2\CD166_19_S2_REP2\XRF data\L000058.spe	82.22	6.87	1	0.010262	-0.008542	0.009878	0.078770	46920	2.12	163	1245	0	37	822	551	8683	64695	82	15140	560	512	3505	162830	91	72	613	188	207	319	767	6164	337	3160	0	0	131	0	82	235	0	1016	3003	0	115	243	0	0	566	4192	30651	10727	0.109	
C:\Data\CD166_19_(2020)\CD166_19_S2\CD166_19_S2_REP2\XRF data\L000059.spe	83.22	6.86	1	0.010267	-0.008542	0.009878	0.078770	40043	1.92	143	1122	6	76	924	573	8488	81748	395	8549	368	416	3562	102568	78	23	556	287	182	333	743	5605	139	2607	43	32	55	0	0	132	7	1064	3096	100	205	203	0	77	291	2170	30257	10076	0.108	
C:\Data\CD166_19_(2020)\CD166_19_S2\CD166_19_S2_REP2\XRF data\L000060.spe	84.22	6.87	1	0.010265	-0.008542	0.009878	0.078770	42163	1.86	207	1235	0	50	739	608	8223	64449	216	12662	549	388	3040	134809	95	28	532	266	283	277	749	6228	258	2723	7	41	52	0	0	235	5	1000	2986	22	232	246	91	158	405	2711	28530	9895	0.105	
C:\Data\CD166_19_(2020)\CD166_19_S2\CD166_19_S2_REP2\XRF data\L000061.spe	85.22	6.87	1	0.010266	-0.008542	0.009878	0.078770	42787	2.08	201	1391	0	31	646	554	8369	57324	83	13417	565	478	2726	143952	99	110	599	291	175	206	773	6598	292	2709	30	0	0	0	0	247	0	977	2986	0	218	237	102	33	353	3181	28758	10054	0.106	
C:\Data\CD166_19_(2020)\CD166_19_S2\CD166_19_S2_REP2\XRF data\L000062.spe	86.22	6.87	1	0.010266	-0.008542	0.009878	0.078770	43822	2.19	178	1342	0	75	711	584	8627	55563	55	14437	681	478	3063	151685	54	126	557	274	151	301	715	6743	261	2694	0	0	51	0	0	281	0	948	3025	99	200	91	96	133	439	3138	28532	9830	0.105	
C:\Data\CD166_19_(2020)\CD166_19_S2\CD166_19_S2_REP2\XRF data\L000063.spe	87.22	6.87	1	0.010263	-0.008542	0.009878	0.078770	43674	2.07	152	1354	6	23	686	631	8440	51642	135	14067	640	564	3205	154260	97	116	467	265	196	241	849	6505	266	2842	0	0	52	0	7	208	30	950	2948	0	127	195	9	32	426	3681	28217	9865	0.106	
C:\Data\CD166_19_(2020)\CD166_19_S2\CD166_19_S2_REP2\XRF data\L000064.spe	88.22	6.87	1	0.010262	-0.008542	0.009878	0.078770	44203	2.01	132	1412	0	48	703	620	8709	50677	104	14667	596	596	4066	158549	165	152	607	279	243	185	774	6603	131	2770	0	0	42	0	0	262	12	932	3117	0	269	189	42	0	449	3928	28048	9887	0.105	
C:\Data\CD166_19_(2020)\CD166_19_S2\CD166_19_S2_REP2\XRF data\L000065.spe	89.22	6.86	1	0.010262	-0.008542	0.009895	0.078770	46093	2.03	163	1379	41	39	642	587	8333	51365	108	16404	806	574	3768	176587	149	167	503	208	216	160	613	6684	290	2519	0	8	14	0	313	159	37	880	2965	17	111	107	147	42	571	4349	27440	9668	0.103	
C:\Data\CD166_19_(2020)\CD166_19_S2\CD166_19_S2_REP2\XRF data\L000066.spe	90.22	6.86	1	0.010261	-0.008542	0.009895	0.078770	47210	2.32	170	1364	11	62	660	606	7869	52703	31	18163	775	643	3318	185077	135	114	604	296	301	262	686	6636	286	2654	0	12	89	0	189	188	14	963	2826	13	196	381	109	0	509	4609	27885	9540	0.103	
C:\Data\CD166_19_(2020)\CD166_19_S2\CD166_19_S2_REP2\XRF data\L000067.spe	91.22	6.86	1	0.010267	-0.008542	0.009895	0.078770	47783	2.19	153	1374	28	24	630	594	8001	51433	91	18910	925	611	3541	188728	127	132	604	307	256	114	537	6766	233	2596	0	0	0	0	0	301	0	873	2883	0	130	387	303	226	561	3629	28261	9748	0.104	
C:\Data\CD166_19_(2020)\CD166_19_S2\CD166_19_S2_REP2\XRF data\L000068.spe	92.22	6.86	1	0.010265	-0.008542	0.009895	0.078770	47286	2.07	178	1346	14	26	654	609	8235	55414	130	17657	902	589	3501	180164	139	74	635	238	259	275	725	6789	255	2644	0	0	53	0	184	179	0	1051	3037	65	108	190	85	137	571	3965	28359	9938	0.104	
C:\Data\CD166_19_(2020)\CD166_19_S2\CD166_19_S2_REP2\XRF data\L000069.spe	93.22	6.85	1	0.010263	-0.008542	0.009929	0.078770	44497	2.04	149	1437	0	41	581	609	8560	59597	116	14141	535	497	3105	154812	112	116	559	251	198	204	646	6967	213	2863	8	0	67	0	118	197	0	1027	3099	38	297	130	187	0	384	3777	28020	10010	0.105	
C:\Data\CD166_19_(2020)\CD166_19_S2\CD166_19_S2_REP2\XRF data\L000070.spe	94.22	6.84	1	0.010264	-0.008542	0.009972	0.078770	43832	2.13	213	1326	31	58	620	633	8368	63012	75	13513	615	428	3158	144838	119	28	566	389	265	274	792	7075	242	2824	0	0	97	0	0	231	0	959	2998	0	188	231	27	65	388	3142	29597	10328	0.107	
C:\Data\CD166_19_(2020)\CD166_19_S2\CD166_19_S2_REP2\XRF data\L000071.spe	95.22	6.83	1	0.010265	-0.008542	0.009972	0.078770	43113	2.05	188	1339	0	32	619	560	8660	61176	137	13088	637	523	3067	142324	139	185	536	253	217	205	805	6838	220	2747	29	0	51	0	0	276	0	986	3086	67	189	191	0	55	447	3180	29037	10159	0.106	
C:\Data\CD166_19_(2020)\CD166_19_S2\CD166_19_S2_REP2\XRF data\L000072.spe	96.22	6.83	1	0.010266	-0.008542	0.009972	0.078770	44394	2.12	165	1292	0	56	707	580	8555	58933	88	14867	691	511	3385	157965	125	63	648	315	272	296	849	6366	257	2766	0	0	26	0	32	228	0	975	2806	0	205	328	23	200	523	3317	28249	9968	0.104	
C:\Data\CD166_19_(2020)\CD166_19_S2\CD166_19_S2_REP2\XRF data\L000073.spe	97.22	6.84	1	0.010264	-0.008542	0.010070	0.078770	44683	2.11	206	1321	0	64	613	556	8742	55340	127	14360	700	529	3320	161284	107	114	546	276	233	255	786	6467	330	2842	47	13	58	0	214	161	0	969	3014	45	282	346	22	0	473	3824	27678	9757	0.105	
C:\Data\CD166_19_(2020)\CD166_19_S2\CD166_19_S2_REP2\XRF data\L000074.spe	98.22	6.83	1	0.010265	-0.008542	0.010070	0.078770	46554	2.30	157	1413	0	32	654	592	9008	56381	45	15059	854	572	3445	171326	113	21	602	337	150	242	681	6407	266	3213	0	0	103	0	52	196	75	1049	2970	0	139	333	119	0	519	3737	28649	10193	0.106	
C:\Data\CD166_19_(2020)\CD166_19_S2\CD166_19_S2_REP2\XRF data\L000075.spe	99.22	6.82	1	0.010264	-0.008542	0.010070	0.078770	46510	2.22	150	1379	0	48	801	602	9622	57125	117	13895	592	634	3386	158374	142	116	568	286	227	443	886	6109	473	3465	0	0	93	0	9	212	17	1062	3244	75	220	324	292	0	602	3870	32670	10974	0.111	
C:\Data\CD166_19_(2020)\CD166_19_S2\CD166_19_S2_REP2\XRF data\L000076.spe	100.22	6.80	1	0.010266	-0.008542	0.010070	0.078770	44463	2.05	197	1494	0	49	819	529	10652	59785	145	11313	476	425	3979	128862	78	127	741	325	270	385	986	5241	306	3547	27	7	79	0	0	284	0	1153	3205	110	215	246	234	0	401	2672	35453	11208	0.115	
C:\Data\CD166_19_(2020)\CD166_19_S2\CD166_19_S2_REP2\XRF data\L000077.spe	101.22	6.79	1	0.010267	-0.008542	0.010070	0.078770	42174	2.33	183	1393	0	56	818	485	10549	60897	286	9058	306	375	3340	111428	149	109	624	303	260	418	1014	5708	270	3738	72	0	0	0	0	248	0	1098	3282	63	260	147	62	0	379	2362	35043	11053	0.116	
C:\Data\CD166_19_(2020)\CD166_19_S2\CD166_19_S2_REP2\XRF data\L000078.spe	102.22	6.79	1	0.010261	-0.008542	0.010070	0.078770	40872	2.06	144	1399	0	93	807	554	11056	56858	50	7928	244	429	3798	101905	139	81	639	342	220	413	1204	4998	253	3734	19	23	37	0	105	159	11	1130	3306	32	93	258	0	6	286	2609	35089	11346	0.118	
C:\Data\CD166_19_(2020)\CD166_19_S2\CD166_19_S2_REP2\XRF data\L000079.spe	103.22	6.79	1	0.010263	-0.008542	0.010070	0.078770	40300	2.00	143	1396	0	41	790	550	10788	56000	140	7731	332	298	3786	99958	121	64	612	341	166	403	1273	4710	311	3571	35	0	80	0	0	208	6	1210	3307	66	238	264	0	0	344	2861	35285	10925	0.118	
C:\Data\CD166_19_(2020)\CD166_19_S2\CD166_19_S2_REP2\XRF data\L000080.spe	104.22	6.79	1	0.010266	-0.008542	0.010070	0.078770	39967	1.90	180	1434	0	58	808	547	10624	50677	47	8174	310	338	3392	101127	92	10	590	365	209	469	921	4870	422	3771	36	24	90	0	0	191	0	1078	3359	78	360	175	192	0	262	2288	35588	10987	0.118	
C:\Data\CD166_19_(2020)\CD166_19_S2\CD166_19_S2_REP2\XRF data\L000081.spe	105.22	6.79	1	0.010265	-0.008542	0.010070	0.078770	42208	1.92	173	1410	14	109	846	552	10930	53894	124	9079	322	419	3504	110257	122	91	659	336	296	405	971	5183	371	3964	52	0	33	0	0	177	0	1215	3342	78	249	56	171	0	247	2689	36706	11287	0.118	
C:\Data\CD166_19_(2020)\CD166_19_S2\CD166_19_S2_REP2\XRF data\L000082.spe	106.22	6.79	1	0.010266	-0.008542	0.010070	0.078770	45250	2.17	215	1593	0	75	985	566	12290	60897	211	9680	536	378	4251	120946	147	53	726	424	269	517	1117	5559	463	4148	44	0	58	0	0	244	0	1192	3427	0	274	381	196	0	393	2732	38380	12033	0.118	
C:\Data\CD166_19_(2020)\CD166_19_S2\CD166_19_S2_REP2\XRF data\L000083.spe	107.22	6.77	1	0.010263	-0.008542	0.010129	0.078770	38794	2.05	143	1390	0	69	799	525	10576	54461	69	8273	354	348	3409	101302	157	112	599	353	209	303	939	4593	367	3461	32	0	99	0	0	165	4	1159	3251	79	207	33	86	0	245	2705	31715	10310	0.113	
C:\Data\CD166_19_(2020)\CD166_19_S2\CD166_19_S2_REP2\XRF data\L000084.spe	108.22	6.75	1	0.010263	-0.008542	0.010129	0.078770	39759	2.03	148	1394	0	42	712	549	9618	59435	22	9037	430	450	2906	108989	139	36	632	374	253	368	973	5481	316	3275	53	11	93	0	115	145	34	990	3108	112	250	177	0	0	354	2573	31130	10251	0.111	
C:\Data\CD166_19_(2020)\CD166_19_S2\CD166_19_S2_REP2\XRF data\L000085.spe	109.22	6.74	1	0.010263	-0.008542	0.010123	0.078770	39617	2.02	175	1325	0	50	690	527	9700	54190	43	9079	445	318	2795	107011	43	27	588	435	249	372	915	5842	316	3417	32	0	70	0	0	184	0	1081	3157	94	248	111	152	0	310	3018	32932	10680	0.114	
C:\Data\CD166_19_(2020)\CD166_19_S2\CD166_19_S2_REP2\XRF data\L000086.spe	110.22	6.74	1	0.010266	-0.008542	0.010123	0.078770	38890	1.95	172	1371	0	66	664	520	9860	57194	180	7732	353	424	3079	97710	105	30	559	290	243	323	809	5434	186	3366	56	32	88	0	0	205	0	1164	3182	0	215	80	247	0	264	2436	33217	10470	0.115	
C:\Data\CD166_19_(2020)\CD166_19_S2\CD166_19_S2_REP2\XRF data\L000087.spe	111.22	6.74	1	0.010264	-0.008542	0.010123	0.078770	38543	1.96	163	1163	0	38	813	514	9935	58260	44	7490	316	333	3366	94922	103	102	661	395	267	372	1054	5202	285	3613	40	0	89	0	0	139	0	1109	3238	29	282	36	0	0	259	2188	32666	10565	0.114	
C:\Data\CD166_19_(2020)\CD166_19_S2\CD166_19_S2_REP2\XRF data\L000088.spe	112.22	6.74	1	0.010263	-0.008542	0.010123	0.078770	37391	1.90	143	1275	0	59	865	550	10247	55558	152	7250	289	369	3001	92037	79	83	678	299	250	341	1297	4793	269	3437	46	0	47	0	0	189	16	1109	3096	9	170	138	0	0	262	2277	31897	10546	0.113	
C:\Data\CD166_19_(2020)\CD166_19_S2\CD166_19_S2_REP2\XRF data\L000089.spe	113.22	6.73	1	0.010265	-0.008542	0.010123	0.078770	37904	1.87	155	1275	0	69	829	515	10034	60061	88	7411	331	197	3231	92471	102	23	547	332	299	305	919	4917	289	3508	0	0	92	0	0	260	0	1111	3128	116	170	105	213	0	210	2111	32130	10597	0.114	
C:\Data\CD166_19_(2020)\CD166_19_S2\CD166_19_S2_REP2\XRF data\L000090.spe	114.22	6.73	1	0.010264	-0.008542	0.010139	0.078770	36980	1.96	165	1208	0	54	699	513	9152	53212	101	7228	214	292	3061	89150	72	0	540	291	253	340	1008	5074	186	3409	20	0	127	0	18	174	0	997	2970	36	280	132	102	0	247	2271	32990	10575	0.116	
C:\Data\CD166_19_(2020)\CD166_19_S2\CD166_19_S2_REP2\XRF data\L000091.spe	115.22	6.74	1	0.010264	-0.008542	0.010169	0.078770	38805	2.02	157	1278	0	61	841	585	10184	60240	84	7256	401	345	3183	93745	85	117	645	323	206	347	1128	4879	143	3455	27	28	20	0	0	217	0	1003	3283	0	97	44	0	0	236	2319	33395	11026	0.115	
C:\Data\CD166_19_(2020)\CD166_19_S2\CD166_19_S2_REP2\XRF data\L000092.spe	116.22	6.75	1	0.010266	-0.008542	0.010169	0.078770	36551	1.82	180	1175	0	89	768	550	9095	52813	167	7014	310	319	2910	88138	27	0	502	181	257	363	1129	4502	294	3501	0	12	17	0	0	164	42	1057	3014	68	137	170	57	0	257	1895	32402	10350	0.115	
C:\Data\CD166_19_(2020)\CD166_19_S2\CD166_19_S2_REP2\XRF data\L000093.spe	117.22	6.75	1	0.010267	-0.008542	0.010169	0.078770	38353	2.00	155	1116	0	77	805	612	9778	57205	103	7392	321	281	3071	91590	76	57	658	271	102	432	885	4965	268	3700	33	0	40	0	0	288	0	1081	3101	113	279	83	190	0	218	2022	33325	10804	0.116	
C:\Data\CD166_19_(2020)\CD166_19_S2\CD166_19_S2_REP2\XRF data\L000094.spe	118.22	6.73	1	0.010267	-0.008542	0.010169	0.078770	37944	2.07	135	1246	0	34	804	473	9853	53262	154	7367	327	317	3390	90740	51	0	580	317	168	449	1094	4983	202	3692	33	0	89	0	0	239	0	1084	3180	54	273	57	118	0	348	2055	33848	10880	0.117	
C:\Data\CD166_19_(2020)\CD166_19_S2\CD166_19_S2_REP2\XRF data\L000095.spe	119.22	6.67	1	0.010262	-0.008542	0.010169	0.078770	35614	1.85	127	1111	0	43	691	381	8739	49927	0	6573	242	292	2557	82461	73	40	571	267	206	233	1145	4548	245	3640	56	0	63	0	0	100	16	1077	2887	30	80	49	0	0	257	2122	32500	10891	0.117	
C:\Data\CD166_19_(2020)\CD166_19_S2\CD166_19_S2_REP2\XRF data\L000096.spe	120.22	6.67	1	0.010264	-0.008542	0.010169	0.078770	36090	1.92	126	1176	0	52	810	429	9335	51385	82	6733	305	297	2969	85619	81	0	545	309	178	385	904	4186	296	3691	0	0	0	0	0	233	0	1005	2912	15	136	121	66	0	136	2012	32343	10472	0.116	
C:\Data\CD166_19_(2020)\CD166_19_S2\CD166_19_S2_REP2\XRF data\L000097.spe	121.22	6.70	1	0.010265	-0.008542	0.010169	0.078770	36783	1.89	147	1217	0	59	716	471	9580	46601	164	7069	344	383	3000	87791	104	32	647	354	158	387	1269	4178	245	3861	0	28	31	0	0	169	0	1087	3133	14	146	75	0	0	201	1704	33639	11085	0.117	
C:\Data\CD166_19_(2020)\CD166_19_S2\CD166_19_S2_REP2\XRF data\L000098.spe	122.22	6.71	1	0.010264	-0.008542	0.010169	0.078770	37203	1.79	155	1235	0	44	821	427	9905	45209	0	6889	238	261	3315	88763	113	0	667	350	264	440	1331	4425	205	4037	26	0	57	0	0	204	0	1087	3037	29	258	186	0	0	183	2205	34522	10774	0.118	
C:\Data\CD166_19_(2020)\CD166_19_S2\CD166_19_S2_REP2\XRF data\L000099.spe	123.22	6.71	1	0.010263	-0.008542	0.010169	0.078770	36315	1.85	146	1230	0	60	827	425	9845	46312	57	6931	218	260	3612	90454	21	111	637	269	219	358	1037	4142	304	3532	42	0	41	0	0	220	0	1137	3084	32	182	121	48	0	246	2209	32102	10396	0.114	
C:\Data\CD166_19_(2020)\CD166_19_S2\CD166_19_S2_REP2\XRF data\L000100.spe	124.22	6.70	1	0.010263	-0.008542	0.010169	0.078770	34559	1.91	175	1218	0	62	754	444	9553	45450	50	7281	284	311	3169	88434	45	60	528	222	230	450	879	4326	406	3131	9	0	39	0	0	186	0	999	2895	6	269	146	21	0	170	2419	29292	9390	0.110	
C:\Data\CD166_19_(2020)\CD166_19_S2\CD166_19_S2_REP2\XRF data\L000101.spe	125.22	6.71	1	0.010265	-0.008542	0.010169	0.078770	34202	1.87	120	1221	0	5	714	437	9305	43876	145	6243	309	280	3099	84804	98	4	563	183	223	370	833	4365	259	3263	28	0	53	0	0	153	34	1085	2807	42	270	105	0	0	224	2026	29554	9789	0.113	
C:\Data\CD166_19_(2020)\CD166_19_S2\CD166_19_S2_REP2\XRF data\L000102.spe	126.22	6.73	1	0.010267	-0.008542	0.010169	0.078770	32222	1.70	116	1092	0	54	629	520	8916	38559	33	5954	258	234	3004	78089	53	76	486	237	150	377	959	3979	166	3135	31	0	50	0	0	192	0	895	2837	129	210	21	0	0	234	1553	28611	9736	0.112	
C:\Data\CD166_19_(2020)\CD166_19_S2\CD166_19_S2_REP2\XRF data\L000103.spe	127.22	6.77	1	0.010268	-0.008542	0.010169	0.078770	33709	2.16	169	1298	0	58	755	581	9398	50213	54	6627	236	285	3095	81943	85	16	556	262	207	322	909	4051	208	2971	25	0	12	0	0	217	0	1008	2950	23	223	143	95	31	220	1612	28711	9117	0.108	
C:\Data\CD166_19_(2020)\CD166_19_S2\CD166_19_S2_REP2\XRF data\L000104.spe	128.22	6.79	1	0.010263	-0.008542	0.010169	0.078770	34285	1.84	147	1252	0	72	719	600	9759	47327	25	6719	321	362	3122	82932	65	43	535	374	227	332	1052	4290	246	3279	9	6	19	0	0	211	0	965	2905	50	236	157	0	0	259	2388	29483	9806	0.111	
C:\Data\CD166_19_(2020)\CD166_19_S2\CD166_19_S2_REP2\XRF data\L000105.spe	129.22	6.80	1	0.010263	-0.008542	0.010160	0.078770	36393	1.84	156	1234	0	65	771	653	9782	56454	26	6815	275	286	3288	86528	151	47	597	249	157	351	903	4545	377	3269	44	0	39	0	59	111	0	987	3052	37	220	105	0	0	258	2245	31775	10335	0.113	
C:\Data\CD166_19_(2020)\CD166_19_S2\CD166_19_S2_REP2\XRF data\L000106.spe	130.22	6.82	1	0.010265	-0.008542	0.010160	0.078770	38075	1.99	171	1260	31	37	775	631	9784	54864	101	7412	386	309	3435	96185	105	89	577	344	167	389	829	5042	283	3236	32	0	77	0	0	233	0	1097	3192	0	362	0	110	0	286	2221	32875	10441	0.113	
C:\Data\CD166_19_(2020)\CD166_19_S2\CD166_19_S2_REP2\XRF data\L000107.spe	131.22	6.82	1	0.010266	-0.008542	0.010160	0.078770	38487	1.97	155	1344	0	65	833	543	10272	57441	34	7603	231	364	3381	96519	77	53	585	336	267	358	748	5002	352	3145	29	7	87	0	0	191	0	1049	3264	0	292	125	270	0	256	2176	32808	10410	0.113	
C:\Data\CD166_19_(2020)\CD166_19_S2\CD166_19_S2_REP2\XRF data\L000108.spe	132.22	6.81	1	0.010264	-0.008542	0.010068	0.078770	38465	1.83	178	1352	0	89	764	623	10596	55426	17	7357	290	397	3340	97306	125	6	582	326	216	388	906	5310	211	3151	24	0	0	0	0	188	36	1090	3093	0	259	115	0	0	319	2465	32136	10228	0.113	
C:\Data\CD166_19_(2020)\CD166_19_S2\CD166_19_S2_REP2\XRF data\L000109.spe	133.22	6.80	1	0.010264	-0.008542	0.010079	0.078770	37887	1.84	195	1395	0	45	777	501	10385	54624	126	7512	355	342	3510	96947	143	107	591	275	184	395	1046	5287	204	3090	0	0	109	0	0	215	6	1057	3214	25	241	172	0	0	253	2470	31462	9908	0.112	
C:\Data\CD166_19_(2020)\CD166_19_S2\CD166_19_S2_REP2\XRF data\L000110.spe	134.22	6.81	1	0.010263	-0.008542	0.010079	0.078770	37277	1.81	181	1262	0	72	747	574	9626	54595	0	7922	396	460	3425	98262	93	15	529	299	370	277	840	5149	222	3068	0	15	86	0	0	202	32	1144	3028	13	275	122	51	0	351	2645	29838	10025	0.109	
C:\Data\CD166_19_(2020)\CD166_19_S2\CD166_19_S2_REP2\XRF data\L000111.spe	135.22	6.82	1	0.010262	-0.008542	0.010079	0.078770	37276	2.02	156	1087	21	53	664	624	9271	49861	5	8677	363	426	3112	106755	75	158	558	369	208	357	890	5383	220	2982	19	0	97	0	0	199	34	834	3076	118	268	226	0	0	214	2663	29392	9760	0.107	
C:\Data\CD166_19_(2020)\CD166_19_S2\CD166_19_S2_REP2\XRF data\L000112.spe	136.22	6.83	1	0.010262	-0.008542	0.010089	0.078770	38394	2.03	174	1231	0	73	638	612	9319	51116	0	9128	406	415	3346	113717	116	107	519	311	251	249	779	5569	242	2912	24	20	104	0	0	194	0	936	2919	24	148	259	169	0	274	2867	29240	9935	0.107	
C:\Data\CD166_19_(2020)\CD166_19_S2\CD166_19_S2_REP2\XRF data\L000113.spe	137.22	6.84	1	0.010265	-0.008542	0.010089	0.078770	39578	1.93	144	1318	0	97	754	673	9406	49016	89	9909	493	363	3517	121026	117	62	506	255	196	262	766	5740	271	3074	15	10	53	0	0	220	0	1029	3096	100	223	201	124	0	397	2917	29170	9890	0.108	
C:\Data\CD166_19_(2020)\CD166_19_S2\CD166_19_S2_REP2\XRF data\L000114.spe	138.22	6.85	1	0.010265	-0.008542	0.010089	0.078770	38764	1.93	162	1274	14	63	714	684	9500	45184	112	10249	489	400	3359	116916	169	55	528	357	189	333	709	5160	361	3078	7	0	53	0	0	212	0	1085	3128	134	188	148	322	0	411	2671	30045	9914	0.108	
C:\Data\CD166_19_(2020)\CD166_19_S2\CD166_19_S2_REP2\XRF data\L000115.spe	139.22	6.86	1	0.010265	-0.008542	0.010043	0.078770	39194	1.93	128	1221	0	46	718	642	9545	43721	64	9890	428	490	3579	120545	109	125	651	357	255	294	926	5149	195	3058	16	0	22	0	0	203	0	965	3136	120	104	42	0	0	335	2832	29886	9957	0.108	
C:\Data\CD166_19_(2020)\CD166_19_S2\CD166_19_S2_REP2\XRF data\L000116.spe	140.22	6.86	1	0.010265	-0.008542	0.009898	0.078770	39770	1.86	171	1199	0	32	751	664	9403	39507	69	9955	509	361	3682	121496	127	80	506	252	255	367	927	5077	421	3435	5	0	30	0	0	273	14	983	3013	56	309	239	0	0	375	2810	31044	10096	0.111	
C:\Data\CD166_19_(2020)\CD166_19_S2\CD166_19_S2_REP2\XRF data\L000117.spe	141.22	6.87	1	0.010263	-0.008542	0.009898	0.078770	38607	1.68	139	1179	5	65	857	636	10435	28455	0	8653	371	381	3791	110262	112	130	583	415	208	456	1080	4177	296	3862	0	0	0	0	0	174	5	1083	3186	0	263	170	58	0	317	2822	33442	10195	0.115	
C:\Data\CD166_19_(2020)\CD166_19_S2\CD166_19_S2_REP2\XRF data\L000118.spe	142.22	6.87	1	0.010263	-0.008542	0.009671	0.078770	39250	1.61	150	1333	28	33	786	683	10731	29763	11	8930	396	368	3454	111561	24	47	641	429	275	356	1060	4443	308	3947	0	0	18	0	0	195	27	1051	3185	76	208	189	72	0	270	2956	33487	10556	0.116	
C:\Data\CD166_19_(2020)\CD166_19_S2\CD166_19_S2_REP2\XRF data\L000119.spe	143.22	6.88	1	0.010262	-0.008542	0.009671	0.078770	38547	1.89	158	1310	21	45	777	609	10849	28870	0	8200	355	384	3352	106507	42	75	649	340	207	385	1002	4115	289	3795	37	0	28	0	85	147	61	1229	3203	21	238	81	0	0	229	2637	34131	10423	0.117	
C:\Data\CD166_19_(2020)\CD166_19_S2\CD166_19_S2_REP2\XRF data\L000120.spe	144.22	6.88	1	0.010265	-0.008542	0.009671	0.078770	38431	1.77	137	1264	35	34	761	550	10942	30973	38	8092	319	351	3352	102278	54	54	560	377	291	423	1186	3825	182	3861	37	0	42	0	0	252	0	1216	3312	59	243	233	160	0	277	2457	35325	10356	0.118	
C:\Data\CD166_19_(2020)\CD166_19_S2\CD166_19_S2_REP2\XRF data\L000121.spe	145.22	6.88	1	0.010266	-0.008542	0.009671	0.078770	38910	1.73	176	1257	0	32	816	669	11239	28855	91	7827	325	437	3723	105876	80	74	600	318	232	302	1241	3857	302	3831	0	0	0	0	0	153	39	1139	3230	0	331	140	7	0	299	2465	35505	10533	0.118	
C:\Data\CD166_19_(2020)\CD166_19_S2\CD166_19_S2_REP2\XRF data\L000122.spe	146.22	6.88	1	0.010267	-0.008542	0.009671	0.078770	38757	2.01	147	1355	0	39	818	595	11246	27157	75	8229	310	333	3984	105973	127	208	675	376	221	378	1127	3709	373	4011	10	0	31	0	0	282	0	1088	3225	38	307	139	253	31	379	2175	35260	10234	0.119	
C:\Data\CD166_19_(2020)\CD166_19_S2\CD166_19_S2_REP2\XRF data\L000123.spe	147.22	6.89	1	0.010261	-0.008542	0.009671	0.078770	38669	1.77	126	1341	25	33	742	668	10846	28240	0	8438	332	284	3652	106632	112	84	605	414	147	344	1121	3882	270	3908	5	0	12	0	0	230	19	1240	3136	29	244	149	0	0	238	2912	34934	10623	0.116	
C:\Data\CD166_19_(2020)\CD166_19_S2\CD166_19_S2_REP2\XRF data\L000124.spe	148.22	6.90	1	0.010264	-0.008542	0.009671	0.078770	38842	1.81	165	1427	5	61	799	720	10845	27496	0	8539	218	380	3660	108258	89	7	623	393	185	505	1047	4032	389	3968	0	0	34	0	0	214	0	1164	3181	113	306	175	206	0	293	2778	35481	10307	0.117	
C:\Data\CD166_19_(2020)\CD166_19_S2\CD166_19_S2_REP2\XRF data\L000125.spe	149.22	6.90	1	0.010265	-0.008542	0.009671	0.078770	38394	1.77	144	1277	14	56	703	628	10586	26220	17	8783	361	355	3830	108930	60	67	646	323	187	390	990	4145	274	3762	13	0	16	0	0	172	35	1104	3172	68	180	256	63	0	350	2662	33517	10134	0.116	
C:\Data\CD166_19_(2020)\CD166_19_S2\CD166_19_S2_REP2\XRF data\L000126.spe	150.22	6.90	1	0.010263	-0.008542	0.009671	0.078770	38979	1.71	126	1250	22	37	773	665	10624	28729	0	9200	393	401	3512	112536	152	84	641	264	211	312	1087	4349	321	3706	10	0	0	0	34	156	72	1210	3203	0	289	40	80	0	345	2721	33481	9928	0.115	
C:\Data\CD166_19_(2020)\CD166_19_S2\CD166_19_S2_REP2\XRF data\L000127.spe	151.22	6.90	1	0.010263	-0.008542	0.009671	0.078770	39118	1.75	130	1314	8	50	723	660	10461	30148	0	9845	370	398	3750	116492	105	97	598	360	153	220	964	4258	282	3746	9	0	48	0	0	188	45	1016	3119	90	246	163	129	0	318	2812	32624	10035	0.113	
C:\Data\CD166_19_(2020)\CD166_19_S2\CD166_19_S2_REP2\XRF data\L000128.spe	152.22	6.91	1	0.010263	-0.008542	0.009671	0.078770	40215	1.83	183	1326	0	37	730	624	10226	31037	0	10599	519	411	3902	126389	130	85	541	275	241	342	1131	4785	287	3697	33	0	35	0	133	134	0	972	3158	109	369	156	8	0	363	3387	31387	10050	0.112	
C:\Data\CD166_19_(2020)\CD166_19_S2\CD166_19_S2_REP2\XRF data\L000129.spe	153.22	6.91	1	0.010262	-0.008542	0.009671	0.078770	39905	1.95	145	1411	49	16	740	618	10463	31486	0	9706	333	386	3420	120162	77	123	637	375	218	444	1098	4683	306	3790	20	0	50	0	129	166	40	1115	3093	49	113	315	48	0	346	3160	32741	10243	0.114	
C:\Data\CD166_19_(2020)\CD166_19_S2\CD166_19_S2_REP2\XRF data\L000130.spe	154.22	6.91	1	0.010265	-0.008542	0.009671	0.078770	39436	1.87	194	1348	0	24	743	655	10533	31325	89	9062	364	289	3591	111548	110	118	692	430	146	304	1257	4633	363	3961	0	0	0	0	0	212	0	1073	3212	60	305	211	0	15	331	2401	33884	10341	0.116	
C:\Data\CD166_19_(2020)\CD166_19_S2\CD166_19_S2_REP2\XRF data\L000131.spe	155.22	6.91	1	0.010266	-0.008542	0.009671	0.078770	39202	1.77	140	1268	16	48	749	619	10514	32940	12	8416	343	335	3783	107346	50	65	701	286	195	261	1172	4267	281	3940	0	0	0	0	0	150	0	1156	3077	0	233	202	0	0	281	2156	35094	10458	0.117	
C:\Data\CD166_19_(2020)\CD166_19_S2\CD166_19_S2_REP2\XRF data\L000132.spe	156.22	6.91	1	0.010267	-0.008542	0.009671	0.078770	38976	1.91	120	1274	0	62	806	667	10407	33192	44	8847	253	300	3600	107136	62	6	723	335	183	318	1200	4113	317	3610	0	0	0	0	0	247	0	1182	3229	87	218	205	0	0	333	2412	33978	9955	0.117	
C:\Data\CD166_19_(2020)\CD166_19_S2\CD166_19_S2_REP2\XRF data\L000133.spe	157.22	6.92	1	0.010268	-0.008542	0.009671	0.078770	38786	2.09	136	1328	0	32	810	728	10112	32991	56	8392	307	359	3680	105270	51	30	651	275	329	451	1048	4422	275	3635	0	0	15	0	0	203	0	1218	3248	127	196	279	180	0	257	2237	34495	10215	0.117	
C:\Data\CD166_19_(2020)\CD166_19_S2\CD166_19_S2_REP2\XRF data\L000134.spe	158.22	6.91	1	0.010261	-0.008542	0.009671	0.078770	38553	1.80	152	1137	0	41	906	685	10542	35472	40	7399	410	357	3888	101592	63	54	658	389	214	347	1092	4365	250	3700	6	0	35	0	108	87	41	1211	3325	110	178	63	0	0	258	2819	35084	10460	0.116	
C:\Data\CD166_19_(2020)\CD166_19_S2\CD166_19_S2_REP2\XRF data\L000135.spe	159.22	6.91	1	0.010261	-0.008542	0.009671	0.078770	39435	1.75	173	1201	0	35	890	642	10753	36986	79	7793	377	342	3974	105191	73	47	732	256	144	372	1202	4322	195	3796	22	0	70	0	52	128	51	1239	3282	0	267	202	0	0	299	2871	34445	10555	0.117	
C:\Data\CD166_19_(2020)\CD166_19_S2\CD166_19_S2_REP2\XRF data\L000136.spe	160.22	6.91	1	0.010260	-0.008542	0.009671	0.078770	40652	2.12	156	1307	0	45	899	636	11253	38512	93	8649	361	410	3940	112110	100	117	633	379	197	369	1264	4533	192	3888	0	0	63	0	0	226	6	1161	3299	14	247	321	0	0	229	3165	34619	10355	0.117	
C:\Data\CD166_19_(2020)\CD166_19_S2\CD166_19_S2_REP2\XRF data\L000137.spe	161.22	6.91	1	0.010266	-0.008542	0.009671	0.078770	39160	1.76	163	1389	48	62	813	636	10888	37821	81	7966	383	302	3988	103635	42	39	584	306	238	358	1037	4146	189	3556	37	0	58	0	0	161	0	1051	3184	0	149	300	156	0	274	2339	34961	10251	0.117	
C:\Data\CD166_19_(2020)\CD166_19_S2\CD166_19_S2_REP2\XRF data\L000138.spe	162.22	6.90	1	0.010263	-0.008542	0.009671	0.078770	38751	1.88	161	1325	0	30	810	648	10445	41227	10	8072	442	291	3962	99969	39	44	648	353	112	423	1053	4245	356	3633	0	0	53	0	0	258	0	1166	3280	78	270	229	0	0	331	2546	34787	10450	0.118	
C:\Data\CD166_19_(2020)\CD166_19_S2\CD166_19_S2_REP2\XRF data\L000139.spe	163.22	6.90	1	0.010262	-0.008542	0.009671	0.078770	38204	1.78	134	1281	0	81	824	685	10230	41514	23	7747	260	382	3588	97502	46	8	575	234	180	298	1059	4095	325	3682	13	0	35	0	26	164	24	1203	3119	61	152	181	0	0	335	2589	34102	10391	0.117	
C:\Data\CD166_19_(2020)\CD166_19_S2\CD166_19_S2_REP2\XRF data\L000140.spe	164.22	6.91	1	0.010266	-0.008542	0.009609	0.078770	38746	1.57	125	1243	19	38	795	661	10052	43800	104	8064	278	369	3847	99216	143	27	701	313	286	378	1103	4375	338	3591	0	0	0	0	0	153	19	1082	3137	26	173	138	0	0	252	2263	34163	10242	0.116	
C:\Data\CD166_19_(2020)\CD166_19_S2\CD166_19_S2_REP2\XRF data\L000141.spe	165.22	6.91	1	0.010263	-0.008542	0.009609	0.078770	39284	1.79	150	1201	13	51	887	656	10284	46458	46	8360	340	309	3763	100541	47	34	527	384	201	500	1046	4348	298	3635	22	0	0	0	0	150	11	1097	3254	178	182	122	116	0	258	2416	34475	10305	0.116	
C:\Data\CD166_19_(2020)\CD166_19_S2\CD166_19_S2_REP2\XRF data\L000142.spe	166.22	6.92	1	0.010263	-0.008542	0.009486	0.078770	39976	1.78	129	1308	0	26	813	652	10275	46960	49	8828	312	334	3735	104552	142	84	681	390	275	330	1112	4233	236	3432	0	0	86	0	0	232	0	1194	3177	28	194	68	0	0	392	2565	35737	10733	0.117	
C:\Data\CD166_19_(2020)\CD166_19_S2\CD166_19_S2_REP2\XRF data\L000143.spe	167.22	6.92	1	0.010262	-0.008542	0.009486	0.078770	40228	1.72	146	1255	19	54	752	625	10389	47103	55	9584	256	318	3936	106182	104	42	574	305	148	438	964	4205	289	3519	14	0	30	0	0	211	0	1233	3292	11	309	89	87	0	333	2590	34861	10474	0.115	
C:\Data\CD166_19_(2020)\CD166_19_S2\CD166_19_S2_REP2\XRF data\L000144.spe	168.22	6.92	1	0.010262	-0.008542	0.009486	0.078770	40481	1.77	116	1291	0	30	723	703	10082	47375	47	9497	430	513	3934	112190	135	35	587	314	199	336	1066	4666	213	3447	0	0	23	0	0	191	18	1163	3136	87	155	284	0	0	335	3024	33165	10205	0.115	
C:\Data\CD166_19_(2020)\CD166_19_S2\CD166_19_S2_REP2\XRF data\L000145.spe	169.22	6.91	1	0.010261	-0.008542	0.009486	0.078770	39661	1.89	161	1232	5	46	664	648	9741	42928	47	9935	381	404	3747	118100	103	56	556	345	161	265	854	4627	308	3205	20	0	23	0	88	161	42	1096	3037	0	281	126	134	0	318	2940	31497	9642	0.110	
C:\Data\CD166_19_(2020)\CD166_19_S2\CD166_19_S2_REP2\XRF data\L000146.spe	170.22	6.91	1	0.010261	-0.008542	0.009486	0.078770	39821	1.96	196	1264	0	68	667	593	8915	36606	10	12088	575	374	3671	133013	112	120	542	244	159	308	758	5190	344	2816	21	0	90	0	23	179	28	971	2852	70	262	236	157	0	338	3815	29467	9361	0.107	
C:\Data\CD166_19_(2020)\CD166_19_S2\CD166_19_S2_REP2\XRF data\L000147.spe	171.22	6.92	1	0.010260	-0.008542	0.009486	0.078770	42386	2.36	169	1253	0	54	650	636	8705	38375	0	13607	641	520	3819	156301	59	93	601	284	118	223	952	5296	279	2938	11	0	66	0	201	162	24	892	2832	0	173	319	0	0	474	4354	27515	9034	0.104	
C:\Data\CD166_19_(2020)\CD166_19_S2\CD166_19_S2_REP2\XRF data\L000148.spe	172.22	6.92	1	0.010265	-0.008542	0.009486	0.078770	43194	1.96	174	1238	10	48	749	664	9127	40341	84	13704	599	504	3662	157564	85	111	518	245	168	314	753	5691	328	2812	14	0	7	0	35	204	27	1006	2933	94	150	261	292	0	419	3967	28773	9573	0.105	
C:\Data\CD166_19_(2020)\CD166_19_S2\CD166_19_S2_REP2\XRF data\L000149.spe	173.22	6.93	1	0.010266	-0.008542	0.009486	0.078770	42141	1.85	219	1302	0	47	703	629	9391	45821	0	12046	565	461	4069	137897	134	53	618	245	181	214	841	5620	328	2965	0	0	64	0	0	144	0	1067	2982	0	197	116	0	31	336	3036	30619	9855	0.109	