C:\Data\CD166_19_(2020)_processed\CD166_19_S2\CD166_19_S2_REP2\XRF data     06-Oct-20  re-evaluated data
peakarea
filename	position (mm)	sample surface	validity	E-gain	E-offset	F-slope	F-offset	cps	MSE	Al	Si	P	S	Cl	Ar	K	Ca	Sc	Ti	V	Cr	Mn	Fe	Ni	Cu	Zn	Ga	Ge	Br	Rb	Sr	Y	Zr	Pd	Cd	I	Cs	Ba	Nd	Sm	Yb	Ta	W	Pb	Bi	Fe a*2	Fe a+b	S1	S2	S3	Mo inc	Mo coh	Dt	
C:\Data\CD166_19_(2020)_processed\CD166_19_S2\CD166_19_S2_REP2\XRF data\L000000.spe	24.22	6.99	1	0.010267	-0.009931	0.009900	0.077115	37963	1.34	119	881	0	44	958	635	6409	52078	0	6256	93	388	2451	84717	42	143	400	58	59	380	690	6259	222	1835	0	0	0	0	150	95	72	281	836	1938	118	226	165	55	595	338	555	27244	9183	0.108	
C:\Data\CD166_19_(2020)_processed\CD166_19_S2\CD166_19_S2_REP2\XRF data\L000001.spe	25.22	6.99	1	0.010267	-0.009931	0.009900	0.077115	37137	1.45	91	976	0	30	868	652	7077	47718	0	6448	215	360	2602	88104	152	180	382	143	0	367	594	5621	250	2080	0	25	0	0	193	82	92	117	813	2036	82	210	145	208	612	281	530	25832	8653	0.104	
C:\Data\CD166_19_(2020)_processed\CD166_19_S2\CD166_19_S2_REP2\XRF data\L000002.spe	26.22	7.00	1	0.010267	-0.009931	0.009900	0.077115	39190	1.38	147	985	0	10	703	677	7848	43840	0	7265	171	479	2844	93776	39	96	401	187	7	301	849	5119	225	2697	0	0	5	0	175	108	113	78	690	2060	90	181	260	132	629	311	438	27471	9102	0.108	
C:\Data\CD166_19_(2020)_processed\CD166_19_S2\CD166_19_S2_REP2\XRF data\L000003.spe	27.22	6.99	1	0.010267	-0.009931	0.009900	0.077115	43298	1.53	135	1147	0	10	730	577	8902	38142	0	9530	146	587	3032	111423	138	144	459	296	27	450	908	5493	262	3149	0	0	5	0	246	114	106	93	830	2388	56	232	320	129	677	376	718	29818	9763	0.110	
C:\Data\CD166_19_(2020)_processed\CD166_19_S2\CD166_19_S2_REP2\XRF data\L000004.spe	28.22	6.98	1	0.010267	-0.009931	0.009900	0.077115	46299	1.56	147	1392	0	23	762	549	9368	40562	0	10423	197	628	3677	123505	120	122	556	194	75	390	1046	5864	255	3318	0	0	16	0	286	122	146	92	1032	2420	91	220	180	144	674	467	923	30532	10237	0.112	
C:\Data\CD166_19_(2020)_processed\CD166_19_S2\CD166_19_S2_REP2\XRF data\L000005.spe	29.22	6.98	1	0.010267	-0.009931	0.009900	0.077115	47811	1.65	135	1339	0	37	753	511	10162	39584	0	11918	150	709	3676	136901	109	184	568	317	10	383	910	5985	291	3080	9	0	0	0	283	150	134	151	859	2499	161	274	202	275	886	435	884	29036	10034	0.109	
C:\Data\CD166_19_(2020)_processed\CD166_19_S2\CD166_19_S2_REP2\XRF data\L000006.spe	30.22	6.98	1	0.010267	-0.009931	0.009900	0.077115	48337	1.70	190	1314	0	0	782	542	9317	39010	0	12769	355	761	3967	145273	138	180	576	300	83	394	673	5855	338	2950	0	7	11	0	326	170	172	188	941	2428	12	276	378	448	878	645	1142	28391	9853	0.107	
C:\Data\CD166_19_(2020)_processed\CD166_19_S2\CD166_19_S2_REP2\XRF data\L000007.spe	31.22	6.98	1	0.010267	-0.009931	0.009900	0.077115	50599	1.71	192	1332	0	0	769	550	9623	37327	0	15076	127	747	3762	160350	91	165	533	296	46	388	922	5874	265	3109	0	0	36	0	353	121	150	195	857	2388	98	235	477	258	994	618	1026	29211	9939	0.108	
C:\Data\CD166_19_(2020)_processed\CD166_19_S2\CD166_19_S2_REP2\XRF data\L000008.spe	32.22	6.98	1	0.010267	-0.009931	0.009900	0.077115	50471	1.70	111	1400	0	0	727	569	9621	37347	0	14802	140	694	3791	155948	223	144	695	114	22	349	1005	6078	266	3309	0	0	0	0	312	120	187	44	1016	2429	50	162	330	99	883	522	1105	29213	9941	0.109	
C:\Data\CD166_19_(2020)_processed\CD166_19_S2\CD166_19_S2_REP2\XRF data\L000009.spe	33.22	6.97	1	0.010267	-0.009931	0.009900	0.077115	48170	1.73	141	1386	0	0	718	517	9980	37102	0	12126	263	658	3352	134961	95	107	605	244	134	467	844	6143	287	3318	30	0	33	0	301	160	153	174	963	2511	105	259	276	480	932	492	737	30525	10172	0.112	
C:\Data\CD166_19_(2020)_processed\CD166_19_S2\CD166_19_S2_REP2\XRF data\L000010.spe	34.22	6.96	1	0.010267	-0.009931	0.009900	0.077115	46512	1.53	148	1381	0	0	756	548	10205	37311	0	9942	126	621	3424	119344	167	194	563	207	51	395	1001	5922	158	3433	0	0	0	0	240	175	106	109	990	2581	33	168	290	308	746	425	848	31229	10474	0.114	
C:\Data\CD166_19_(2020)_processed\CD166_19_S2\CD166_19_S2_REP2\XRF data\L000011.spe	35.22	6.96	1	0.010267	-0.009931	0.009900	0.077115	46104	1.51	170	1350	0	0	728	529	10199	38370	0	9211	214	605	3213	113713	0	141	622	237	75	328	1082	6013	248	3501	0	0	0	0	291	147	89	201	979	2506	201	311	294	214	776	385	661	32458	10672	0.115	
C:\Data\CD166_19_(2020)_processed\CD166_19_S2\CD166_19_S2_REP2\XRF data\L000012.spe	36.22	6.96	1	0.010267	-0.009931	0.009900	0.077115	46056	1.55	171	1360	0	6	834	538	10391	40574	0	9541	192	669	3112	112607	37	177	550	193	112	468	1154	5839	133	3459	28	0	35	0	207	140	121	252	931	2551	127	171	214	33	524	486	909	31757	10615	0.114	
C:\Data\CD166_19_(2020)_processed\CD166_19_S2\CD166_19_S2_REP2\XRF data\L000013.spe	37.22	6.96	1	0.010267	-0.009931	0.009900	0.077115	46503	1.53	185	1371	0	0	813	546	10184	42799	0	9377	136	584	3088	112077	121	93	550	197	98	372	1092	6031	177	3510	0	0	0	0	238	115	112	121	991	2639	53	183	209	0	604	414	852	32673	10538	0.116	
C:\Data\CD166_19_(2020)_processed\CD166_19_S2\CD166_19_S2_REP2\XRF data\L000014.spe	38.22	6.96	1	0.010267	-0.009931	0.009900	0.077115	46018	1.45	159	1377	0	17	838	576	10332	48706	0	8303	150	608	3025	104882	90	151	566	290	41	526	1100	5933	286	3546	0	0	21	0	276	132	142	176	945	2624	119	250	246	95	651	454	745	33278	10920	0.116	
C:\Data\CD166_19_(2020)_processed\CD166_19_S2\CD166_19_S2_REP2\XRF data\L000015.spe	39.22	6.95	1	0.010267	-0.009931	0.009900	0.077115	45756	1.50	166	1274	0	0	813	548	10133	54440	0	7723	118	552	3003	99347	68	106	544	237	151	417	1133	5668	192	3512	0	9	0	0	198	111	100	65	868	2639	31	216	158	182	618	377	591	32896	10383	0.117	
C:\Data\CD166_19_(2020)_processed\CD166_19_S2\CD166_19_S2_REP2\XRF data\L000016.spe	40.22	6.95	1	0.010267	-0.009931	0.009900	0.077115	46154	1.57	172	1194	0	6	844	600	10285	55796	0	7776	165	542	3286	98961	54	96	506	276	59	424	982	5646	139	2969	0	0	50	0	201	134	115	251	914	2566	141	281	216	330	717	310	609	33374	10534	0.117	
C:\Data\CD166_19_(2020)_processed\CD166_19_S2\CD166_19_S2_REP2\XRF data\L000017.spe	41.22	6.95	1	0.010267	-0.009931	0.009900	0.077115	45820	1.58	124	1227	0	21	917	550	9896	56387	0	7745	159	554	3357	97746	134	191	542	287	103	511	937	5639	298	3089	0	0	27	0	203	116	97	118	938	2567	122	332	211	442	753	404	617	33775	10708	0.117	
C:\Data\CD166_19_(2020)_processed\CD166_19_S2\CD166_19_S2_REP2\XRF data\L000018.spe	42.22	6.95	1	0.010267	-0.009931	0.009900	0.077115	46606	1.46	160	1172	0	0	928	519	9406	59463	0	7455	113	541	3196	102097	96	255	560	227	100	449	867	5639	307	3013	0	0	0	0	204	133	105	276	1030	2588	62	247	312	364	741	428	543	33845	10754	0.116	
C:\Data\CD166_19_(2020)_processed\CD166_19_S2\CD166_19_S2_REP2\XRF data\L000019.spe	43.22	6.94	1	0.010267	-0.009931	0.009900	0.077115	45808	1.52	121	1096	0	0	920	615	9308	57881	0	7695	165	575	3266	102470	135	226	541	264	129	460	976	5597	183	3041	0	4	13	0	178	139	103	193	1023	2462	62	275	94	33	603	423	596	32520	10564	0.115	
C:\Data\CD166_19_(2020)_processed\CD166_19_S2\CD166_19_S2_REP2\XRF data\L000020.spe	44.22	6.94	1	0.010267	-0.009931	0.009900	0.077115	45244	1.46	149	1269	0	0	799	540	9810	51476	0	8149	64	538	3345	104109	75	183	501	245	101	441	914	5642	247	3269	16	0	25	0	240	109	127	204	931	2455	121	211	169	330	763	320	399	31581	10045	0.114	
C:\Data\CD166_19_(2020)_processed\CD166_19_S2\CD166_19_S2_REP2\XRF data\L000021.spe	45.22	6.94	1	0.010267	-0.009931	0.009900	0.077115	45559	1.47	134	1300	0	0	826	566	9961	52198	0	8836	253	557	3510	106356	159	208	515	210	56	498	954	6321	210	2912	24	0	52	0	264	164	93	178	987	2460	89	327	220	109	793	410	564	31355	10354	0.113	
C:\Data\CD166_19_(2020)_processed\CD166_19_S2\CD166_19_S2_REP2\XRF data\L000022.spe	46.22	6.94	1	0.010267	-0.009931	0.009900	0.077115	45647	1.49	173	1272	0	0	765	590	9675	58110	0	8324	107	549	3571	102196	103	145	462	187	123	375	1042	6597	212	2811	0	0	45	0	191	141	128	105	941	2620	116	226	249	59	669	381	532	31893	10727	0.113	
C:\Data\CD166_19_(2020)_processed\CD166_19_S2\CD166_19_S2_REP2\XRF data\L000023.spe	47.22	6.93	1	0.010267	-0.009931	0.009900	0.077115	45419	1.51	125	1244	0	0	842	541	10164	51084	0	8483	84	618	4320	104464	119	208	608	201	94	491	1078	5633	234	3389	0	0	0	0	253	105	144	229	908	2462	6	264	295	245	605	366	898	32051	10392	0.113	
C:\Data\CD166_19_(2020)_processed\CD166_19_S2\CD166_19_S2_REP2\XRF data\L000024.spe	48.22	6.93	1	0.010267	-0.009931	0.009900	0.077115	46651	1.57	153	1288	0	0	707	531	9735	49022	0	9866	25	592	3800	115947	184	205	615	251	56	337	955	6116	313	3056	5	0	0	0	258	115	95	124	950	2521	126	226	258	82	721	600	847	31394	10554	0.112	
C:\Data\CD166_19_(2020)_processed\CD166_19_S2\CD166_19_S2_REP2\XRF data\L000025.spe	49.22	6.93	1	0.010267	-0.009931	0.009900	0.077115	47348	1.60	125	1213	0	0	837	484	9801	47039	0	10187	245	599	3573	120596	99	155	554	237	24	438	974	5978	177	3517	0	0	9	0	259	125	152	138	948	2574	46	254	353	318	830	414	698	31613	10485	0.113	
C:\Data\CD166_19_(2020)_processed\CD166_19_S2\CD166_19_S2_REP2\XRF data\L000026.spe	50.22	6.93	1	0.010267	-0.009931	0.009900	0.077115	46322	1.52	115	1189	0	0	900	503	9871	47278	0	8504	155	575	3686	109014	92	237	539	206	123	507	1130	5821	125	3449	0	0	32	0	272	78	153	236	1020	2481	66	321	238	0	800	412	738	32418	10864	0.116	
C:\Data\CD166_19_(2020)_processed\CD166_19_S2\CD166_19_S2_REP2\XRF data\L000027.spe	51.22	6.92	1	0.010267	-0.009931	0.009900	0.077115	45873	1.50	155	1290	0	14	846	565	10536	44695	0	8302	130	523	3829	105565	24	99	515	271	144	451	1041	5590	240	3420	0	8	39	0	192	131	121	211	975	2576	107	329	249	387	584	392	872	32980	10564	0.117	
C:\Data\CD166_19_(2020)_processed\CD166_19_S2\CD166_19_S2_REP2\XRF data\L000028.spe	52.22	6.92	1	0.010267	-0.009931	0.009900	0.077115	46211	1.63	144	1289	0	0	882	576	10432	44165	0	8476	108	591	3745	107380	204	195	661	288	59	530	1079	5830	266	3448	0	0	40	0	226	134	75	32	908	2641	125	243	246	287	618	377	706	33389	10550	0.116	
C:\Data\CD166_19_(2020)_processed\CD166_19_S2\CD166_19_S2_REP2\XRF data\L000029.spe	53.22	6.92	1	0.010267	-0.009931	0.009900	0.077115	46715	1.56	142	1296	0	22	859	561	10147	48481	0	8864	106	617	3443	110276	144	197	709	314	115	449	1222	5551	244	3536	0	0	26	0	240	161	164	110	936	2559	106	241	335	0	660	528	637	33002	10585	0.115	
C:\Data\CD166_19_(2020)_processed\CD166_19_S2\CD166_19_S2_REP2\XRF data\L000030.spe	54.22	6.92	1	0.010267	-0.009931	0.009900	0.077115	46489	1.57	175	1172	0	0	856	505	10219	45316	0	9248	218	586	3631	110247	150	172	604	257	101	476	1150	5376	254	3474	8	0	34	0	277	70	138	134	924	2618	179	275	174	76	759	422	610	33550	10657	0.116	
C:\Data\CD166_19_(2020)_processed\CD166_19_S2\CD166_19_S2_REP2\XRF data\L000031.spe	55.22	6.91	1	0.010267	-0.009931	0.009900	0.077115	46303	1.52	155	1227	0	0	764	541	10154	38894	0	9833	121	585	3588	115147	68	122	501	210	18	414	1041	5726	264	3527	0	0	0	0	270	169	117	267	1080	2540	116	310	251	103	798	413	652	31683	10287	0.115	
C:\Data\CD166_19_(2020)_processed\CD166_19_S2\CD166_19_S2_REP2\XRF data\L000032.spe	56.22	6.92	1	0.010267	-0.009931	0.009900	0.077115	46872	1.56	150	1198	0	0	905	566	10167	44373	0	9166	181	562	3378	113007	109	130	534	266	86	374	1085	6082	232	3427	0	0	0	0	200	133	98	105	985	2700	68	254	284	208	724	393	716	33373	10528	0.115	
C:\Data\CD166_19_(2020)_processed\CD166_19_S2\CD166_19_S2_REP2\XRF data\L000033.spe	57.22	6.90	1	0.010267	-0.009931	0.009900	0.077115	47332	1.62	108	1116	0	0	1010	554	9794	57673	0	8360	137	551	3435	105489	155	103	591	132	104	543	965	6066	183	3436	0	0	0	0	213	128	77	132	1070	2496	143	169	244	160	655	388	674	33283	10830	0.116	
C:\Data\CD166_19_(2020)_processed\CD166_19_S2\CD166_19_S2_REP2\XRF data\L000034.spe	58.22	6.90	1	0.010267	-0.009931	0.009900	0.077115	46297	1.52	141	1053	0	16	1079	590	9520	60825	24	7675	116	536	3360	101374	147	241	530	267	20	581	997	6066	261	3055	0	0	8	0	187	133	165	86	913	2422	130	184	229	41	653	415	629	32920	10768	0.115	
C:\Data\CD166_19_(2020)_processed\CD166_19_S2\CD166_19_S2_REP2\XRF data\L000035.spe	59.22	6.90	1	0.010267	-0.009931	0.009900	0.077115	46025	1.50	117	1096	0	4	953	501	9260	63621	0	8337	24	599	3157	102208	146	182	492	178	94	371	972	6125	195	2870	29	4	7	0	193	131	99	188	914	2453	115	208	315	67	711	462	684	32603	10335	0.114	
C:\Data\CD166_19_(2020)_processed\CD166_19_S2\CD166_19_S2_REP2\XRF data\L000036.spe	60.22	6.90	1	0.010267	-0.009931	0.009900	0.077115	46585	1.66	157	1102	0	25	1020	547	9065	61869	0	9162	200	660	3134	109336	217	139	543	77	45	424	1013	5956	255	2949	4	23	49	0	251	122	124	74	915	2478	201	251	235	0	669	463	683	31119	10187	0.113	
C:\Data\CD166_19_(2020)_processed\CD166_19_S2\CD166_19_S2_REP2\XRF data\L000037.spe	61.22	6.90	1	0.010267	-0.009931	0.009900	0.077115	45042	1.50	94	1138	0	6	779	535	9290	55999	0	9020	89	618	3077	108434	98	121	492	304	35	425	815	5753	364	3077	0	5	0	0	255	97	149	139	871	2352	115	262	348	280	701	498	709	30298	9646	0.111	
C:\Data\CD166_19_(2020)_processed\CD166_19_S2\CD166_19_S2_REP2\XRF data\L000038.spe	62.22	6.91	1	0.010267	-0.009931	0.009900	0.077115	47718	1.55	158	1281	0	16	827	580	9633	53880	0	10525	164	605	3509	122940	61	108	468	146	23	365	970	5971	236	3069	0	0	0	0	231	143	129	272	928	2334	71	190	290	125	705	425	1046	31156	10337	0.111	
C:\Data\CD166_19_(2020)_processed\CD166_19_S2\CD166_19_S2_REP2\XRF data\L000039.spe	63.22	6.91	1	0.010267	-0.009931	0.009900	0.077115	47266	1.58	141	1288	0	10	800	564	9498	52819	0	10409	155	625	3554	125050	161	278	606	197	19	379	938	5940	182	3121	7	0	43	0	330	140	170	164	822	2502	88	238	190	166	817	411	755	29862	10252	0.110	
C:\Data\CD166_19_(2020)_processed\CD166_19_S2\CD166_19_S2_REP2\XRF data\L000040.spe	64.22	6.90	1	0.010267	-0.009931	0.009900	0.077115	47186	1.52	144	1116	0	4	819	538	8887	68248	0	9633	130	572	3284	111286	146	117	565	182	83	421	999	5779	140	3011	6	0	18	0	227	82	63	54	835	2459	32	189	204	88	713	343	876	30775	10255	0.112	
C:\Data\CD166_19_(2020)_processed\CD166_19_S2\CD166_19_S2_REP2\XRF data\L000041.spe	65.22	6.89	1	0.010267	-0.009931	0.009900	0.077115	47321	1.56	151	1202	0	0	824	542	9077	64579	0	10148	191	622	3273	114524	7	66	483	91	169	482	1016	5799	166	2856	11	0	0	0	255	156	79	275	971	2340	122	205	178	58	776	432	572	31434	10571	0.112	
C:\Data\CD166_19_(2020)_processed\CD166_19_S2\CD166_19_S2_REP2\XRF data\L000042.spe	66.22	6.90	1	0.010267	-0.009931	0.009900	0.077115	46722	1.60	142	1157	0	17	877	530	9418	65524	0	9907	154	595	3399	112823	179	126	512	171	0	524	881	5658	272	2845	33	0	34	0	221	127	102	18	928	2506	92	225	212	218	770	459	649	30067	10340	0.109	
C:\Data\CD166_19_(2020)_processed\CD166_19_S2\CD166_19_S2_REP2\XRF data\L000043.spe	67.22	6.90	1	0.010267	-0.009931	0.009900	0.077115	47967	1.65	165	1198	0	0	843	560	9271	67054	0	10661	185	614	3459	126076	107	120	565	206	54	429	868	5842	149	2753	0	0	54	0	313	144	143	159	938	2454	57	229	305	97	775	494	857	28909	9865	0.107	
C:\Data\CD166_19_(2020)_processed\CD166_19_S2\CD166_19_S2_REP2\XRF data\L000044.spe	68.22	6.89	1	0.010267	-0.009931	0.009900	0.077115	48196	1.56	166	1266	0	0	788	646	9326	62288	0	11491	204	708	3340	134827	88	91	524	117	0	391	816	5703	207	2628	0	0	30	0	274	88	111	126	827	2472	0	112	295	69	683	493	1410	27804	10010	0.107	
C:\Data\CD166_19_(2020)_processed\CD166_19_S2\CD166_19_S2_REP2\XRF data\L000045.spe	69.22	6.89	1	0.010267	-0.009931	0.009900	0.077115	48498	1.52	156	1307	0	0	799	614	9072	57184	0	11908	239	786	3291	140512	58	156	540	120	99	370	801	5820	194	2816	0	0	11	0	261	161	152	149	875	2237	52	229	363	199	670	528	1325	28004	9701	0.106	
C:\Data\CD166_19_(2020)_processed\CD166_19_S2\CD166_19_S2_REP2\XRF data\L000046.spe	70.22	6.88	1	0.010267	-0.009931	0.009900	0.077115	47170	1.70	214	1211	0	19	868	482	8897	59164	0	11238	137	699	3209	123923	127	173	559	150	51	383	855	5916	145	2912	0	11	40	0	266	104	145	102	853	2398	115	179	332	104	752	466	840	29407	10214	0.109	
C:\Data\CD166_19_(2020)_processed\CD166_19_S2\CD166_19_S2_REP2\XRF data\L000047.spe	71.22	6.87	1	0.010267	-0.009931	0.009900	0.077115	46367	1.52	155	1246	0	0	764	517	9361	55828	0	10212	246	663	3105	114726	83	184	477	193	65	399	873	5955	236	3146	21	7	42	0	243	152	137	236	835	2420	87	254	341	269	769	401	597	30190	10313	0.111	
C:\Data\CD166_19_(2020)_processed\CD166_19_S2\CD166_19_S2_REP2\XRF data\L000048.spe	72.22	6.88	1	0.010267	-0.009931	0.009900	0.077115	45635	1.52	151	1246	0	0	809	545	9224	55535	0	9861	143	628	3001	110927	100	152	507	111	13	430	972	5856	273	2801	0	0	22	0	240	99	101	93	911	2438	122	213	158	0	584	481	696	30766	10070	0.112	
C:\Data\CD166_19_(2020)_processed\CD166_19_S2\CD166_19_S2_REP2\XRF data\L000049.spe	73.22	6.88	1	0.010267	-0.009931	0.009900	0.077115	46632	1.65	106	1188	0	0	708	491	9214	58121	0	10509	96	622	3205	115090	168	173	585	220	70	441	970	6056	258	3151	0	0	15	0	259	114	135	97	913	2512	87	183	157	240	715	429	813	30593	9942	0.111	
C:\Data\CD166_19_(2020)_processed\CD166_19_S2\CD166_19_S2_REP2\XRF data\L000050.spe	74.22	6.88	1	0.010267	-0.009931	0.009900	0.077115	46463	1.58	119	1204	0	0	778	538	9822	50994	0	10278	225	607	3052	116502	125	119	525	145	40	406	1003	5797	236	3520	0	0	31	0	259	146	106	154	925	2448	128	199	250	75	684	378	869	30266	10396	0.112	
C:\Data\CD166_19_(2020)_processed\CD166_19_S2\CD166_19_S2_REP2\XRF data\L000051.spe	75.22	6.89	1	0.010267	-0.009931	0.009900	0.077115	46678	1.63	184	1262	0	0	751	568	9805	49474	0	10543	208	570	3300	117073	135	182	711	144	130	460	868	5836	312	3106	0	0	0	0	224	115	144	219	978	2474	118	242	258	218	835	495	628	31455	10375	0.113	
C:\Data\CD166_19_(2020)_processed\CD166_19_S2\CD166_19_S2_REP2\XRF data\L000052.spe	76.22	6.88	1	0.010267	-0.009931	0.009900	0.077115	46865	1.52	157	1346	0	13	715	578	9754	46267	0	10796	213	623	3385	120969	121	154	507	264	0	371	924	6086	245	3365	29	0	11	0	268	122	137	141	901	2529	171	178	309	394	828	359	804	30955	10166	0.113	
C:\Data\CD166_19_(2020)_processed\CD166_19_S2\CD166_19_S2_REP2\XRF data\L000053.spe	77.22	6.89	1	0.010267	-0.009931	0.009900	0.077115	46147	1.57	149	1279	0	0	717	571	9771	50733	0	10141	124	571	3346	116702	70	200	517	211	81	516	903	5689	127	3163	0	0	0	0	230	111	156	180	918	2542	29	273	219	262	738	530	709	30020	10076	0.112	
C:\Data\CD166_19_(2020)_processed\CD166_19_S2\CD166_19_S2_REP2\XRF data\L000054.spe	78.22	6.89	1	0.010267	-0.009931	0.009900	0.077115	47105	1.52	187	1302	0	25	727	590	9274	45687	0	11841	246	736	3345	131223	80	216	554	248	55	397	975	6262	173	3090	25	6	0	0	340	149	121	213	904	2417	134	270	239	108	782	554	790	28696	10023	0.109	
C:\Data\CD166_19_(2020)_processed\CD166_19_S2\CD166_19_S2_REP2\XRF data\L000055.spe	79.22	6.89	1	0.010267	-0.009931	0.009900	0.077115	47804	1.71	195	1383	0	14	679	569	9250	41603	0	13041	117	687	3475	140151	132	102	569	189	80	341	959	6719	217	2839	0	0	0	0	258	112	100	169	864	2340	10	319	243	117	969	561	735	28613	10184	0.108	
C:\Data\CD166_19_(2020)_processed\CD166_19_S2\CD166_19_S2_REP2\XRF data\L000056.spe	80.22	6.88	1	0.010267	-0.009931	0.009900	0.077115	49567	1.66	111	1286	0	0	708	594	9144	38384	0	15338	178	804	3954	160239	160	160	551	237	56	337	884	6246	161	2718	0	0	0	0	358	166	210	154	857	2393	130	200	258	246	940	623	984	26785	9479	0.105	
C:\Data\CD166_19_(2020)_processed\CD166_19_S2\CD166_19_S2_REP2\XRF data\L000057.spe	81.22	6.88	1	0.010267	-0.009931	0.009900	0.077115	52185	1.72	185	1376	0	0	644	582	8885	42075	0	17387	221	795	3612	175238	143	210	547	215	171	350	757	6422	264	2690	0	0	6	0	273	104	158	136	788	2340	149	248	307	209	995	624	1199	27271	9498	0.106	
C:\Data\CD166_19_(2020)_processed\CD166_19_S2\CD166_19_S2_REP2\XRF data\L000058.spe	82.22	6.87	1	0.010267	-0.009931	0.009900	0.077115	52633	1.60	149	1199	0	0	779	554	8662	63065	0	14887	115	732	3586	158381	101	146	601	111	57	371	762	6252	312	2982	0	0	50	0	332	88	141	150	805	2321	15	133	351	111	891	652	1070	29421	10552	0.109	
C:\Data\CD166_19_(2020)_processed\CD166_19_S2\CD166_19_S2_REP2\XRF data\L000059.spe	83.22	6.86	1	0.010267	-0.009931	0.009900	0.077115	44882	1.48	125	1068	0	12	874	575	8536	79659	0	8391	109	594	3629	99672	100	114	527	202	22	389	775	5683	125	2474	14	22	28	0	230	125	117	141	864	2388	120	215	293	75	737	363	619	29237	9960	0.108	
C:\Data\CD166_19_(2020)_processed\CD166_19_S2\CD166_19_S2_REP2\XRF data\L000060.spe	84.22	6.87	1	0.010267	-0.009931	0.009900	0.077115	47128	1.59	191	1190	0	0	695	609	8230	62695	0	12374	169	600	3100	130973	85	98	508	181	143	331	759	6297	236	2592	0	33	9	0	286	134	117	190	824	2265	45	224	338	198	980	484	516	27310	9737	0.105	
C:\Data\CD166_19_(2020)_processed\CD166_19_S2\CD166_19_S2_REP2\XRF data\L000061.spe	85.22	6.87	1	0.010267	-0.009931	0.009900	0.077115	47878	1.71	185	1344	0	0	609	554	8404	55832	0	13088	155	701	2785	139838	112	193	577	216	29	267	793	6670	267	2563	9	0	0	0	265	120	156	155	793	2307	17	228	329	197	884	430	926	27558	9911	0.106	
C:\Data\CD166_19_(2020)_processed\CD166_19_S2\CD166_19_S2_REP2\XRF data\L000062.spe	86.22	6.87	1	0.010267	-0.009931	0.009900	0.077115	48985	1.73	162	1292	0	20	670	590	8651	54138	0	14063	229	713	3114	147383	42	210	530	205	12	357	735	6808	233	2558	0	0	21	0	284	146	134	200	764	2296	112	206	176	180	1005	514	834	27289	9694	0.105	
C:\Data\CD166_19_(2020)_processed\CD166_19_S2\CD166_19_S2_REP2\XRF data\L000063.spe	87.22	6.87	1	0.010267	-0.009931	0.009900	0.077115	48830	1.67	135	1304	0	0	645	633	8430	50306	0	13797	236	783	3284	149998	157	187	455	188	44	304	841	6590	246	2653	0	0	0	0	279	152	171	62	743	2323	0	159	301	168	1016	516	821	26975	9653	0.106	
C:\Data\CD166_19_(2020)_processed\CD166_19_S2\CD166_19_S2_REP2\XRF data\L000064.spe	88.22	6.87	1	0.010267	-0.009931	0.009900	0.077115	49367	1.55	117	1365	0	0	661	623	8695	49363	0	14330	199	832	4160	154168	154	217	576	194	100	254	764	6696	108	2578	0	0	0	0	285	154	165	193	754	2390	34	282	278	204	1009	547	927	26840	9711	0.105	
C:\Data\CD166_19_(2020)_processed\CD166_19_S2\CD166_19_S2_REP2\XRF data\L000065.spe	89.22	6.86	1	0.010267	-0.009931	0.009900	0.077115	51406	1.76	147	1332	6	0	604	588	8313	50000	0	16260	305	782	3858	171539	154	227	483	142	77	225	612	6773	271	2333	0	0	0	0	457	142	139	148	689	2279	62	149	202	291	1129	657	1040	26239	9491	0.103	
C:\Data\CD166_19_(2020)_processed\CD166_19_S2\CD166_19_S2_REP2\XRF data\L000066.spe	90.22	6.86	1	0.010267	-0.009931	0.009900	0.077115	52646	1.71	152	1316	0	12	622	606	7862	51312	0	17984	245	875	3407	180094	111	169	582	198	187	322	671	6716	249	2442	0	7	31	0	373	128	190	205	809	2121	50	186	474	258	1029	608	1090	26600	9342	0.103	
C:\Data\CD166_19_(2020)_processed\CD166_19_S2\CD166_19_S2_REP2\XRF data\L000067.spe	91.22	6.86	1	0.010267	-0.009931	0.009900	0.077115	53304	1.73	135	1323	0	0	595	597	8065	50057	0	18493	288	881	3585	183168	191	226	593	243	103	172	578	6819	206	2438	0	0	0	0	348	132	170	87	704	2260	19	146	479	358	1213	630	1024	27137	9637	0.104	
C:\Data\CD166_19_(2020)_processed\CD166_19_S2\CD166_19_S2_REP2\XRF data\L000068.spe	92.22	6.86	1	0.010267	-0.009931	0.009900	0.077115	52798	1.69	159	1295	0	0	619	613	8248	54000	0	17426	324	811	3569	174929	160	165	617	162	110	338	738	6861	233	2458	0	0	12	0	440	98	166	145	846	2346	93	147	281	194	1157	646	1076	27286	9778	0.104	
C:\Data\CD166_19_(2020)_processed\CD166_19_S2\CD166_19_S2_REP2\XRF data\L000069.spe	93.22	6.85	1	0.010267	-0.009931	0.009900	0.077115	49739	1.60	132	1384	0	0	533	604	8549	57974	0	13942	109	712	3174	150529	96	182	527	154	54	270	646	7039	201	2658	0	0	18	0	346	94	119	192	851	2373	63	306	218	321	926	474	1013	26985	9807	0.105	
C:\Data\CD166_19_(2020)_processed\CD166_19_S2\CD166_19_S2_REP2\XRF data\L000070.spe	94.22	6.84	1	0.010267	-0.009931	0.009900	0.077115	49061	1.83	195	1272	0	0	575	632	8372	61332	0	13212	213	637	3228	140618	131	96	544	298	120	330	795	7145	211	2619	0	0	37	0	295	107	140	147	783	2303	24	187	328	147	965	478	687	28299	10118	0.107	
C:\Data\CD166_19_(2020)_processed\CD166_19_S2\CD166_19_S2_REP2\XRF data\L000071.spe	95.22	6.83	1	0.010267	-0.009931	0.009900	0.077115	48222	1.68	172	1288	0	0	570	556	8672	59545	0	12727	238	735	3119	138207	141	268	513	172	66	263	820	6901	194	2551	0	0	0	0	246	86	123	173	798	2367	104	200	274	18	895	526	903	27996	9978	0.106	
C:\Data\CD166_19_(2020)_processed\CD166_19_S2\CD166_19_S2_REP2\XRF data\L000072.spe	96.22	6.83	1	0.010267	-0.009931	0.009900	0.077115	49574	1.67	149	1241	0	0	660	584	8574	57319	0	14579	209	725	3438	153417	139	154	637	246	130	352	858	6419	230	2586	0	0	0	0	355	121	127	150	782	2183	27	223	409	123	1104	600	904	27158	9792	0.104	
C:\Data\CD166_19_(2020)_processed\CD166_19_S2\CD166_19_S2_REP2\XRF data\L000073.spe	97.22	6.84	1	0.010267	-0.009931	0.009900	0.077115	49910	1.64	190	1276	0	11	574	553	8743	53821	0	14180	245	729	3392	156700	94	179	522	187	94	310	779	6513	297	2646	25	7	15	0	422	78	156	186	800	2294	63	277	426	146	976	566	1085	26486	9516	0.105	
C:\Data\CD166_19_(2020)_processed\CD166_19_S2\CD166_19_S2_REP2\XRF data\L000074.spe	98.22	6.83	1	0.010267	-0.009931	0.009900	0.077115	52073	1.77	141	1362	0	0	606	591	9022	54795	0	14784	358	770	3499	166433	100	96	579	248	13	290	693	6442	233	3027	0	0	45	0	349	179	132	183	863	2248	0	131	432	203	966	598	1084	27480	9947	0.106	
C:\Data\CD166_19_(2020)_processed\CD166_19_S2\CD166_19_S2_REP2\XRF data\L000075.spe	99.22	6.82	1	0.010267	-0.009931	0.009900	0.077115	52335	1.66	134	1323	0	0	747	602	9619	55569	0	13605	169	846	3452	153977	131	179	538	189	82	507	870	6168	443	3233	0	0	31	0	299	139	145	179	864	2455	109	232	415	446	759	694	1176	31490	10701	0.111	
C:\Data\CD166_19_(2020)_processed\CD166_19_S2\CD166_19_S2_REP2\XRF data\L000076.spe	100.22	6.80	1	0.010267	-0.009931	0.009900	0.077115	50255	1.65	177	1433	0	0	762	530	10668	58142	0	10948	147	644	4035	125144	137	203	706	207	93	444	998	5302	276	3374	0	0	34	0	305	132	119	70	917	2467	122	217	348	351	772	493	643	34136	10932	0.115	
C:\Data\CD166_19_(2020)_processed\CD166_19_S2\CD166_19_S2_REP2\XRF data\L000077.spe	101.22	6.79	1	0.010267	-0.009931	0.009900	0.077115	47726	1.70	166	1339	0	0	767	485	10591	59224	0	8718	56	576	3401	108320	105	197	589	206	95	467	1025	5756	238	3550	39	0	0	0	223	120	151	259	909	2495	80	241	240	156	687	463	677	33949	10821	0.116	
C:\Data\CD166_19_(2020)_processed\CD166_19_S2\CD166_19_S2_REP2\XRF data\L000078.spe	102.22	6.79	1	0.010267	-0.009931	0.009900	0.077115	46324	1.49	129	1342	0	23	747	555	10989	55277	0	7764	40	601	3887	99272	136	142	610	232	51	476	1171	5088	230	3526	0	10	0	0	280	121	110	157	895	2540	71	119	375	23	773	387	514	33867	11040	0.118	
C:\Data\CD166_19_(2020)_processed\CD166_19_S2\CD166_19_S2_REP2\XRF data\L000079.spe	103.22	6.79	1	0.010267	-0.009931	0.009900	0.077115	45667	1.58	125	1338	0	0	732	547	10751	54478	0	7472	145	480	3873	97245	114	118	559	208	5	468	1244	4799	287	3340	0	0	13	0	220	140	97	159	964	2486	84	251	376	31	550	442	877	34189	10641	0.118	
C:\Data\CD166_19_(2020)_processed\CD166_19_S2\CD166_19_S2_REP2\XRF data\L000080.spe	104.22	6.79	1	0.010267	-0.009931	0.009900	0.077115	45330	1.48	164	1375	0	0	755	547	10659	49227	0	7923	77	524	3449	98307	124	89	562	274	32	522	930	4927	396	3587	9	17	55	0	301	124	132	109	849	2578	77	339	280	299	618	346	708	34405	10739	0.118	
C:\Data\CD166_19_(2020)_processed\CD166_19_S2\CD166_19_S2_REP2\XRF data\L000081.spe	105.22	6.79	1	0.010267	-0.009931	0.009900	0.077115	47872	1.48	156	1350	0	41	789	551	10933	52329	0	8808	68	614	3584	107241	150	166	621	222	119	473	973	5256	343	3758	19	0	0	0	213	128	141	120	975	2578	116	247	162	314	711	348	768	35457	10977	0.118	
C:\Data\CD166_19_(2020)_processed\CD166_19_S2\CD166_19_S2_REP2\XRF data\L000082.spe	106.22	6.79	1	0.010267	-0.009931	0.009900	0.077115	51322	1.63	195	1527	0	0	921	566	12317	59112	0	9330	265	577	4321	117550	217	126	701	298	67	581	1121	5629	439	3904	5	0	15	0	168	135	127	61	976	2685	0	282	507	329	718	487	771	37228	11759	0.118	
C:\Data\CD166_19_(2020)_processed\CD166_19_S2\CD166_19_S2_REP2\XRF data\L000083.spe	107.22	6.77	1	0.010267	-0.009931	0.009900	0.077115	43736	1.62	127	1341	0	7	744	524	10552	52855	0	8071	124	507	3486	98533	147	173	567	234	56	359	929	4657	340	3256	0	0	38	0	225	104	121	161	939	2454	88	200	136	234	486	331	843	30568	9995	0.113	
C:\Data\CD166_19_(2020)_processed\CD166_19_S2\CD166_19_S2_REP2\XRF data\L000084.spe	108.22	6.75	1	0.010267	-0.009931	0.009900	0.077115	44737	1.50	133	1349	0	0	663	544	9595	57745	0	8882	166	599	2973	106026	116	84	609	275	107	428	950	5554	290	3048	23	0	25	0	290	121	128	169	815	2368	123	257	263	125	697	438	547	30089	9946	0.111	
C:\Data\CD166_19_(2020)_processed\CD166_19_S2\CD166_19_S2_REP2\XRF data\L000085.spe	109.22	6.74	1	0.010267	-0.009931	0.009900	0.077115	44697	1.51	158	1273	0	0	638	522	9682	52661	0	8821	195	493	2873	104184	0	89	541	321	121	429	896	5903	276	3179	0	0	14	0	227	102	139	294	888	2332	113	240	199	303	500	408	976	31652	10353	0.114	
C:\Data\CD166_19_(2020)_processed\CD166_19_S2\CD166_19_S2_REP2\XRF data\L000086.spe	110.22	6.74	1	0.010267	-0.009931	0.009900	0.077115	43936	1.46	152	1311	0	0	607	514	9882	55543	0	7454	148	602	3136	95085	64	114	510	180	88	374	822	5480	162	3150	25	20	46	0	230	120	110	238	944	2378	0	200	187	349	516	358	881	32118	10198	0.115	
C:\Data\CD166_19_(2020)_processed\CD166_19_S2\CD166_19_S2_REP2\XRF data\L000087.spe	111.22	6.74	1	0.010267	-0.009931	0.009900	0.077115	43517	1.57	145	1105	0	0	748	511	9933	56595	0	7296	107	489	3434	92269	85	166	617	279	108	435	1047	5271	256	3402	0	0	34	0	146	116	81	188	907	2462	74	272	131	29	574	353	542	31524	10256	0.114	
C:\Data\CD166_19_(2020)_processed\CD166_19_S2\CD166_19_S2_REP2\XRF data\L000088.spe	112.22	6.74	1	0.010267	-0.009931	0.009900	0.077115	42159	1.48	127	1216	0	0	798	546	10222	53946	0	7009	100	522	3059	89564	114	133	630	171	79	397	1281	4865	236	3232	5	0	0	0	240	134	46	73	882	2396	32	164	254	0	558	352	560	30708	10215	0.113	
C:\Data\CD166_19_(2020)_processed\CD166_19_S2\CD166_19_S2_REP2\XRF data\L000089.spe	113.22	6.73	1	0.010267	-0.009931	0.009900	0.077115	42796	1.56	138	1222	0	7	773	515	10041	58398	0	7074	145	380	3303	89785	156	90	523	227	122	361	921	4967	259	3321	0	0	35	0	223	66	139	51	883	2444	132	166	202	340	635	298	511	30920	10290	0.114	
C:\Data\CD166_19_(2020)_processed\CD166_19_S2\CD166_19_S2_REP2\XRF data\L000090.spe	114.22	6.73	1	0.010267	-0.009931	0.009900	0.077115	41813	1.50	149	1157	0	0	643	508	9138	51717	0	7033	19	439	3114	86733	137	37	511	188	88	402	993	5137	166	3201	0	0	59	0	238	97	72	14	778	2320	81	264	226	266	475	322	646	31735	10237	0.116	
C:\Data\CD166_19_(2020)_processed\CD166_19_S2\CD166_19_S2_REP2\XRF data\L000091.spe	115.22	6.74	1	0.010267	-0.009931	0.009900	0.077115	43852	1.57	139	1220	0	0	780	585	10179	58491	0	6967	211	510	3248	91129	146	178	612	211	17	409	1124	4934	112	3229	0	17	0	0	196	102	107	46	799	2586	0	110	164	0	553	327	673	32192	10696	0.115	
C:\Data\CD166_19_(2020)_processed\CD166_19_S2\CD166_19_S2_REP2\XRF data\L000092.spe	116.22	6.75	1	0.010267	-0.009931	0.009900	0.077115	41287	1.37	162	1125	0	28	715	549	9119	51329	0	6775	113	469	2963	85676	55	58	474	94	91	411	1143	4547	260	3311	0	0	0	0	159	146	107	91	834	2330	87	133	266	150	465	332	536	31291	10065	0.115	
C:\Data\CD166_19_(2020)_processed\CD166_19_S2\CD166_19_S2_REP2\XRF data\L000093.spe	117.22	6.75	1	0.010267	-0.009931	0.009900	0.077115	43394	1.49	139	1057	0	12	744	609	9829	55596	0	7006	132	471	3116	89064	91	134	615	164	0	483	904	5015	240	3499	0	0	9	0	212	110	133	133	869	2370	125	268	175	276	587	303	654	32343	10538	0.116	
C:\Data\CD166_19_(2020)_processed\CD166_19_S2\CD166_19_S2_REP2\XRF data\L000094.spe	118.22	6.73	1	0.010267	-0.009931	0.009900	0.077115	42965	1.56	119	1192	0	0	756	473	9903	51712	0	7056	114	483	3425	88228	63	81	550	223	0	491	1116	5021	170	3525	0	0	47	0	215	107	117	128	869	2445	63	243	150	181	492	412	696	32693	10602	0.117	
C:\Data\CD166_19_(2020)_processed\CD166_19_S2\CD166_19_S2_REP2\XRF data\L000095.spe	119.22	6.67	1	0.010267	-0.009931	0.009900	0.077115	40314	1.46	112	1064	0	0	636	374	8706	48442	0	6431	54	411	2627	80260	86	91	538	145	49	284	1120	4615	215	3454	21	0	10	0	137	85	74	101	886	2232	49	94	154	86	432	331	537	31208	10520	0.117	
C:\Data\CD166_19_(2020)_processed\CD166_19_S2\CD166_19_S2_REP2\XRF data\L000096.spe	120.22	6.67	1	0.010267	-0.009931	0.009900	0.077115	40828	1.50	111	1126	0	0	759	429	9328	49941	0	6425	135	456	3026	83200	122	61	525	212	10	441	894	4240	278	3488	0	0	0	0	162	78	113	57	800	2299	42	146	225	207	569	215	507	31304	10138	0.116	
C:\Data\CD166_19_(2020)_processed\CD166_19_S2\CD166_19_S2_REP2\XRF data\L000097.spe	121.22	6.70	1	0.010267	-0.009931	0.009900	0.077115	41656	1.45	132	1166	0	0	660	468	9581	45227	0	6822	149	544	3063	85387	101	110	618	241	0	439	1259	4222	207	3680	0	20	0	0	170	113	135	166	900	2420	43	160	170	0	615	291	256	32435	10771	0.117	
C:\Data\CD166_19_(2020)_processed\CD166_19_S2\CD166_19_S2_REP2\XRF data\L000098.spe	122.22	6.71	1	0.010267	-0.009931	0.009900	0.077115	42163	1.43	141	1183	0	0	758	423	9889	43878	0	6637	57	411	3374	86320	115	12	629	230	104	494	1294	4493	182	3825	0	0	9	0	172	113	63	132	886	2312	46	263	288	0	496	268	592	33462	10423	0.118	
C:\Data\CD166_19_(2020)_processed\CD166_19_S2\CD166_19_S2_REP2\XRF data\L000099.spe	123.22	6.71	1	0.010267	-0.009931	0.009900	0.077115	40978	1.36	130	1175	0	0	768	424	9809	44958	0	6672	49	415	3683	88022	0	161	585	138	73	415	1017	4204	277	3332	0	0	0	0	203	88	58	222	944	2315	71	194	215	215	457	338	560	30936	10059	0.114	
C:\Data\CD166_19_(2020)_processed\CD166_19_S2\CD166_19_S2_REP2\XRF data\L000100.spe	124.22	6.70	1	0.010267	-0.009931	0.009900	0.077115	38843	1.49	158	1169	0	5	705	448	9521	44179	0	7052	99	462	3241	85998	37	106	501	129	90	493	853	4384	372	2938	0	0	0	0	200	94	120	129	794	2205	17	244	244	172	454	250	706	28013	9072	0.110	
C:\Data\CD166_19_(2020)_processed\CD166_19_S2\CD166_19_S2_REP2\XRF data\L000101.spe	125.22	6.71	1	0.010267	-0.009931	0.009900	0.077115	38560	1.42	106	1172	0	0	666	435	9320	42573	0	6011	133	411	3146	82520	78	78	542	89	83	414	832	4410	240	3091	0	0	14	0	143	129	86	171	899	2144	65	261	182	71	542	294	587	28629	9512	0.113	
C:\Data\CD166_19_(2020)_processed\CD166_19_S2\CD166_19_S2_REP2\XRF data\L000102.spe	126.22	6.73	1	0.010267	-0.009931	0.009900	0.077115	36273	1.39	105	1046	0	6	585	519	8943	37423	0	5691	97	381	3043	75887	49	143	460	160	0	420	964	4022	141	2993	6	0	23	0	193	94	87	141	714	2172	128	207	100	0	480	304	377	27625	9486	0.112	
C:\Data\CD166_19_(2020)_processed\CD166_19_S2\CD166_19_S2_REP2\XRF data\L000103.spe	127.22	6.77	1	0.010267	-0.009931	0.009900	0.077115	37795	1.59	152	1240	0	0	688	576	9449	48790	0	6322	50	441	3121	79769	115	82	512	164	37	371	937	4087	185	2819	0	0	0	0	166	127	41	92	796	2261	51	212	233	154	551	289	458	27740	8910	0.108	
C:\Data\CD166_19_(2020)_processed\CD166_19_S2\CD166_19_S2_REP2\XRF data\L000104.spe	128.22	6.79	1	0.010267	-0.009931	0.009900	0.077115	38581	1.47	131	1204	0	20	672	597	9728	45953	0	6454	151	506	3181	80686	49	86	514	274	88	386	1030	4361	224	3089	0	0	0	0	193	111	99	151	799	2232	97	224	238	48	467	336	760	28381	9472	0.111	
C:\Data\CD166_19_(2020)_processed\CD166_19_S2\CD166_19_S2_REP2\XRF data\L000105.spe	129.22	6.80	1	0.010267	-0.009931	0.009900	0.077115	41042	1.48	140	1183	0	0	714	649	9767	54814	0	6672	84	423	3381	84134	101	98	557	154	22	412	883	4615	356	3057	10	0	0	0	215	87	113	220	789	2284	83	231	196	110	423	343	594	30535	10017	0.113	
C:\Data\CD166_19_(2020)_processed\CD166_19_S2\CD166_19_S2_REP2\XRF data\L000106.spe	130.22	6.82	1	0.010267	-0.009931	0.009900	0.077115	42924	1.50	152	1202	0	0	717	626	9805	53254	0	7100	186	475	3484	93566	134	146	540	233	0	445	831	5099	261	3023	0	0	26	0	197	124	80	93	868	2434	15	344	100	233	557	373	625	31717	10143	0.113	
C:\Data\CD166_19_(2020)_processed\CD166_19_S2\CD166_19_S2_REP2\XRF data\L000107.spe	131.22	6.82	1	0.010267	-0.009931	0.009900	0.077115	43393	1.47	138	1284	0	0	771	541	10277	55843	0	7333	13	534	3435	93820	125	115	552	228	78	414	752	5052	330	2937	0	0	33	0	187	102	81	67	845	2562	5	283	233	389	454	342	627	31616	10112	0.113	
C:\Data\CD166_19_(2020)_processed\CD166_19_S2\CD166_19_S2_REP2\XRF data\L000108.spe	132.22	6.81	1	0.010267	-0.009931	0.009900	0.077115	43364	1.49	160	1298	0	27	713	624	10596	53834	0	7118	107	577	3418	94621	165	65	553	218	53	455	900	5390	189	2936	0	0	0	7	251	157	139	73	865	2389	36	273	221	76	572	411	678	30892	9945	0.113	
C:\Data\CD166_19_(2020)_processed\CD166_19_S2\CD166_19_S2_REP2\XRF data\L000109.spe	133.22	6.80	1	0.010267	-0.009931	0.009900	0.077115	42657	1.53	177	1344	0	0	729	504	10371	53072	0	7260	167	509	3575	94158	103	168	561	178	40	451	1033	5351	174	2888	0	0	48	0	194	132	122	210	860	2421	51	233	268	38	622	334	668	30219	9644	0.112	
C:\Data\CD166_19_(2020)_processed\CD166_19_S2\CD166_19_S2_REP2\XRF data\L000110.spe	134.22	6.81	1	0.010267	-0.009931	0.009900	0.077115	41837	1.47	166	1210	0	8	688	571	9602	53017	0	7672	181	606	3483	95543	61	70	496	182	218	322	827	5214	197	2874	0	0	23	0	164	141	43	196	950	2311	35	234	215	197	627	432	762	28695	9736	0.109	
C:\Data\CD166_19_(2020)_processed\CD166_19_S2\CD166_19_S2_REP2\XRF data\L000111.spe	135.22	6.82	1	0.010267	-0.009931	0.009900	0.077115	41752	1.44	140	1035	0	0	612	620	9237	48498	0	8414	129	596	3190	103973	103	199	534	288	51	419	863	5458	200	2754	0	0	37	0	198	140	109	77	646	2398	148	274	310	148	662	300	554	28229	9489	0.107	
C:\Data\CD166_19_(2020)_processed\CD166_19_S2\CD166_19_S2_REP2\XRF data\L000112.spe	136.22	6.83	1	0.010267	-0.009931	0.009900	0.077115	43018	1.48	157	1182	0	15	591	610	9276	49713	0	8892	163	580	3432	110695	102	154	495	218	114	307	766	5639	210	2683	0	9	32	0	234	101	118	164	762	2229	77	164	344	320	748	365	650	28039	9668	0.107	
C:\Data\CD166_19_(2020)_processed\CD166_19_S2\CD166_19_S2_REP2\XRF data\L000113.spe	137.22	6.84	1	0.010267	-0.009931	0.009900	0.077115	44346	1.49	127	1262	0	34	699	672	9417	47598	0	9605	209	543	3572	117661	111	131	471	172	37	313	772	5785	239	2880	0	0	16	0	222	133	78	171	813	2364	102	218	289	229	745	487	961	28026	9644	0.108	
C:\Data\CD166_19_(2020)_processed\CD166_19_S2\CD166_19_S2_REP2\XRF data\L000114.spe	138.22	6.85	1	0.010267	-0.009931	0.009900	0.077115	43448	1.59	147	1224	0	9	668	686	9502	43863	0	9974	191	582	3413	113588	175	134	497	266	34	390	721	5216	337	2882	0	0	21	0	235	109	121	143	856	2387	149	194	233	426	715	493	761	28962	9667	0.108	
C:\Data\CD166_19_(2020)_processed\CD166_19_S2\CD166_19_S2_REP2\XRF data\L000115.spe	139.22	6.86	1	0.010267	-0.009931	0.009900	0.077115	43947	1.63	111	1166	0	0	671	643	9549	42478	0	9631	163	693	3656	117092	109	190	615	260	101	353	930	5205	162	2858	0	0	0	0	301	132	162	173	785	2373	135	117	137	95	768	430	794	28804	9719	0.108	
C:\Data\CD166_19_(2020)_processed\CD166_19_S2\CD166_19_S2_REP2\XRF data\L000116.spe	140.22	6.86	1	0.010267	-0.009931	0.009900	0.077115	44717	1.50	155	1152	0	0	712	672	9401	38434	0	9612	259	569	3751	118083	161	145	480	177	94	431	935	5160	399	3277	0	0	10	0	275	171	135	99	764	2337	87	308	337	128	749	458	757	29880	9910	0.111	
C:\Data\CD166_19_(2020)_processed\CD166_19_S2\CD166_19_S2_REP2\XRF data\L000117.spe	141.22	6.87	1	0.010267	-0.009931	0.009900	0.077115	43643	1.43	125	1128	0	12	808	641	10376	27632	0	8411	172	583	3897	107295	97	186	546	295	59	525	1064	4277	273	3707	0	0	0	28	208	140	137	207	900	2415	25	265	286	243	677	426	717	32251	9978	0.115	
C:\Data\CD166_19_(2020)_processed\CD166_19_S2\CD166_19_S2_REP2\XRF data\L000118.spe	142.22	6.87	1	0.010267	-0.009931	0.009900	0.077115	44405	1.42	135	1287	0	0	752	693	10688	28968	0	8686	192	577	3553	108563	60	112	626	334	114	425	1055	4563	297	3855	0	0	0	0	233	163	152	111	858	2475	103	218	300	258	690	360	747	32232	10452	0.116	
C:\Data\CD166_19_(2020)_processed\CD166_19_S2\CD166_19_S2_REP2\XRF data\L000119.spe	143.22	6.88	1	0.010267	-0.009931	0.009900	0.077115	43644	1.47	145	1260	0	0	736	613	10785	28110	0	8050	168	574	3454	103821	88	136	624	226	36	470	996	4258	290	3691	11	0	0	0	279	180	95	86	980	2504	73	262	207	161	769	324	455	32901	10285	0.117	
C:\Data\CD166_19_(2020)_processed\CD166_19_S2\CD166_19_S2_REP2\XRF data\L000120.spe	144.22	6.88	1	0.010267	-0.009931	0.009900	0.077115	43584	1.46	124	1214	0	0	722	556	10925	30095	0	7770	141	567	3430	99528	68	135	537	275	124	502	1211	3945	175	3771	14	0	21	0	209	115	125	163	1006	2570	118	267	341	301	600	363	700	34342	10289	0.118	
C:\Data\CD166_19_(2020)_processed\CD166_19_S2\CD166_19_S2_REP2\XRF data\L000121.spe	145.22	6.88	1	0.010267	-0.009931	0.009900	0.077115	44130	1.56	163	1207	0	0	781	679	11206	28031	0	7640	119	619	3789	102904	102	141	590	217	71	365	1276	3964	290	3752	0	0	0	0	240	174	66	145	972	2486	33	305	249	113	529	374	725	34459	10488	0.118	
C:\Data\CD166_19_(2020)_processed\CD166_19_S2\CD166_19_S2_REP2\XRF data\L000122.spe	146.22	6.88	1	0.010267	-0.009931	0.009900	0.077115	43983	1.64	134	1303	0	0	787	609	11257	26417	0	7879	124	583	4058	103158	126	292	634	281	76	448	1168	3815	357	3972	0	0	23	0	337	135	137	212	887	2401	71	308	250	345	744	466	529	34073	10192	0.119	
C:\Data\CD166_19_(2020)_processed\CD166_19_S2\CD166_19_S2_REP2\XRF data\L000123.spe	147.22	6.89	1	0.010267	-0.009931	0.009900	0.077115	43762	1.46	112	1295	0	0	709	674	10778	27495	0	8192	163	501	3775	103860	96	152	576	289	7	423	1104	4011	258	3794	0	0	0	0	263	163	192	211	1044	2401	74	273	262	122	686	337	669	33779	10497	0.116	
C:\Data\CD166_19_(2020)_processed\CD166_19_S2\CD166_19_S2_REP2\XRF data\L000124.spe	148.22	6.90	1	0.010267	-0.009931	0.009900	0.077115	43981	1.58	150	1372	0	14	759	731	10796	26743	0	8289	21	603	3753	105372	54	79	581	282	42	578	1045	4150	369	3872	0	0	15	0	302	158	119	257	973	2391	144	300	277	371	718	391	745	34185	10211	0.117	
C:\Data\CD166_19_(2020)_processed\CD166_19_S2\CD166_19_S2_REP2\XRF data\L000125.spe	149.22	6.90	1	0.010267	-0.009931	0.009900	0.077115	43410	1.50	129	1225	0	13	668	639	10554	25499	0	8559	154	566	3925	105976	152	145	636	232	7	460	1011	4262	264	3690	0	0	7	0	270	175	150	28	882	2517	94	205	374	203	676	437	747	32351	10047	0.116	
C:\Data\CD166_19_(2020)_processed\CD166_19_S2\CD166_19_S2_REP2\XRF data\L000126.spe	150.22	6.90	1	0.010267	-0.009931	0.009900	0.077115	44038	1.49	112	1201	0	0	734	673	10578	27924	0	9014	163	599	3606	109483	201	164	625	167	40	387	1097	4475	312	3598	0	0	0	0	272	193	125	95	965	2505	20	303	156	246	656	432	644	32395	9842	0.115	
C:\Data\CD166_19_(2020)_processed\CD166_19_S2\CD166_19_S2_REP2\XRF data\L000127.spe	151.22	6.90	1	0.010267	-0.009931	0.009900	0.077115	44095	1.55	117	1267	0	7	688	670	10417	29306	0	9623	126	615	3852	113360	138	156	580	261	0	294	970	4379	272	3657	0	0	20	0	266	182	137	129	852	2431	120	260	270	297	758	413	591	31493	9923	0.113	
C:\Data\CD166_19_(2020)_processed\CD166_19_S2\CD166_19_S2_REP2\XRF data\L000128.spe	152.22	6.91	1	0.010267	-0.009931	0.009900	0.077115	45278	1.59	170	1277	0	0	695	627	10192	30212	0	10464	237	614	4013	122985	123	147	522	192	96	417	1127	4911	267	3577	13	0	5	0	311	107	132	195	804	2434	129	368	252	187	715	457	928	30278	9924	0.112	
C:\Data\CD166_19_(2020)_processed\CD166_19_S2\CD166_19_S2_REP2\XRF data\L000129.spe	153.22	6.91	1	0.010267	-0.009931	0.009900	0.077115	45031	1.49	128	1361	11	0	703	627	10419	30645	0	9558	101	596	3524	117069	151	186	620	271	44	528	1086	4813	299	3697	0	0	17	0	339	176	128	45	901	2463	90	169	433	258	722	443	741	31556	10137	0.114	
C:\Data\CD166_19_(2020)_processed\CD166_19_S2\CD166_19_S2_REP2\XRF data\L000130.spe	154.22	6.91	1	0.010267	-0.009931	0.009900	0.077115	44626	1.57	181	1297	0	0	709	666	10522	30448	0	8788	135	514	3680	108561	150	197	669	339	0	381	1286	4752	348	3867	0	0	0	0	284	138	147	124	876	2480	106	332	315	90	769	418	511	32769	10277	0.116	
C:\Data\CD166_19_(2020)_processed\CD166_19_S2\CD166_19_S2_REP2\XRF data\L000131.spe	155.22	6.91	1	0.010267	-0.009931	0.009900	0.077115	44400	1.55	125	1215	0	0	709	631	10504	32008	0	8214	125	540	3867	104415	57	142	659	176	48	331	1215	4373	266	3867	0	0	0	0	211	161	78	188	963	2309	0	244	322	16	699	373	445	33969	10416	0.117	
C:\Data\CD166_19_(2020)_processed\CD166_19_S2\CD166_19_S2_REP2\XRF data\L000132.spe	156.22	6.91	1	0.010267	-0.009931	0.009900	0.077115	44116	1.57	105	1221	0	15	766	676	10419	32216	0	8515	34	521	3669	104276	103	100	697	241	4	385	1249	4218	296	3586	0	0	0	0	219	141	118	130	973	2520	126	229	306	72	677	411	706	32760	9906	0.117	
C:\Data\CD166_19_(2020)_processed\CD166_19_S2\CD166_19_S2_REP2\XRF data\L000133.spe	157.22	6.92	1	0.010267	-0.009931	0.009900	0.077115	43908	1.68	123	1282	0	0	774	739	10134	32089	0	8121	95	575	3752	102450	59	127	617	183	173	524	1100	4531	264	3556	0	0	8	0	199	118	129	188	994	2446	164	205	377	254	550	336	658	33590	10204	0.117	
C:\Data\CD166_19_(2020)_processed\CD166_19_S2\CD166_19_S2_REP2\XRF data\L000134.spe	158.22	6.91	1	0.010267	-0.009931	0.009900	0.077115	43630	1.54	138	1091	0	0	869	697	10474	34500	0	7321	237	534	4016	98986	55	117	632	275	67	428	1081	4522	250	3561	0	0	0	0	238	147	131	196	991	2536	151	208	182	202	674	355	620	33883	10366	0.116	
C:\Data\CD166_19_(2020)_processed\CD166_19_S2\CD166_19_S2_REP2\XRF data\L000135.spe	159.22	6.91	1	0.010267	-0.009931	0.009900	0.077115	44650	1.41	160	1157	0	0	853	651	10692	36030	0	7668	211	530	4109	102496	62	116	708	143	0	449	1174	4446	182	3698	0	0	14	0	230	165	147	197	1004	2511	27	280	322	137	704	399	576	33210	10438	0.117	
C:\Data\CD166_19_(2020)_processed\CD166_19_S2\CD166_19_S2_REP2\XRF data\L000136.spe	160.22	6.91	1	0.010267	-0.009931	0.009900	0.077115	46017	1.64	143	1261	0	0	862	643	11184	37517	10	8422	197	623	4076	109326	113	162	611	266	48	447	1241	4687	171	3766	0	0	7	0	252	147	158	139	932	2505	42	247	452	153	772	328	633	33367	10247	0.117	
C:\Data\CD166_19_(2020)_processed\CD166_19_S2\CD166_19_S2_REP2\XRF data\L000137.spe	161.22	6.91	1	0.010267	-0.009931	0.009900	0.077115	44332	1.55	148	1332	9	14	772	642	10885	36753	0	7748	189	508	4079	100776	65	109	565	218	80	427	1073	4253	173	3473	13	0	30	0	216	146	127	149	862	2445	32	170	421	267	634	362	591	33795	10185	0.117	
C:\Data\CD166_19_(2020)_processed\CD166_19_S2\CD166_19_S2_REP2\XRF data\L000138.spe	162.22	6.90	1	0.010267	-0.009931	0.009900	0.077115	43920	1.52	146	1275	0	0	769	655	10417	40094	0	7753	263	490	4051	97364	51	111	622	245	0	500	1059	4361	347	3532	0	0	14	0	151	131	99	158	967	2527	123	279	333	134	602	413	652	33559	10352	0.118	
C:\Data\CD166_19_(2020)_processed\CD166_19_S2\CD166_19_S2_REP2\XRF data\L000139.spe	163.22	6.90	1	0.010267	-0.009931	0.009900	0.077115	43273	1.47	119	1229	0	26	779	691	10191	40406	0	7577	97	583	3699	94978	83	74	545	120	11	373	1057	4231	314	3588	0	0	0	0	259	159	135	112	968	2437	92	175	303	152	707	433	581	32904	10289	0.117	
C:\Data\CD166_19_(2020)_processed\CD166_19_S2\CD166_19_S2_REP2\XRF data\L000140.spe	164.22	6.91	1	0.010267	-0.009931	0.009900	0.077115	43847	1.43	112	1193	0	0	756	669	10060	42626	0	7873	80	570	3933	96473	168	116	681	227	123	448	1137	4491	330	3541	0	0	0	0	231	157	117	159	889	2437	80	180	248	103	614	337	558	33137	10209	0.116	
C:\Data\CD166_19_(2020)_processed\CD166_19_S2\CD166_19_S2_REP2\XRF data\L000141.spe	165.22	6.91	1	0.010267	-0.009931	0.009900	0.077115	44451	1.61	134	1147	0	0	839	662	10238	45176	0	8202	141	503	3869	97830	55	95	489	272	39	580	1044	4482	293	3549	0	0	0	0	197	145	83	169	899	2497	209	198	232	307	659	351	458	33339	10226	0.116	
C:\Data\CD166_19_(2020)_processed\CD166_19_S2\CD166_19_S2_REP2\XRF data\L000142.spe	166.22	6.92	1	0.010267	-0.009931	0.009900	0.077115	45255	1.50	115	1261	0	0	778	660	10248	45741	0	8577	111	551	3832	101791	144	173	657	290	115	403	1126	4367	229	3367	0	0	37	0	205	137	115	203	984	2467	62	207	185	116	607	480	559	34552	10729	0.117	
C:\Data\CD166_19_(2020)_processed\CD166_19_S2\CD166_19_S2_REP2\XRF data\L000143.spe	167.22	6.92	1	0.010267	-0.009931	0.009900	0.077115	45460	1.62	132	1204	0	4	714	632	10332	45801	0	9367	37	535	4040	103340	88	108	538	188	0	511	960	4339	288	3463	0	0	0	0	187	106	108	225	1031	2503	44	293	211	280	723	423	402	33738	10467	0.115	
C:\Data\CD166_19_(2020)_processed\CD166_19_S2\CD166_19_S2_REP2\XRF data\L000144.spe	168.22	6.92	1	0.010267	-0.009931	0.009900	0.077115	45722	1.57	103	1245	0	0	691	713	10033	46141	0	9290	221	731	4044	109203	121	107	570	209	50	412	1072	4822	211	3375	0	0	0	0	196	154	126	221	978	2410	125	165	395	130	732	424	694	32083	10173	0.115	
C:\Data\CD166_19_(2020)_processed\CD166_19_S2\CD166_19_S2_REP2\XRF data\L000145.spe	169.22	6.91	1	0.010267	-0.009931	0.009900	0.077115	44553	1.58	147	1189	0	5	635	655	9697	41837	0	9806	147	616	3859	115049	93	123	540	246	24	342	851	4776	314	3111	0	0	0	0	279	167	129	206	917	2330	55	282	230	324	815	406	472	30383	9666	0.110	
C:\Data\CD166_19_(2020)_processed\CD166_19_S2\CD166_19_S2_REP2\XRF data\L000146.spe	170.22	6.91	1	0.010267	-0.009931	0.009900	0.077115	44597	1.62	182	1222	0	27	641	604	8891	35670	0	11923	275	599	3787	129652	97	177	525	154	39	384	745	5333	339	2703	4	0	42	0	245	155	162	207	820	2170	114	274	326	347	841	428	994	28291	9347	0.107	
C:\Data\CD166_19_(2020)_processed\CD166_19_S2\CD166_19_S2_REP2\XRF data\L000147.spe	171.22	6.92	1	0.010267	-0.009931	0.009900	0.077115	47322	1.60	156	1211	0	12	624	645	8668	37440	0	13506	316	767	3960	152576	93	154	602	209	0	298	949	5452	262	2812	0	0	25	0	364	147	214	124	737	2226	0	177	430	48	985	569	935	26418	9021	0.104	
C:\Data\CD166_19_(2020)_processed\CD166_19_S2\CD166_19_S2_REP2\XRF data\L000148.spe	172.22	6.92	1	0.010267	-0.009931	0.009900	0.077115	48274	1.53	161	1193	0	8	724	678	9135	39304	0	13488	219	762	3753	153382	129	198	514	179	14	387	775	5814	314	2715	0	0	0	0	341	173	166	126	824	2321	121	171	363	415	841	498	1255	27669	9581	0.105	
C:\Data\CD166_19_(2020)_processed\CD166_19_S2\CD166_19_S2_REP2\XRF data\L000149.spe	173.22	6.93	1	0.010267	-0.009931	0.009900	0.077115	47302	1.59	205	1259	0	9	682	645	9425	44616	0	11877	226	699	4169	134104	217	147	615	163	23	287	885	5743	318	2894	0	0	47	0	266	131	191	71	881	2354	0	217	228	32	885	412	772	29462	9885	0.109	