Date:	17-Sep-20		Time:	7:49 PM		Version no:	0.00		Project name:	55		Sample name:	222		Section name:	section		Position	622.215018	mm	E0	0.000000	keV	E1	1.000000	keV/channel	sample surface	6.965261	cm	Tube anode:	Mo		Tube voltage:	30	kV	Tube current:	30	mA	gain	15		std. database			resultfile	result		matrix element	11		sample thickness	1.000000		air passage	0.560000	cm	comments	in position		peaking_time	0.300000	m-sec	trigger_threshold	40.000000	V	mca_bin_width	2.000000	no:	number_mca_channels	2048.000000	no:	gap_time	2048.000000	m-sec	trigger_peaking_time	2048.000000	m-sec	GAINDAC	400		HIGHGAIN	400		TAURC	400		RCTAU	400		RCTAUFRAC	400		livetime	13.574480	seconds	runtime	15.000301	seconds	input_count_rate	47573.978239	cps	output_count_rate	43051.934656	cps	triggers	702634	seconds	events_in_run	632703	seconds	channel	content		1.000	0.000
2.000	0.000
3.000	0.000
4.000	0.000
5.000	0.000
6.000	0.000
7.000	0.000
8.000	0.000
9.000	0.000
10.000	0.000
11.000	0.000
12.000	0.000
13.000	0.000
14.000	0.000
15.000	0.000
16.000	0.000
17.000	0.000
18.000	0.000
19.000	0.000
20.000	0.000
21.000	0.000
22.000	0.000
23.000	0.000
24.000	0.000
25.000	0.000
26.000	0.000
27.000	0.000
28.000	0.000
29.000	0.000
30.000	0.000
31.000	0.000
32.000	1.000
33.000	0.000
34.000	1.000
35.000	0.000
36.000	0.000
37.000	2.000
38.000	1.000
39.000	0.000
40.000	0.000
41.000	0.000
42.000	1.000
43.000	0.000
44.000	1.000
45.000	2.000
46.000	0.000
47.000	0.000
48.000	0.000
49.000	1.000
50.000	1.000
51.000	0.000
52.000	0.000
53.000	0.000
54.000	2.000
55.000	10.000
56.000	10.000
57.000	6.000
58.000	20.000
59.000	11.000
60.000	20.000
61.000	21.000
62.000	23.000
63.000	24.000
64.000	24.000
65.000	32.000
66.000	20.000
67.000	25.000
68.000	20.000
69.000	11.000
70.000	21.000
71.000	25.000
72.000	20.000
73.000	20.000
74.000	13.000
75.000	22.000
76.000	14.000
77.000	21.000
78.000	22.000
79.000	27.000
80.000	20.000
81.000	23.000
82.000	14.000
83.000	16.000
84.000	21.000
85.000	19.000
86.000	26.000
87.000	20.000
88.000	12.000
89.000	15.000
90.000	12.000
91.000	18.000
92.000	17.000
93.000	21.000
94.000	24.000
95.000	14.000
96.000	18.000
97.000	14.000
98.000	19.000
99.000	14.000
100.000	19.000
101.000	16.000
102.000	11.000
103.000	27.000
104.000	17.000
105.000	7.000
106.000	17.000
107.000	10.000
108.000	10.000
109.000	20.000
110.000	11.000
111.000	17.000
112.000	14.000
113.000	18.000
114.000	14.000
115.000	14.000
116.000	14.000
117.000	7.000
118.000	20.000
119.000	15.000
120.000	22.000
121.000	15.000
122.000	8.000
123.000	17.000
124.000	7.000
125.000	20.000
126.000	12.000
127.000	18.000
128.000	11.000
129.000	13.000
130.000	11.000
131.000	6.000
132.000	12.000
133.000	16.000
134.000	14.000
135.000	9.000
136.000	18.000
137.000	8.000
138.000	19.000
139.000	13.000
140.000	25.000
141.000	21.000
142.000	26.000
143.000	21.000
144.000	22.000
145.000	21.000
146.000	22.000
147.000	25.000
148.000	21.000
149.000	27.000
150.000	29.000
151.000	26.000
152.000	13.000
153.000	13.000
154.000	16.000
155.000	14.000
156.000	8.000
157.000	17.000
158.000	13.000
159.000	11.000
160.000	12.000
161.000	11.000
162.000	18.000
163.000	17.000
164.000	24.000
165.000	30.000
166.000	37.000
167.000	63.000
168.000	66.000
169.000	75.000
170.000	88.000
171.000	90.000
172.000	90.000
173.000	64.000
174.000	63.000
175.000	48.000
176.000	45.000
177.000	32.000
178.000	33.000
179.000	22.000
180.000	22.000
181.000	21.000
182.000	25.000
183.000	33.000
184.000	40.000
185.000	50.000
186.000	75.000
187.000	92.000
188.000	84.000
189.000	118.000
190.000	114.000
191.000	119.000
192.000	123.000
193.000	110.000
194.000	101.000
195.000	83.000
196.000	63.000
197.000	41.000
198.000	37.000
199.000	22.000
200.000	23.000
201.000	16.000
202.000	13.000
203.000	17.000
204.000	13.000
205.000	10.000
206.000	11.000
207.000	14.000
208.000	14.000
209.000	9.000
210.000	4.000
211.000	10.000
212.000	12.000
213.000	16.000
214.000	15.000
215.000	13.000
216.000	22.000
217.000	16.000
218.000	23.000
219.000	15.000
220.000	21.000
221.000	29.000
222.000	31.000
223.000	28.000
224.000	30.000
225.000	19.000
226.000	30.000
227.000	29.000
228.000	19.000
229.000	17.000
230.000	13.000
231.000	10.000
232.000	19.000
233.000	17.000
234.000	8.000
235.000	7.000
236.000	8.000
237.000	6.000
238.000	16.000
239.000	10.000
240.000	8.000
241.000	7.000
242.000	9.000
243.000	9.000
244.000	10.000
245.000	11.000
246.000	12.000
247.000	12.000
248.000	16.000
249.000	21.000
250.000	32.000
251.000	36.000
252.000	47.000
253.000	59.000
254.000	77.000
255.000	87.000
256.000	95.000
257.000	89.000
258.000	104.000
259.000	100.000
260.000	73.000
261.000	58.000
262.000	87.000
263.000	40.000
264.000	26.000
265.000	23.000
266.000	20.000
267.000	20.000
268.000	27.000
269.000	26.000
270.000	33.000
271.000	26.000
272.000	23.000
273.000	19.000
274.000	24.000
275.000	32.000
276.000	29.000
277.000	17.000
278.000	29.000
279.000	19.000
280.000	20.000
281.000	23.000
282.000	28.000
283.000	31.000
284.000	45.000
285.000	44.000
286.000	43.000
287.000	50.000
288.000	65.000
289.000	69.000
290.000	67.000
291.000	59.000
292.000	59.000
293.000	42.000
294.000	49.000
295.000	40.000
296.000	39.000
297.000	23.000
298.000	28.000
299.000	21.000
300.000	13.000
301.000	24.000
302.000	15.000
303.000	11.000
304.000	11.000
305.000	21.000
306.000	17.000
307.000	14.000
308.000	16.000
309.000	23.000
310.000	19.000
311.000	27.000
312.000	27.000
313.000	19.000
314.000	35.000
315.000	39.000
316.000	37.000
317.000	77.000
318.000	75.000
319.000	120.000
320.000	113.000
321.000	117.000
322.000	168.000
323.000	148.000
324.000	217.000
325.000	169.000
326.000	162.000
327.000	141.000
328.000	145.000
329.000	107.000
330.000	95.000
331.000	65.000
332.000	54.000
333.000	48.000
334.000	35.000
335.000	21.000
336.000	28.000
337.000	30.000
338.000	25.000
339.000	24.000
340.000	25.000
341.000	36.000
342.000	26.000
343.000	46.000
344.000	49.000
345.000	75.000
346.000	101.000
347.000	161.000
348.000	247.000
349.000	367.000
350.000	568.000
351.000	904.000
352.000	1353.000
353.000	2030.000
354.000	2848.000
355.000	3830.000
356.000	4926.000
357.000	6371.000
358.000	7654.000
359.000	8535.000
360.000	9433.000
361.000	9857.000
362.000	9450.000
363.000	9166.000
364.000	8160.000
365.000	7184.000
366.000	5992.000
367.000	4699.000
368.000	3460.000
369.000	2507.000
370.000	1652.000
371.000	1107.000
372.000	723.000
373.000	457.000
374.000	266.000
375.000	171.000
376.000	101.000
377.000	97.000
378.000	91.000
379.000	89.000
380.000	98.000
381.000	138.000
382.000	187.000
383.000	270.000
384.000	324.000
385.000	413.000
386.000	578.000
387.000	732.000
388.000	931.000
389.000	1068.000
390.000	1226.000
391.000	1338.000
392.000	1414.000
393.000	1459.000
394.000	1352.000
395.000	1326.000
396.000	1137.000
397.000	999.000
398.000	811.000
399.000	631.000
400.000	484.000
401.000	342.000
402.000	248.000
403.000	160.000
404.000	112.000
405.000	71.000
406.000	54.000
407.000	21.000
408.000	21.000
409.000	17.000
410.000	10.000
411.000	16.000
412.000	6.000
413.000	11.000
414.000	8.000
415.000	2.000
416.000	9.000
417.000	8.000
418.000	9.000
419.000	9.000
420.000	7.000
421.000	10.000
422.000	13.000
423.000	10.000
424.000	10.000
425.000	21.000
426.000	17.000
427.000	23.000
428.000	50.000
429.000	57.000
430.000	78.000
431.000	122.000
432.000	185.000
433.000	233.000
434.000	322.000
435.000	401.000
436.000	533.000
437.000	611.000
438.000	708.000
439.000	824.000
440.000	860.000
441.000	876.000
442.000	848.000
443.000	763.000
444.000	748.000
445.000	643.000
446.000	576.000
447.000	408.000
448.000	350.000
449.000	297.000
450.000	230.000
451.000	159.000
452.000	137.000
453.000	122.000
454.000	100.000
455.000	101.000
456.000	84.000
457.000	71.000
458.000	54.000
459.000	50.000
460.000	46.000
461.000	56.000
462.000	53.000
463.000	29.000
464.000	28.000
465.000	18.000
466.000	25.000
467.000	31.000
468.000	25.000
469.000	29.000
470.000	32.000
471.000	43.000
472.000	50.000
473.000	57.000
474.000	77.000
475.000	78.000
476.000	109.000
477.000	111.000
478.000	140.000
479.000	128.000
480.000	166.000
481.000	143.000
482.000	153.000
483.000	163.000
484.000	178.000
485.000	178.000
486.000	127.000
487.000	127.000
488.000	101.000
489.000	86.000
490.000	101.000
491.000	52.000
492.000	58.000
493.000	38.000
494.000	35.000
495.000	35.000
496.000	15.000
497.000	17.000
498.000	22.000
499.000	19.000
500.000	19.000
501.000	16.000
502.000	24.000
503.000	17.000
504.000	11.000
505.000	13.000
506.000	15.000
507.000	26.000
508.000	22.000
509.000	16.000
510.000	24.000
511.000	29.000
512.000	26.000
513.000	26.000
514.000	34.000
515.000	33.000
516.000	34.000
517.000	34.000
518.000	30.000
519.000	37.000
520.000	38.000
521.000	50.000
522.000	49.000
523.000	49.000
524.000	65.000
525.000	83.000
526.000	65.000
527.000	85.000
528.000	75.000
529.000	76.000
530.000	95.000
531.000	77.000
532.000	72.000
533.000	71.000
534.000	41.000
535.000	55.000
536.000	33.000
537.000	38.000
538.000	33.000
539.000	31.000
540.000	26.000
541.000	24.000
542.000	22.000
543.000	28.000
544.000	24.000
545.000	30.000
546.000	17.000
547.000	27.000
548.000	28.000
549.000	20.000
550.000	35.000
551.000	19.000
552.000	27.000
553.000	20.000
554.000	21.000
555.000	21.000
556.000	24.000
557.000	20.000
558.000	26.000
559.000	27.000
560.000	29.000
561.000	26.000
562.000	27.000
563.000	43.000
564.000	58.000
565.000	63.000
566.000	61.000
567.000	81.000
568.000	66.000
569.000	94.000
570.000	145.000
571.000	123.000
572.000	151.000
573.000	167.000
574.000	197.000
575.000	200.000
576.000	190.000
577.000	212.000
578.000	228.000
579.000	221.000
580.000	151.000
581.000	154.000
582.000	123.000
583.000	126.000
584.000	85.000
585.000	73.000
586.000	66.000
587.000	76.000
588.000	56.000
589.000	59.000
590.000	40.000
591.000	40.000
592.000	45.000
593.000	43.000
594.000	47.000
595.000	42.000
596.000	54.000
597.000	40.000
598.000	43.000
599.000	44.000
600.000	61.000
601.000	70.000
602.000	82.000
603.000	92.000
604.000	82.000
605.000	117.000
606.000	177.000
607.000	205.000
608.000	303.000
609.000	371.000
610.000	545.000
611.000	830.000
612.000	1147.000
613.000	1582.000
614.000	2385.000
615.000	3223.000
616.000	4111.000
617.000	5410.000
618.000	6648.000
619.000	8344.000
620.000	9794.000
621.000	11243.000
622.000	12656.000
623.000	13780.000
624.000	14642.000
625.000	15073.000
626.000	14774.000
627.000	14234.000
628.000	13385.000
629.000	12129.000
630.000	10744.000
631.000	9229.000
632.000	7689.000
633.000	6053.000
634.000	4817.000
635.000	3654.000
636.000	2780.000
637.000	2011.000
638.000	1369.000
639.000	938.000
640.000	670.000
641.000	462.000
642.000	310.000
643.000	228.000
644.000	161.000
645.000	122.000
646.000	116.000
647.000	88.000
648.000	87.000
649.000	63.000
650.000	67.000
651.000	74.000
652.000	64.000
653.000	58.000
654.000	69.000
655.000	69.000
656.000	67.000
657.000	77.000
658.000	75.000
659.000	71.000
660.000	64.000
661.000	68.000
662.000	78.000
663.000	105.000
664.000	84.000
665.000	100.000
666.000	101.000
667.000	114.000
668.000	100.000
669.000	110.000
670.000	137.000
671.000	172.000
672.000	153.000
673.000	188.000
674.000	264.000
675.000	318.000
676.000	340.000
677.000	436.000
678.000	561.000
679.000	700.000
680.000	883.000
681.000	1090.000
682.000	1306.000
683.000	1548.000
684.000	1724.000
685.000	2044.000
686.000	2152.000
687.000	2318.000
688.000	2373.000
689.000	2467.000
690.000	2442.000
691.000	2340.000
692.000	2216.000
693.000	2012.000
694.000	1741.000
695.000	1510.000
696.000	1256.000
697.000	1028.000
698.000	904.000
699.000	702.000
700.000	556.000
701.000	434.000
702.000	292.000
703.000	225.000
704.000	175.000
705.000	173.000
706.000	110.000
707.000	68.000
708.000	63.000
709.000	59.000
710.000	55.000
711.000	55.000
712.000	58.000
713.000	48.000
714.000	69.000
715.000	55.000
716.000	57.000
717.000	67.000
718.000	60.000
719.000	61.000
720.000	62.000
721.000	79.000
722.000	68.000
723.000	76.000
724.000	85.000
725.000	67.000
726.000	96.000
727.000	87.000
728.000	109.000
729.000	90.000
730.000	105.000
731.000	100.000
732.000	90.000
733.000	97.000
734.000	85.000
735.000	83.000
736.000	78.000
737.000	78.000
738.000	63.000
739.000	60.000
740.000	58.000
741.000	63.000
742.000	57.000
743.000	60.000
744.000	55.000
745.000	62.000
746.000	56.000
747.000	60.000
748.000	61.000
749.000	52.000
750.000	58.000
751.000	55.000
752.000	55.000
753.000	61.000
754.000	65.000
755.000	63.000
756.000	76.000
757.000	71.000
758.000	52.000
759.000	73.000
760.000	57.000
761.000	56.000
762.000	50.000
763.000	64.000
764.000	58.000
765.000	57.000
766.000	57.000
767.000	73.000
768.000	64.000
769.000	72.000
770.000	70.000
771.000	68.000
772.000	82.000
773.000	84.000
774.000	66.000
775.000	52.000
776.000	84.000
777.000	81.000
778.000	96.000
779.000	102.000
780.000	90.000
781.000	86.000
782.000	127.000
783.000	95.000
784.000	108.000
785.000	120.000
786.000	109.000
787.000	135.000
788.000	116.000
789.000	105.000
790.000	116.000
791.000	142.000
792.000	135.000
793.000	126.000
794.000	127.000
795.000	111.000
796.000	112.000
797.000	114.000
798.000	106.000
799.000	124.000
800.000	107.000
801.000	124.000
802.000	117.000
803.000	120.000
804.000	134.000
805.000	126.000
806.000	144.000
807.000	144.000
808.000	156.000
809.000	168.000
810.000	167.000
811.000	170.000
812.000	180.000
813.000	197.000
814.000	219.000
815.000	196.000
816.000	218.000
817.000	246.000
818.000	251.000
819.000	238.000
820.000	228.000
821.000	223.000
822.000	225.000
823.000	247.000
824.000	194.000
825.000	202.000
826.000	166.000
827.000	165.000
828.000	173.000
829.000	138.000
830.000	133.000
831.000	117.000
832.000	127.000
833.000	112.000
834.000	100.000
835.000	116.000
836.000	116.000
837.000	120.000
838.000	99.000
839.000	121.000
840.000	113.000
841.000	103.000
842.000	93.000
843.000	114.000
844.000	130.000
845.000	106.000
846.000	113.000
847.000	111.000
848.000	118.000
849.000	132.000
850.000	99.000
851.000	99.000
852.000	100.000
853.000	108.000
854.000	87.000
855.000	95.000
856.000	95.000
857.000	104.000
858.000	98.000
859.000	95.000
860.000	85.000
861.000	93.000
862.000	118.000
863.000	84.000
864.000	99.000
865.000	87.000
866.000	111.000
867.000	94.000
868.000	86.000
869.000	82.000
870.000	102.000
871.000	100.000
872.000	108.000
873.000	87.000
874.000	94.000
875.000	90.000
876.000	92.000
877.000	108.000
878.000	88.000
879.000	119.000
880.000	83.000
881.000	94.000
882.000	93.000
883.000	87.000
884.000	102.000
885.000	100.000
886.000	94.000
887.000	99.000
888.000	107.000
889.000	97.000
890.000	124.000
891.000	104.000
892.000	116.000
893.000	119.000
894.000	108.000
895.000	98.000
896.000	108.000
897.000	96.000
898.000	111.000
899.000	123.000
900.000	125.000
901.000	118.000
902.000	113.000
903.000	146.000
904.000	127.000
905.000	133.000
906.000	158.000
907.000	138.000
908.000	160.000
909.000	125.000
910.000	143.000
911.000	142.000
912.000	154.000
913.000	149.000
914.000	134.000
915.000	104.000
916.000	156.000
917.000	147.000
918.000	133.000
919.000	135.000
920.000	149.000
921.000	142.000
922.000	158.000
923.000	130.000
924.000	163.000
925.000	162.000
926.000	157.000
927.000	152.000
928.000	164.000
929.000	161.000
930.000	170.000
931.000	157.000
932.000	155.000
933.000	195.000
934.000	172.000
935.000	197.000
936.000	181.000
937.000	201.000
938.000	192.000
939.000	217.000
940.000	221.000
941.000	196.000
942.000	211.000
943.000	207.000
944.000	221.000
945.000	194.000
946.000	208.000
947.000	205.000
948.000	211.000
949.000	195.000
950.000	188.000
951.000	184.000
952.000	192.000
953.000	177.000
954.000	157.000
955.000	150.000
956.000	172.000
957.000	175.000
958.000	141.000
959.000	138.000
960.000	168.000
961.000	126.000
962.000	134.000
963.000	148.000
964.000	165.000
965.000	146.000
966.000	153.000
967.000	131.000
968.000	153.000
969.000	166.000
970.000	146.000
971.000	140.000
972.000	181.000
973.000	150.000
974.000	163.000
975.000	150.000
976.000	138.000
977.000	146.000
978.000	133.000
979.000	152.000
980.000	131.000
981.000	142.000
982.000	140.000
983.000	148.000
984.000	143.000
985.000	125.000
986.000	124.000
987.000	152.000
988.000	121.000
989.000	130.000
990.000	121.000
991.000	122.000
992.000	134.000
993.000	118.000
994.000	114.000
995.000	112.000
996.000	116.000
997.000	117.000
998.000	141.000
999.000	109.000
1000.000	123.000
1001.000	101.000
1002.000	117.000
1003.000	107.000
1004.000	133.000
1005.000	99.000
1006.000	105.000
1007.000	109.000
1008.000	102.000
1009.000	110.000
1010.000	121.000
1011.000	122.000
1012.000	109.000
1013.000	112.000
1014.000	129.000
1015.000	135.000
1016.000	110.000
1017.000	112.000
1018.000	111.000
1019.000	104.000
1020.000	133.000
1021.000	137.000
1022.000	126.000
1023.000	109.000
1024.000	109.000
1025.000	152.000
1026.000	114.000
1027.000	125.000
1028.000	104.000
1029.000	134.000
1030.000	109.000
1031.000	102.000
1032.000	93.000
1033.000	120.000
1034.000	120.000
1035.000	111.000
1036.000	122.000
1037.000	130.000
1038.000	131.000
1039.000	109.000
1040.000	116.000
1041.000	121.000
1042.000	115.000
1043.000	99.000
1044.000	128.000
1045.000	147.000
1046.000	117.000
1047.000	118.000
1048.000	112.000
1049.000	136.000
1050.000	106.000
1051.000	131.000
1052.000	123.000
1053.000	138.000
1054.000	140.000
1055.000	146.000
1056.000	130.000
1057.000	142.000
1058.000	111.000
1059.000	118.000
1060.000	141.000
1061.000	135.000
1062.000	137.000
1063.000	133.000
1064.000	114.000
1065.000	141.000
1066.000	137.000
1067.000	125.000
1068.000	127.000
1069.000	146.000
1070.000	139.000
1071.000	139.000
1072.000	122.000
1073.000	127.000
1074.000	97.000
1075.000	144.000
1076.000	139.000
1077.000	122.000
1078.000	153.000
1079.000	129.000
1080.000	138.000
1081.000	139.000
1082.000	112.000
1083.000	136.000
1084.000	149.000
1085.000	140.000
1086.000	152.000
1087.000	129.000
1088.000	150.000
1089.000	135.000
1090.000	124.000
1091.000	149.000
1092.000	129.000
1093.000	137.000
1094.000	153.000
1095.000	135.000
1096.000	140.000
1097.000	114.000
1098.000	156.000
1099.000	139.000
1100.000	135.000
1101.000	138.000
1102.000	152.000
1103.000	150.000
1104.000	166.000
1105.000	153.000
1106.000	128.000
1107.000	157.000
1108.000	143.000
1109.000	148.000
1110.000	140.000
1111.000	138.000
1112.000	130.000
1113.000	111.000
1114.000	136.000
1115.000	134.000
1116.000	125.000
1117.000	140.000
1118.000	132.000
1119.000	150.000
1120.000	142.000
1121.000	131.000
1122.000	120.000
1123.000	138.000
1124.000	145.000
1125.000	151.000
1126.000	123.000
1127.000	140.000
1128.000	126.000
1129.000	145.000
1130.000	142.000
1131.000	146.000
1132.000	135.000
1133.000	104.000
1134.000	139.000
1135.000	133.000
1136.000	135.000
1137.000	133.000
1138.000	123.000
1139.000	136.000
1140.000	140.000
1141.000	143.000
1142.000	157.000
1143.000	127.000
1144.000	134.000
1145.000	113.000
1146.000	126.000
1147.000	112.000
1148.000	144.000
1149.000	148.000
1150.000	151.000
1151.000	166.000
1152.000	154.000
1153.000	136.000
1154.000	152.000
1155.000	138.000
1156.000	132.000
1157.000	136.000
1158.000	163.000
1159.000	155.000
1160.000	134.000
1161.000	151.000
1162.000	149.000
1163.000	132.000
1164.000	150.000
1165.000	127.000
1166.000	144.000
1167.000	168.000
1168.000	153.000
1169.000	123.000
1170.000	164.000
1171.000	151.000
1172.000	146.000
1173.000	136.000
1174.000	164.000
1175.000	152.000
1176.000	148.000
1177.000	128.000
1178.000	119.000
1179.000	145.000
1180.000	126.000
1181.000	133.000
1182.000	137.000
1183.000	145.000
1184.000	138.000
1185.000	131.000
1186.000	131.000
1187.000	130.000
1188.000	112.000
1189.000	128.000
1190.000	139.000
1191.000	127.000
1192.000	136.000
1193.000	144.000
1194.000	145.000
1195.000	131.000
1196.000	123.000
1197.000	143.000
1198.000	123.000
1199.000	134.000
1200.000	139.000
1201.000	148.000
1202.000	158.000
1203.000	128.000
1204.000	141.000
1205.000	139.000
1206.000	114.000
1207.000	106.000
1208.000	109.000
1209.000	127.000
1210.000	122.000
1211.000	134.000
1212.000	152.000
1213.000	127.000
1214.000	143.000
1215.000	153.000
1216.000	134.000
1217.000	147.000
1218.000	121.000
1219.000	152.000
1220.000	132.000
1221.000	117.000
1222.000	149.000
1223.000	136.000
1224.000	132.000
1225.000	129.000
1226.000	140.000
1227.000	135.000
1228.000	141.000
1229.000	156.000
1230.000	113.000
1231.000	135.000
1232.000	138.000
1233.000	137.000
1234.000	144.000
1235.000	133.000
1236.000	166.000
1237.000	137.000
1238.000	147.000
1239.000	144.000
1240.000	165.000
1241.000	134.000
1242.000	140.000
1243.000	141.000
1244.000	143.000
1245.000	133.000
1246.000	159.000
1247.000	136.000
1248.000	144.000
1249.000	132.000
1250.000	174.000
1251.000	154.000
1252.000	132.000
1253.000	155.000
1254.000	179.000
1255.000	151.000
1256.000	152.000
1257.000	141.000
1258.000	154.000
1259.000	144.000
1260.000	137.000
1261.000	124.000
1262.000	133.000
1263.000	144.000
1264.000	150.000
1265.000	155.000
1266.000	141.000
1267.000	148.000
1268.000	148.000
1269.000	149.000
1270.000	141.000
1271.000	155.000
1272.000	147.000
1273.000	149.000
1274.000	140.000
1275.000	131.000
1276.000	140.000
1277.000	158.000
1278.000	160.000
1279.000	147.000
1280.000	132.000
1281.000	134.000
1282.000	119.000
1283.000	150.000
1284.000	151.000
1285.000	132.000
1286.000	144.000
1287.000	148.000
1288.000	151.000
1289.000	134.000
1290.000	145.000
1291.000	123.000
1292.000	137.000
1293.000	149.000
1294.000	136.000
1295.000	160.000
1296.000	152.000
1297.000	158.000
1298.000	173.000
1299.000	146.000
1300.000	138.000
1301.000	161.000
1302.000	164.000
1303.000	148.000
1304.000	158.000
1305.000	149.000
1306.000	152.000
1307.000	160.000
1308.000	139.000
1309.000	145.000
1310.000	156.000
1311.000	158.000
1312.000	144.000
1313.000	147.000
1314.000	133.000
1315.000	153.000
1316.000	154.000
1317.000	157.000
1318.000	159.000
1319.000	150.000
1320.000	144.000
1321.000	155.000
1322.000	147.000
1323.000	155.000
1324.000	155.000
1325.000	144.000
1326.000	114.000
1327.000	145.000
1328.000	146.000
1329.000	131.000
1330.000	162.000
1331.000	148.000
1332.000	130.000
1333.000	149.000
1334.000	146.000
1335.000	142.000
1336.000	147.000
1337.000	155.000
1338.000	125.000
1339.000	146.000
1340.000	133.000
1341.000	131.000
1342.000	155.000
1343.000	131.000
1344.000	134.000
1345.000	164.000
1346.000	143.000
1347.000	136.000
1348.000	160.000
1349.000	146.000
1350.000	139.000
1351.000	145.000
1352.000	136.000
1353.000	149.000
1354.000	144.000
1355.000	161.000
1356.000	164.000
1357.000	132.000
1358.000	168.000
1359.000	154.000
1360.000	168.000
1361.000	178.000
1362.000	220.000
1363.000	241.000
1364.000	240.000
1365.000	269.000
1366.000	278.000
1367.000	330.000
1368.000	305.000
1369.000	365.000
1370.000	351.000
1371.000	413.000
1372.000	423.000
1373.000	439.000
1374.000	502.000
1375.000	538.000
1376.000	578.000
1377.000	569.000
1378.000	525.000
1379.000	565.000
1380.000	577.000
1381.000	561.000
1382.000	551.000
1383.000	520.000
1384.000	525.000
1385.000	496.000
1386.000	499.000
1387.000	453.000
1388.000	431.000
1389.000	415.000
1390.000	360.000
1391.000	325.000
1392.000	306.000
1393.000	280.000
1394.000	255.000
1395.000	245.000
1396.000	203.000
1397.000	229.000
1398.000	191.000
1399.000	177.000
1400.000	178.000
1401.000	182.000
1402.000	170.000
1403.000	151.000
1404.000	178.000
1405.000	159.000
1406.000	141.000
1407.000	154.000
1408.000	145.000
1409.000	153.000
1410.000	167.000
1411.000	150.000
1412.000	158.000
1413.000	144.000
1414.000	140.000
1415.000	157.000
1416.000	128.000
1417.000	141.000
1418.000	146.000
1419.000	145.000
1420.000	140.000
1421.000	162.000
1422.000	163.000
1423.000	147.000
1424.000	148.000
1425.000	138.000
1426.000	135.000
1427.000	157.000
1428.000	153.000
1429.000	157.000
1430.000	138.000
1431.000	133.000
1432.000	160.000
1433.000	154.000
1434.000	144.000
1435.000	151.000
1436.000	147.000
1437.000	140.000
1438.000	148.000
1439.000	157.000
1440.000	151.000
1441.000	138.000
1442.000	154.000
1443.000	123.000
1444.000	114.000
1445.000	153.000
1446.000	135.000
1447.000	142.000
1448.000	142.000
1449.000	161.000
1450.000	168.000
1451.000	156.000
1452.000	164.000
1453.000	153.000
1454.000	158.000
1455.000	173.000
1456.000	141.000
1457.000	148.000
1458.000	147.000
1459.000	181.000
1460.000	146.000
1461.000	172.000
1462.000	153.000
1463.000	164.000
1464.000	166.000
1465.000	179.000
1466.000	147.000
1467.000	169.000
1468.000	150.000
1469.000	150.000
1470.000	175.000
1471.000	144.000
1472.000	177.000
1473.000	153.000
1474.000	150.000
1475.000	148.000
1476.000	150.000
1477.000	153.000
1478.000	156.000
1479.000	146.000
1480.000	166.000
1481.000	149.000
1482.000	151.000
1483.000	146.000
1484.000	152.000
1485.000	152.000
1486.000	150.000
1487.000	169.000
1488.000	142.000
1489.000	146.000
1490.000	151.000
1491.000	140.000
1492.000	147.000
1493.000	161.000
1494.000	148.000
1495.000	162.000
1496.000	128.000
1497.000	156.000
1498.000	165.000
1499.000	140.000
1500.000	163.000
1501.000	139.000
1502.000	156.000
1503.000	137.000
1504.000	160.000
1505.000	150.000
1506.000	168.000
1507.000	170.000
1508.000	166.000
1509.000	148.000
1510.000	197.000
1511.000	149.000
1512.000	143.000
1513.000	191.000
1514.000	173.000
1515.000	135.000
1516.000	167.000
1517.000	167.000
1518.000	164.000
1519.000	183.000
1520.000	158.000
1521.000	159.000
1522.000	168.000
1523.000	182.000
1524.000	182.000
1525.000	190.000
1526.000	195.000
1527.000	212.000
1528.000	205.000
1529.000	204.000
1530.000	218.000
1531.000	218.000
1532.000	232.000
1533.000	233.000
1534.000	249.000
1535.000	227.000
1536.000	242.000
1537.000	255.000
1538.000	282.000
1539.000	250.000
1540.000	277.000
1541.000	262.000
1542.000	299.000
1543.000	274.000
1544.000	258.000
1545.000	263.000
1546.000	285.000
1547.000	269.000
1548.000	271.000
1549.000	236.000
1550.000	261.000
1551.000	238.000
1552.000	233.000
1553.000	221.000
1554.000	214.000
1555.000	222.000
1556.000	232.000
1557.000	239.000
1558.000	217.000
1559.000	235.000
1560.000	234.000
1561.000	220.000
1562.000	246.000
1563.000	230.000
1564.000	219.000
1565.000	268.000
1566.000	243.000
1567.000	246.000
1568.000	262.000
1569.000	260.000
1570.000	255.000
1571.000	262.000
1572.000	261.000
1573.000	294.000
1574.000	258.000
1575.000	275.000
1576.000	269.000
1577.000	317.000
1578.000	317.000
1579.000	293.000
1580.000	299.000
1581.000	299.000
1582.000	306.000
1583.000	327.000
1584.000	353.000
1585.000	370.000
1586.000	392.000
1587.000	372.000
1588.000	379.000
1589.000	401.000
1590.000	411.000
1591.000	428.000
1592.000	440.000
1593.000	424.000
1594.000	418.000
1595.000	455.000
1596.000	465.000
1597.000	469.000
1598.000	430.000
1599.000	476.000
1600.000	493.000
1601.000	528.000
1602.000	528.000
1603.000	488.000
1604.000	473.000
1605.000	506.000
1606.000	487.000
1607.000	491.000
1608.000	520.000
1609.000	538.000
1610.000	497.000
1611.000	492.000
1612.000	529.000
1613.000	506.000
1614.000	534.000
1615.000	501.000
1616.000	507.000
1617.000	498.000
1618.000	482.000
1619.000	438.000
1620.000	478.000
1621.000	446.000
1622.000	455.000
1623.000	442.000
1624.000	383.000
1625.000	408.000
1626.000	428.000
1627.000	390.000
1628.000	374.000
1629.000	375.000
1630.000	402.000
1631.000	382.000
1632.000	335.000
1633.000	311.000
1634.000	403.000
1635.000	327.000
1636.000	311.000
1637.000	330.000
1638.000	299.000
1639.000	267.000
1640.000	268.000
1641.000	271.000
1642.000	273.000
1643.000	247.000
1644.000	247.000
1645.000	279.000
1646.000	240.000
1647.000	230.000
1648.000	259.000
1649.000	224.000
1650.000	197.000
1651.000	238.000
1652.000	209.000
1653.000	214.000
1654.000	177.000
1655.000	182.000
1656.000	210.000
1657.000	195.000
1658.000	190.000
1659.000	177.000
1660.000	173.000
1661.000	195.000
1662.000	161.000
1663.000	147.000
1664.000	194.000
1665.000	161.000
1666.000	184.000
1667.000	157.000
1668.000	165.000
1669.000	149.000
1670.000	150.000
1671.000	164.000
1672.000	158.000
1673.000	162.000
1674.000	176.000
1675.000	148.000
1676.000	177.000
1677.000	168.000
1678.000	175.000
1679.000	194.000
1680.000	195.000
1681.000	213.000
1682.000	225.000
1683.000	204.000
1684.000	233.000
1685.000	230.000
1686.000	261.000
1687.000	303.000
1688.000	331.000
1689.000	321.000
1690.000	338.000
1691.000	321.000
1692.000	374.000
1693.000	395.000
1694.000	384.000
1695.000	415.000
1696.000	473.000
1697.000	424.000
1698.000	454.000
1699.000	468.000
1700.000	466.000
1701.000	492.000
1702.000	487.000
1703.000	454.000
1704.000	456.000
1705.000	467.000
1706.000	453.000
1707.000	427.000
1708.000	463.000
1709.000	398.000
1710.000	345.000
1711.000	325.000
1712.000	319.000
1713.000	314.000
1714.000	270.000
1715.000	261.000
1716.000	246.000
1717.000	241.000
1718.000	218.000
1719.000	234.000
1720.000	170.000
1721.000	143.000
1722.000	181.000
1723.000	150.000
1724.000	142.000
1725.000	158.000
1726.000	155.000
1727.000	134.000
1728.000	126.000
1729.000	123.000
1730.000	133.000
1731.000	124.000
1732.000	135.000
1733.000	118.000
1734.000	132.000
1735.000	117.000
1736.000	112.000
1737.000	141.000
1738.000	118.000
1739.000	122.000
1740.000	106.000
1741.000	123.000
1742.000	130.000
1743.000	121.000
1744.000	129.000
1745.000	129.000
1746.000	114.000
1747.000	128.000
1748.000	136.000
1749.000	115.000
1750.000	122.000
1751.000	119.000
1752.000	105.000
1753.000	120.000
1754.000	121.000
1755.000	136.000
1756.000	146.000
1757.000	111.000
1758.000	109.000
1759.000	120.000
1760.000	134.000
1761.000	155.000
1762.000	123.000
1763.000	159.000
1764.000	138.000
1765.000	126.000
1766.000	138.000
1767.000	145.000
1768.000	118.000
1769.000	144.000
1770.000	122.000
1771.000	146.000
1772.000	153.000
1773.000	168.000
1774.000	157.000
1775.000	143.000
1776.000	160.000
1777.000	149.000
1778.000	147.000
1779.000	133.000
1780.000	152.000
1781.000	142.000
1782.000	144.000
1783.000	163.000
1784.000	146.000
1785.000	183.000
1786.000	165.000
1787.000	148.000
1788.000	187.000
1789.000	158.000
1790.000	186.000
1791.000	170.000
1792.000	146.000
1793.000	167.000
1794.000	170.000
1795.000	140.000
1796.000	155.000
1797.000	166.000
1798.000	156.000
1799.000	178.000
1800.000	171.000
1801.000	171.000
1802.000	163.000
1803.000	166.000
1804.000	163.000
1805.000	148.000
1806.000	153.000
1807.000	170.000
1808.000	164.000
1809.000	146.000
1810.000	141.000
1811.000	171.000
1812.000	154.000
1813.000	145.000
1814.000	141.000
1815.000	150.000
1816.000	155.000
1817.000	138.000
1818.000	159.000
1819.000	120.000
1820.000	145.000
1821.000	112.000
1822.000	128.000
1823.000	130.000
1824.000	122.000
1825.000	107.000
1826.000	124.000
1827.000	103.000
1828.000	133.000
1829.000	111.000
1830.000	105.000
1831.000	120.000
1832.000	129.000
1833.000	102.000
1834.000	94.000
1835.000	96.000
1836.000	97.000
1837.000	102.000
1838.000	102.000
1839.000	77.000
1840.000	112.000
1841.000	105.000
1842.000	88.000
1843.000	93.000
1844.000	100.000
1845.000	81.000
1846.000	90.000
1847.000	94.000
1848.000	94.000
1849.000	76.000
1850.000	93.000
1851.000	80.000
1852.000	75.000
1853.000	91.000
1854.000	93.000
1855.000	83.000
1856.000	80.000
1857.000	77.000
1858.000	66.000
1859.000	70.000
1860.000	79.000
1861.000	66.000
1862.000	73.000
1863.000	78.000
1864.000	86.000
1865.000	79.000
1866.000	58.000
1867.000	72.000
1868.000	83.000
1869.000	64.000
1870.000	73.000
1871.000	70.000
1872.000	67.000
1873.000	54.000
1874.000	57.000
1875.000	75.000
1876.000	60.000
1877.000	62.000
1878.000	78.000
1879.000	76.000
1880.000	68.000
1881.000	75.000
1882.000	62.000
1883.000	66.000
1884.000	68.000
1885.000	66.000
1886.000	66.000
1887.000	72.000
1888.000	46.000
1889.000	62.000
1890.000	68.000
1891.000	62.000
1892.000	71.000
1893.000	78.000
1894.000	70.000
1895.000	71.000
1896.000	59.000
1897.000	73.000
1898.000	79.000
1899.000	88.000
1900.000	77.000
1901.000	82.000
1902.000	93.000
1903.000	92.000
1904.000	89.000
1905.000	109.000
1906.000	123.000
1907.000	114.000
1908.000	112.000
1909.000	109.000
1910.000	94.000
1911.000	93.000
1912.000	140.000
1913.000	106.000
1914.000	119.000
1915.000	107.000
1916.000	92.000
1917.000	92.000
1918.000	106.000
1919.000	99.000
1920.000	83.000
1921.000	75.000
1922.000	81.000
1923.000	79.000
1924.000	79.000
1925.000	71.000
1926.000	59.000
1927.000	80.000
1928.000	63.000
1929.000	70.000
1930.000	78.000
1931.000	63.000
1932.000	57.000
1933.000	53.000
1934.000	50.000
1935.000	57.000
1936.000	58.000
1937.000	59.000
1938.000	63.000
1939.000	78.000
1940.000	64.000
1941.000	62.000
1942.000	64.000
1943.000	54.000
1944.000	72.000
1945.000	61.000
1946.000	57.000
1947.000	59.000
1948.000	69.000
1949.000	48.000
1950.000	59.000
1951.000	66.000
1952.000	53.000
1953.000	58.000
1954.000	55.000
1955.000	55.000
1956.000	60.000
1957.000	47.000
1958.000	39.000
1959.000	39.000
1960.000	43.000
1961.000	52.000
1962.000	42.000
1963.000	52.000
1964.000	62.000
1965.000	40.000
1966.000	42.000
1967.000	37.000
1968.000	44.000
1969.000	48.000
1970.000	51.000
1971.000	42.000
1972.000	48.000
1973.000	48.000
1974.000	51.000
1975.000	49.000
1976.000	40.000
1977.000	48.000
1978.000	52.000
1979.000	44.000
1980.000	40.000
1981.000	33.000
1982.000	35.000
1983.000	47.000
1984.000	50.000
1985.000	39.000
1986.000	56.000
1987.000	45.000
1988.000	37.000
1989.000	44.000
1990.000	44.000
1991.000	43.000
1992.000	43.000
1993.000	38.000
1994.000	55.000
1995.000	30.000
1996.000	37.000
1997.000	42.000
1998.000	36.000
1999.000	45.000
2000.000	44.000
2001.000	53.000
2002.000	37.000
2003.000	48.000
2004.000	54.000
2005.000	43.000
2006.000	45.000
2007.000	43.000
2008.000	38.000
2009.000	42.000
2010.000	37.000
2011.000	41.000
2012.000	46.000
2013.000	41.000
2014.000	47.000
2015.000	38.000
2016.000	30.000
2017.000	62.000
2018.000	43.000
2019.000	30.000
2020.000	47.000
2021.000	43.000
2022.000	34.000
2023.000	39.000
2024.000	43.000
2025.000	28.000
2026.000	41.000
2027.000	38.000
2028.000	45.000
2029.000	45.000
2030.000	35.000
2031.000	39.000
2032.000	39.000
2033.000	38.000
2034.000	33.000
2035.000	39.000
2036.000	32.000
2037.000	42.000
2038.000	42.000
2039.000	47.000
2040.000	46.000
2041.000	32.000
2042.000	34.000
2043.000	38.000
2044.000	40.000
2045.000	38.000
2046.000	39.000
2047.000	36.000
2048.000	0.000
