Date:	23-Sep-20		Time:	11:32 PM		Version no:	0.00		Project name:	55		Sample name:	222		Section name:	section		Position	0.000000	mm	E0	0.000000	keV	E1	1.000000	keV/channel	sample surface	2.000000	cm	Tube anode:	Mo		Tube voltage:	30	kV	Tube current:	30	mA	gain	15		std. database			resultfile	result		matrix element	11		sample thickness	1.000000		air passage	0.560000	cm	comments	not in position		peaking_time	0.300000	m-sec	trigger_threshold	40.000000	V	mca_bin_width	2.000000	no:	number_mca_channels	2048.000000	no:	gap_time	2048.000000	m-sec	trigger_peaking_time	2048.000000	m-sec	GAINDAC	400		HIGHGAIN	400		TAURC	400		RCTAU	400		RCTAUFRAC	400		livetime	13.334824	seconds	runtime	15.000351	seconds	input_count_rate	47769.585089	cps	output_count_rate	42465.604889	cps	triggers	704307	seconds	events_in_run	618783	seconds	channel	content		1.000	0
2.000	0
3.000	0
4.000	0
5.000	0
6.000	0
7.000	0
8.000	0
9.000	0
10.000	0
11.000	0
12.000	0
13.000	0
14.000	0
15.000	0
16.000	0
17.000	0
18.000	0
19.000	0
20.000	0
21.000	0
22.000	0
23.000	0
24.000	0
25.000	0
26.000	0
27.000	0
28.000	0
29.000	0
30.000	0
31.000	0
32.000	0
33.000	0
34.000	0
35.000	0
36.000	0
37.000	0
38.000	1
39.000	0
40.000	0
41.000	0
42.000	0
43.000	0
44.000	0
45.000	0
46.000	0
47.000	1
48.000	1
49.000	1
50.000	2
51.000	2
52.000	2
53.000	3
54.000	3
55.000	6
56.000	7
57.000	10
58.000	14
59.000	18
60.000	22
61.000	25
62.000	31
63.000	31
64.000	35
65.000	33
66.000	32
67.000	31
68.000	26
69.000	27
70.000	25
71.000	26
72.000	29
73.000	26
74.000	27
75.000	24
76.000	26
77.000	26
78.000	23
79.000	26
80.000	25
81.000	27
82.000	24
83.000	25
84.000	26
85.000	26
86.000	23
87.000	27
88.000	26
89.000	26
90.000	22
91.000	22
92.000	25
93.000	24
94.000	23
95.000	21
96.000	22
97.000	20
98.000	20
99.000	23
100.000	22
101.000	23
102.000	19
103.000	22
104.000	25
105.000	21
106.000	22
107.000	19
108.000	18
109.000	20
110.000	21
111.000	20
112.000	19
113.000	18
114.000	18
115.000	17
116.000	20
117.000	20
118.000	19
119.000	17
120.000	17
121.000	18
122.000	20
123.000	18
124.000	15
125.000	16
126.000	16
127.000	18
128.000	14
129.000	16
130.000	15
131.000	14
132.000	12
133.000	17
134.000	15
135.000	14
136.000	16
137.000	16
138.000	17
139.000	14
140.000	18
141.000	20
142.000	22
143.000	24
144.000	24
145.000	23
146.000	26
147.000	26
148.000	23
149.000	23
150.000	24
151.000	22
152.000	21
153.000	20
154.000	21
155.000	18
156.000	17
157.000	15
158.000	14
159.000	16
160.000	14
161.000	14
162.000	14
163.000	18
164.000	23
165.000	27
166.000	35
167.000	42
168.000	54
169.000	59
170.000	62
171.000	68
172.000	65
173.000	57
174.000	48
175.000	42
176.000	32
177.000	28
178.000	22
179.000	25
180.000	22
181.000	22
182.000	23
183.000	24
184.000	31
185.000	40
186.000	45
187.000	53
188.000	68
189.000	76
190.000	80
191.000	82
192.000	87
193.000	76
194.000	65
195.000	51
196.000	40
197.000	31
198.000	27
199.000	20
200.000	15
201.000	12
202.000	14
203.000	14
204.000	13
205.000	12
206.000	12
207.000	12
208.000	10
209.000	9
210.000	12
211.000	12
212.000	12
213.000	11
214.000	14
215.000	12
216.000	13
217.000	14
218.000	17
219.000	18
220.000	21
221.000	22
222.000	24
223.000	23
224.000	21
225.000	19
226.000	19
227.000	21
228.000	17
229.000	15
230.000	15
231.000	14
232.000	13
233.000	10
234.000	11
235.000	10
236.000	10
237.000	11
238.000	9
239.000	11
240.000	8
241.000	11
242.000	9
243.000	9
244.000	13
245.000	12
246.000	12
247.000	14
248.000	19
249.000	26
250.000	33
251.000	43
252.000	61
253.000	72
254.000	87
255.000	101
256.000	114
257.000	110
258.000	111
259.000	97
260.000	88
261.000	78
262.000	62
263.000	46
264.000	33
265.000	27
266.000	21
267.000	17
268.000	18
269.000	18
270.000	19
271.000	19
272.000	22
273.000	22
274.000	21
275.000	21
276.000	26
277.000	22
278.000	23
279.000	23
280.000	21
281.000	23
282.000	29
283.000	28
284.000	37
285.000	44
286.000	50
287.000	61
288.000	65
289.000	69
290.000	69
291.000	72
292.000	66
293.000	58
294.000	44
295.000	41
296.000	34
297.000	25
298.000	20
299.000	17
300.000	15
301.000	12
302.000	11
303.000	11
304.000	14
305.000	14
306.000	17
307.000	17
308.000	17
309.000	18
310.000	20
311.000	25
312.000	29
313.000	39
314.000	49
315.000	64
316.000	89
317.000	122
318.000	177
319.000	224
320.000	285
321.000	337
322.000	406
323.000	445
324.000	472
325.000	467
326.000	431
327.000	401
328.000	349
329.000	277
330.000	234
331.000	170
332.000	126
333.000	84
334.000	59
335.000	45
336.000	33
337.000	28
338.000	21
339.000	21
340.000	23
341.000	26
342.000	30
343.000	45
344.000	53
345.000	73
346.000	98
347.000	133
348.000	200
349.000	288
350.000	435
351.000	624
352.000	923
353.000	1338
354.000	1894
355.000	2541
356.000	3326
357.000	4113
358.000	4946
359.000	5598
360.000	6170
361.000	6397
362.000	6356
363.000	5983
364.000	5419
365.000	4667
366.000	3836
367.000	3041
368.000	2299
369.000	1633
370.000	1121
371.000	738
372.000	466
373.000	297
374.000	182
375.000	119
376.000	79
377.000	63
378.000	59
379.000	65
380.000	75
381.000	100
382.000	129
383.000	173
384.000	228
385.000	324
386.000	400
387.000	513
388.000	633
389.000	742
390.000	868
391.000	938
392.000	998
393.000	997
394.000	977
395.000	910
396.000	807
397.000	683
398.000	566
399.000	446
400.000	338
401.000	247
402.000	177
403.000	117
404.000	81
405.000	53
406.000	34
407.000	23
408.000	18
409.000	14
410.000	12
411.000	13
412.000	10
413.000	12
414.000	11
415.000	13
416.000	12
417.000	10
418.000	12
419.000	12
420.000	11
421.000	14
422.000	11
423.000	14
424.000	15
425.000	18
426.000	19
427.000	29
428.000	37
429.000	50
430.000	67
431.000	93
432.000	126
433.000	175
434.000	237
435.000	299
436.000	356
437.000	416
438.000	477
439.000	531
440.000	558
441.000	572
442.000	547
443.000	530
444.000	479
445.000	425
446.000	369
447.000	298
448.000	238
449.000	205
450.000	152
451.000	134
452.000	113
453.000	102
454.000	94
455.000	83
456.000	76
457.000	72
458.000	70
459.000	57
460.000	52
461.000	47
462.000	38
463.000	36
464.000	36
465.000	32
466.000	31
467.000	34
468.000	38
469.000	37
470.000	43
471.000	47
472.000	50
473.000	60
474.000	67
475.000	77
476.000	81
477.000	90
478.000	97
479.000	113
480.000	121
481.000	134
482.000	133
483.000	125
484.000	125
485.000	119
486.000	104
487.000	97
488.000	88
489.000	73
490.000	64
491.000	55
492.000	49
493.000	42
494.000	35
495.000	33
496.000	34
497.000	28
498.000	31
499.000	30
500.000	30
501.000	28
502.000	30
503.000	35
504.000	32
505.000	35
506.000	35
507.000	38
508.000	38
509.000	38
510.000	40
511.000	42
512.000	41
513.000	38
514.000	48
515.000	45
516.000	49
517.000	51
518.000	50
519.000	53
520.000	54
521.000	60
522.000	65
523.000	69
524.000	74
525.000	76
526.000	77
527.000	76
528.000	87
529.000	85
530.000	85
531.000	80
532.000	78
533.000	71
534.000	65
535.000	66
536.000	59
537.000	53
538.000	51
539.000	42
540.000	42
541.000	44
542.000	44
543.000	39
544.000	36
545.000	36
546.000	39
547.000	39
548.000	34
549.000	41
550.000	37
551.000	42
552.000	37
553.000	37
554.000	41
555.000	38
556.000	42
557.000	42
558.000	45
559.000	47
560.000	46
561.000	52
562.000	56
563.000	61
564.000	66
565.000	79
566.000	97
567.000	114
568.000	135
569.000	153
570.000	175
571.000	207
572.000	238
573.000	263
574.000	280
575.000	292
576.000	295
577.000	300
578.000	289
579.000	272
580.000	247
581.000	215
582.000	205
583.000	166
584.000	142
585.000	124
586.000	105
587.000	87
588.000	84
589.000	69
590.000	68
591.000	63
592.000	62
593.000	59
594.000	56
595.000	63
596.000	61
597.000	64
598.000	70
599.000	71
600.000	73
601.000	79
602.000	83
603.000	95
604.000	105
605.000	117
606.000	156
607.000	206
608.000	280
609.000	386
610.000	549
611.000	809
612.000	1116
613.000	1586
614.000	2193
615.000	2981
616.000	3941
617.000	5087
618.000	6399
619.000	7761
620.000	9223
621.000	10695
622.000	11909
623.000	13022
624.000	13751
625.000	14056
626.000	13964
627.000	13428
628.000	12596
629.000	11449
630.000	10147
631.000	8687
632.000	7241
633.000	5832
634.000	4537
635.000	3475
636.000	2596
637.000	1879
638.000	1351
639.000	941
640.000	661
641.000	456
642.000	331
643.000	222
644.000	173
645.000	139
646.000	114
647.000	106
648.000	96
649.000	95
650.000	85
651.000	85
652.000	90
653.000	88
654.000	90
655.000	90
656.000	88
657.000	92
658.000	95
659.000	100
660.000	93
661.000	97
662.000	105
663.000	104
664.000	103
665.000	116
666.000	118
667.000	127
668.000	128
669.000	139
670.000	157
671.000	170
672.000	187
673.000	214
674.000	252
675.000	317
676.000	385
677.000	459
678.000	551
679.000	715
680.000	859
681.000	1029
682.000	1238
683.000	1459
684.000	1672
685.000	1884
686.000	2051
687.000	2183
688.000	2271
689.000	2328
690.000	2291
691.000	2201
692.000	2092
693.000	1935
694.000	1718
695.000	1493
696.000	1258
697.000	1059
698.000	848
699.000	702
700.000	537
701.000	421
702.000	317
703.000	250
704.000	195
705.000	151
706.000	125
707.000	112
708.000	96
709.000	84
710.000	81
711.000	80
712.000	82
713.000	79
714.000	77
715.000	82
716.000	86
717.000	86
718.000	90
719.000	94
720.000	94
721.000	97
722.000	106
723.000	105
724.000	114
725.000	115
726.000	122
727.000	122
728.000	120
729.000	123
730.000	124
731.000	125
732.000	111
733.000	126
734.000	114
735.000	111
736.000	108
737.000	105
738.000	95
739.000	100
740.000	92
741.000	96
742.000	92
743.000	92
744.000	88
745.000	89
746.000	98
747.000	94
748.000	88
749.000	89
750.000	88
751.000	88
752.000	88
753.000	87
754.000	91
755.000	88
756.000	87
757.000	89
758.000	93
759.000	88
760.000	93
761.000	88
762.000	101
763.000	93
764.000	97
765.000	94
766.000	91
767.000	102
768.000	106
769.000	106
770.000	106
771.000	114
772.000	105
773.000	114
774.000	113
775.000	121
776.000	126
777.000	141
778.000	141
779.000	152
780.000	157
781.000	158
782.000	164
783.000	180
784.000	186
785.000	189
786.000	197
787.000	197
788.000	194
789.000	201
790.000	201
791.000	200
792.000	201
793.000	188
794.000	196
795.000	195
796.000	200
797.000	198
798.000	201
799.000	201
800.000	203
801.000	199
802.000	186
803.000	193
804.000	199
805.000	204
806.000	209
807.000	215
808.000	219
809.000	224
810.000	241
811.000	258
812.000	269
813.000	276
814.000	295
815.000	311
816.000	318
817.000	342
818.000	332
819.000	333
820.000	336
821.000	336
822.000	339
823.000	312
824.000	290
825.000	286
826.000	261
827.000	240
828.000	221
829.000	208
830.000	197
831.000	180
832.000	168
833.000	167
834.000	164
835.000	167
836.000	166
837.000	165
838.000	167
839.000	170
840.000	168
841.000	175
842.000	180
843.000	182
844.000	180
845.000	169
846.000	168
847.000	176
848.000	164
849.000	164
850.000	159
851.000	160
852.000	154
853.000	140
854.000	154
855.000	141
856.000	139
857.000	138
858.000	143
859.000	134
860.000	140
861.000	138
862.000	141
863.000	141
864.000	144
865.000	143
866.000	143
867.000	142
868.000	149
869.000	150
870.000	147
871.000	149
872.000	145
873.000	142
874.000	146
875.000	141
876.000	149
877.000	146
878.000	146
879.000	148
880.000	146
881.000	147
882.000	144
883.000	146
884.000	151
885.000	145
886.000	147
887.000	144
888.000	157
889.000	153
890.000	155
891.000	164
892.000	168
893.000	164
894.000	167
895.000	170
896.000	178
897.000	176
898.000	185
899.000	186
900.000	191
901.000	185
902.000	189
903.000	197
904.000	203
905.000	207
906.000	202
907.000	206
908.000	203
909.000	204
910.000	215
911.000	210
912.000	208
913.000	211
914.000	211
915.000	217
916.000	214
917.000	218
918.000	218
919.000	220
920.000	213
921.000	221
922.000	227
923.000	222
924.000	229
925.000	226
926.000	238
927.000	224
928.000	236
929.000	236
930.000	239
931.000	244
932.000	246
933.000	252
934.000	256
935.000	266
936.000	275
937.000	274
938.000	289
939.000	292
940.000	302
941.000	297
942.000	310
943.000	294
944.000	301
945.000	298
946.000	293
947.000	283
948.000	282
949.000	271
950.000	259
951.000	260
952.000	251
953.000	247
954.000	231
955.000	230
956.000	211
957.000	221
958.000	215
959.000	208
960.000	201
961.000	204
962.000	206
963.000	210
964.000	209
965.000	209
966.000	208
967.000	219
968.000	211
969.000	217
970.000	215
971.000	218
972.000	220
973.000	214
974.000	213
975.000	212
976.000	211
977.000	194
978.000	205
979.000	197
980.000	204
981.000	185
982.000	177
983.000	184
984.000	179
985.000	180
986.000	179
987.000	175
988.000	170
989.000	166
990.000	171
991.000	173
992.000	170
993.000	164
994.000	173
995.000	168
996.000	168
997.000	164
998.000	167
999.000	162
1000.000	165
1001.000	165
1002.000	160
1003.000	162
1004.000	171
1005.000	167
1006.000	163
1007.000	164
1008.000	162
1009.000	164
1010.000	162
1011.000	157
1012.000	158
1013.000	165
1014.000	171
1015.000	168
1016.000	163
1017.000	169
1018.000	170
1019.000	170
1020.000	170
1021.000	171
1022.000	172
1023.000	169
1024.000	172
1025.000	176
1026.000	178
1027.000	175
1028.000	176
1029.000	181
1030.000	174
1031.000	177
1032.000	178
1033.000	182
1034.000	177
1035.000	179
1036.000	173
1037.000	175
1038.000	175
1039.000	183
1040.000	183
1041.000	175
1042.000	175
1043.000	168
1044.000	177
1045.000	171
1046.000	181
1047.000	171
1048.000	180
1049.000	183
1050.000	186
1051.000	181
1052.000	185
1053.000	178
1054.000	177
1055.000	182
1056.000	187
1057.000	190
1058.000	180
1059.000	187
1060.000	182
1061.000	185
1062.000	194
1063.000	188
1064.000	187
1065.000	183
1066.000	189
1067.000	190
1068.000	186
1069.000	183
1070.000	187
1071.000	185
1072.000	187
1073.000	184
1074.000	184
1075.000	194
1076.000	179
1077.000	183
1078.000	193
1079.000	190
1080.000	194
1081.000	189
1082.000	184
1083.000	192
1084.000	189
1085.000	187
1086.000	194
1087.000	187
1088.000	186
1089.000	187
1090.000	197
1091.000	192
1092.000	192
1093.000	193
1094.000	199
1095.000	202
1096.000	200
1097.000	206
1098.000	205
1099.000	193
1100.000	205
1101.000	200
1102.000	198
1103.000	202
1104.000	204
1105.000	202
1106.000	200
1107.000	198
1108.000	185
1109.000	197
1110.000	193
1111.000	194
1112.000	192
1113.000	193
1114.000	184
1115.000	189
1116.000	186
1117.000	183
1118.000	185
1119.000	189
1120.000	185
1121.000	192
1122.000	190
1123.000	185
1124.000	188
1125.000	182
1126.000	197
1127.000	184
1128.000	185
1129.000	192
1130.000	198
1131.000	194
1132.000	182
1133.000	182
1134.000	192
1135.000	188
1136.000	189
1137.000	192
1138.000	191
1139.000	191
1140.000	184
1141.000	196
1142.000	181
1143.000	195
1144.000	189
1145.000	187
1146.000	186
1147.000	201
1148.000	194
1149.000	195
1150.000	195
1151.000	198
1152.000	202
1153.000	196
1154.000	200
1155.000	209
1156.000	204
1157.000	216
1158.000	206
1159.000	223
1160.000	222
1161.000	209
1162.000	222
1163.000	215
1164.000	222
1165.000	224
1166.000	211
1167.000	216
1168.000	216
1169.000	205
1170.000	203
1171.000	201
1172.000	203
1173.000	196
1174.000	194
1175.000	190
1176.000	196
1177.000	192
1178.000	192
1179.000	192
1180.000	187
1181.000	179
1182.000	183
1183.000	193
1184.000	189
1185.000	186
1186.000	186
1187.000	186
1188.000	185
1189.000	189
1190.000	185
1191.000	185
1192.000	185
1193.000	180
1194.000	190
1195.000	182
1196.000	188
1197.000	184
1198.000	186
1199.000	190
1200.000	190
1201.000	187
1202.000	182
1203.000	189
1204.000	188
1205.000	194
1206.000	188
1207.000	200
1208.000	200
1209.000	188
1210.000	188
1211.000	192
1212.000	182
1213.000	196
1214.000	184
1215.000	188
1216.000	181
1217.000	191
1218.000	193
1219.000	194
1220.000	189
1221.000	186
1222.000	199
1223.000	194
1224.000	185
1225.000	190
1226.000	200
1227.000	194
1228.000	195
1229.000	193
1230.000	200
1231.000	196
1232.000	189
1233.000	201
1234.000	192
1235.000	196
1236.000	202
1237.000	199
1238.000	205
1239.000	197
1240.000	206
1241.000	203
1242.000	197
1243.000	207
1244.000	200
1245.000	199
1246.000	200
1247.000	196
1248.000	206
1249.000	206
1250.000	202
1251.000	205
1252.000	202
1253.000	199
1254.000	204
1255.000	201
1256.000	205
1257.000	203
1258.000	207
1259.000	200
1260.000	202
1261.000	196
1262.000	199
1263.000	198
1264.000	198
1265.000	199
1266.000	204
1267.000	208
1268.000	199
1269.000	190
1270.000	196
1271.000	196
1272.000	199
1273.000	194
1274.000	199
1275.000	197
1276.000	195
1277.000	190
1278.000	198
1279.000	196
1280.000	199
1281.000	196
1282.000	202
1283.000	202
1284.000	205
1285.000	201
1286.000	201
1287.000	208
1288.000	207
1289.000	209
1290.000	217
1291.000	202
1292.000	216
1293.000	224
1294.000	227
1295.000	222
1296.000	239
1297.000	233
1298.000	235
1299.000	240
1300.000	250
1301.000	251
1302.000	249
1303.000	250
1304.000	250
1305.000	253
1306.000	246
1307.000	242
1308.000	246
1309.000	250
1310.000	231
1311.000	243
1312.000	243
1313.000	234
1314.000	234
1315.000	229
1316.000	225
1317.000	218
1318.000	218
1319.000	204
1320.000	210
1321.000	204
1322.000	208
1323.000	204
1324.000	207
1325.000	202
1326.000	210
1327.000	204
1328.000	203
1329.000	205
1330.000	199
1331.000	210
1332.000	204
1333.000	200
1334.000	203
1335.000	203
1336.000	199
1337.000	199
1338.000	207
1339.000	202
1340.000	200
1341.000	205
1342.000	199
1343.000	204
1344.000	200
1345.000	202
1346.000	204
1347.000	194
1348.000	202
1349.000	207
1350.000	200
1351.000	209
1352.000	208
1353.000	202
1354.000	211
1355.000	212
1356.000	211
1357.000	218
1358.000	217
1359.000	235
1360.000	233
1361.000	254
1362.000	268
1363.000	283
1364.000	296
1365.000	318
1366.000	343
1367.000	357
1368.000	380
1369.000	412
1370.000	446
1371.000	476
1372.000	497
1373.000	531
1374.000	558
1375.000	565
1376.000	601
1377.000	600
1378.000	631
1379.000	629
1380.000	626
1381.000	618
1382.000	606
1383.000	604
1384.000	565
1385.000	549
1386.000	530
1387.000	509
1388.000	473
1389.000	438
1390.000	412
1391.000	392
1392.000	353
1393.000	343
1394.000	302
1395.000	295
1396.000	270
1397.000	256
1398.000	241
1399.000	239
1400.000	230
1401.000	214
1402.000	208
1403.000	207
1404.000	208
1405.000	208
1406.000	202
1407.000	198
1408.000	201
1409.000	203
1410.000	197
1411.000	198
1412.000	198
1413.000	195
1414.000	201
1415.000	206
1416.000	192
1417.000	193
1418.000	196
1419.000	201
1420.000	194
1421.000	202
1422.000	200
1423.000	203
1424.000	192
1425.000	197
1426.000	194
1427.000	201
1428.000	196
1429.000	194
1430.000	200
1431.000	201
1432.000	199
1433.000	198
1434.000	200
1435.000	197
1436.000	200
1437.000	199
1438.000	194
1439.000	204
1440.000	208
1441.000	201
1442.000	198
1443.000	205
1444.000	207
1445.000	217
1446.000	204
1447.000	216
1448.000	219
1449.000	219
1450.000	222
1451.000	221
1452.000	215
1453.000	221
1454.000	221
1455.000	222
1456.000	222
1457.000	215
1458.000	224
1459.000	230
1460.000	225
1461.000	226
1462.000	219
1463.000	224
1464.000	213
1465.000	226
1466.000	216
1467.000	210
1468.000	221
1469.000	208
1470.000	205
1471.000	210
1472.000	214
1473.000	210
1474.000	209
1475.000	208
1476.000	206
1477.000	208
1478.000	202
1479.000	195
1480.000	206
1481.000	201
1482.000	205
1483.000	207
1484.000	202
1485.000	197
1486.000	199
1487.000	205
1488.000	202
1489.000	206
1490.000	204
1491.000	205
1492.000	210
1493.000	214
1494.000	214
1495.000	209
1496.000	207
1497.000	214
1498.000	208
1499.000	207
1500.000	204
1501.000	214
1502.000	213
1503.000	215
1504.000	205
1505.000	213
1506.000	221
1507.000	202
1508.000	212
1509.000	218
1510.000	219
1511.000	214
1512.000	220
1513.000	218
1514.000	219
1515.000	217
1516.000	216
1517.000	227
1518.000	220
1519.000	236
1520.000	228
1521.000	229
1522.000	245
1523.000	239
1524.000	254
1525.000	250
1526.000	268
1527.000	256
1528.000	270
1529.000	279
1530.000	276
1531.000	287
1532.000	293
1533.000	290
1534.000	319
1535.000	307
1536.000	312
1537.000	322
1538.000	331
1539.000	333
1540.000	333
1541.000	340
1542.000	351
1543.000	337
1544.000	331
1545.000	339
1546.000	335
1547.000	333
1548.000	334
1549.000	333
1550.000	332
1551.000	308
1552.000	322
1553.000	311
1554.000	313
1555.000	307
1556.000	300
1557.000	311
1558.000	303
1559.000	301
1560.000	302
1561.000	304
1562.000	309
1563.000	307
1564.000	310
1565.000	319
1566.000	323
1567.000	338
1568.000	335
1569.000	340
1570.000	356
1571.000	359
1572.000	373
1573.000	376
1574.000	388
1575.000	409
1576.000	401
1577.000	426
1578.000	413
1579.000	431
1580.000	451
1581.000	466
1582.000	476
1583.000	489
1584.000	507
1585.000	522
1586.000	527
1587.000	546
1588.000	566
1589.000	571
1590.000	583
1591.000	611
1592.000	628
1593.000	641
1594.000	641
1595.000	658
1596.000	660
1597.000	685
1598.000	690
1599.000	689
1600.000	707
1601.000	728
1602.000	731
1603.000	736
1604.000	734
1605.000	739
1606.000	733
1607.000	739
1608.000	744
1609.000	743
1610.000	746
1611.000	730
1612.000	731
1613.000	716
1614.000	712
1615.000	730
1616.000	700
1617.000	679
1618.000	672
1619.000	683
1620.000	666
1621.000	640
1622.000	629
1623.000	614
1624.000	614
1625.000	587
1626.000	576
1627.000	556
1628.000	569
1629.000	530
1630.000	527
1631.000	503
1632.000	498
1633.000	484
1634.000	456
1635.000	460
1636.000	437
1637.000	417
1638.000	426
1639.000	393
1640.000	392
1641.000	380
1642.000	366
1643.000	352
1644.000	353
1645.000	345
1646.000	319
1647.000	313
1648.000	306
1649.000	297
1650.000	294
1651.000	291
1652.000	275
1653.000	280
1654.000	265
1655.000	258
1656.000	258
1657.000	245
1658.000	249
1659.000	254
1660.000	246
1661.000	238
1662.000	237
1663.000	227
1664.000	229
1665.000	229
1666.000	224
1667.000	209
1668.000	205
1669.000	220
1670.000	210
1671.000	219
1672.000	214
1673.000	213
1674.000	217
1675.000	223
1676.000	220
1677.000	226
1678.000	235
1679.000	238
1680.000	244
1681.000	256
1682.000	267
1683.000	272
1684.000	304
1685.000	318
1686.000	340
1687.000	346
1688.000	369
1689.000	393
1690.000	415
1691.000	438
1692.000	453
1693.000	477
1694.000	485
1695.000	503
1696.000	531
1697.000	552
1698.000	558
1699.000	569
1700.000	586
1701.000	588
1702.000	598
1703.000	577
1704.000	581
1705.000	558
1706.000	545
1707.000	537
1708.000	514
1709.000	492
1710.000	471
1711.000	446
1712.000	422
1713.000	387
1714.000	365
1715.000	346
1716.000	328
1717.000	300
1718.000	269
1719.000	260
1720.000	244
1721.000	233
1722.000	215
1723.000	210
1724.000	202
1725.000	205
1726.000	188
1727.000	178
1728.000	178
1729.000	180
1730.000	177
1731.000	168
1732.000	173
1733.000	169
1734.000	166
1735.000	167
1736.000	171
1737.000	176
1738.000	164
1739.000	165
1740.000	162
1741.000	168
1742.000	169
1743.000	163
1744.000	174
1745.000	168
1746.000	169
1747.000	164
1748.000	168
1749.000	163
1750.000	170
1751.000	175
1752.000	177
1753.000	179
1754.000	174
1755.000	170
1756.000	179
1757.000	169
1758.000	187
1759.000	182
1760.000	185
1761.000	185
1762.000	185
1763.000	185
1764.000	181
1765.000	197
1766.000	196
1767.000	193
1768.000	192
1769.000	206
1770.000	198
1771.000	202
1772.000	209
1773.000	203
1774.000	213
1775.000	202
1776.000	211
1777.000	213
1778.000	212
1779.000	222
1780.000	214
1781.000	211
1782.000	220
1783.000	229
1784.000	223
1785.000	229
1786.000	224
1787.000	226
1788.000	232
1789.000	228
1790.000	230
1791.000	231
1792.000	233
1793.000	227
1794.000	222
1795.000	233
1796.000	228
1797.000	231
1798.000	229
1799.000	223
1800.000	219
1801.000	228
1802.000	222
1803.000	223
1804.000	212
1805.000	220
1806.000	213
1807.000	216
1808.000	214
1809.000	215
1810.000	216
1811.000	211
1812.000	200
1813.000	198
1814.000	196
1815.000	193
1816.000	188
1817.000	191
1818.000	192
1819.000	179
1820.000	178
1821.000	179
1822.000	179
1823.000	173
1824.000	171
1825.000	178
1826.000	159
1827.000	164
1828.000	159
1829.000	151
1830.000	148
1831.000	156
1832.000	154
1833.000	153
1834.000	138
1835.000	145
1836.000	141
1837.000	145
1838.000	134
1839.000	136
1840.000	134
1841.000	131
1842.000	125
1843.000	121
1844.000	122
1845.000	126
1846.000	121
1847.000	123
1848.000	121
1849.000	117
1850.000	112
1851.000	113
1852.000	111
1853.000	113
1854.000	110
1855.000	106
1856.000	105
1857.000	108
1858.000	100
1859.000	102
1860.000	99
1861.000	98
1862.000	98
1863.000	99
1864.000	94
1865.000	97
1866.000	94
1867.000	96
1868.000	94
1869.000	89
1870.000	93
1871.000	90
1872.000	88
1873.000	93
1874.000	88
1875.000	90
1876.000	90
1877.000	91
1878.000	91
1879.000	89
1880.000	85
1881.000	85
1882.000	86
1883.000	84
1884.000	86
1885.000	84
1886.000	88
1887.000	86
1888.000	84
1889.000	90
1890.000	90
1891.000	90
1892.000	89
1893.000	91
1894.000	97
1895.000	94
1896.000	99
1897.000	98
1898.000	106
1899.000	106
1900.000	106
1901.000	117
1902.000	118
1903.000	119
1904.000	131
1905.000	126
1906.000	134
1907.000	136
1908.000	132
1909.000	136
1910.000	126
1911.000	133
1912.000	138
1913.000	136
1914.000	133
1915.000	129
1916.000	135
1917.000	125
1918.000	121
1919.000	115
1920.000	113
1921.000	110
1922.000	109
1923.000	104
1924.000	104
1925.000	95
1926.000	93
1927.000	91
1928.000	87
1929.000	84
1930.000	81
1931.000	79
1932.000	87
1933.000	80
1934.000	77
1935.000	79
1936.000	83
1937.000	80
1938.000	74
1939.000	82
1940.000	75
1941.000	80
1942.000	79
1943.000	76
1944.000	78
1945.000	78
1946.000	74
1947.000	76
1948.000	76
1949.000	75
1950.000	77
1951.000	77
1952.000	77
1953.000	71
1954.000	71
1955.000	66
1956.000	64
1957.000	66
1958.000	66
1959.000	64
1960.000	61
1961.000	64
1962.000	62
1963.000	64
1964.000	60
1965.000	66
1966.000	62
1967.000	61
1968.000	63
1969.000	64
1970.000	61
1971.000	63
1972.000	62
1973.000	63
1974.000	57
1975.000	63
1976.000	61
1977.000	62
1978.000	59
1979.000	58
1980.000	59
1981.000	56
1982.000	57
1983.000	61
1984.000	55
1985.000	55
1986.000	59
1987.000	58
1988.000	61
1989.000	56
1990.000	62
1991.000	62
1992.000	56
1993.000	65
1994.000	57
1995.000	57
1996.000	60
1997.000	53
1998.000	58
1999.000	57
2000.000	58
2001.000	57
2002.000	64
2003.000	59
2004.000	60
2005.000	60
2006.000	56
2007.000	58
2008.000	55
2009.000	57
2010.000	59
2011.000	60
2012.000	58
2013.000	54
2014.000	55
2015.000	58
2016.000	61
2017.000	56
2018.000	62
2019.000	55
2020.000	60
2021.000	54
2022.000	57
2023.000	59
2024.000	54
2025.000	56
2026.000	56
2027.000	55
2028.000	56
2029.000	53
2030.000	53
2031.000	55
2032.000	55
2033.000	63
2034.000	56
2035.000	56
2036.000	55
2037.000	56
2038.000	53
2039.000	52
2040.000	52
2041.000	56
2042.000	54
2043.000	57
2044.000	54
2045.000	56
2046.000	55
2047.000	57
2048.000	0
