Date:	17-Sep-20		Time:	11:47 PM		Version no:	0.00		Project name:	55		Sample name:	222		Section name:	section		Position	0.000000	mm	E0	0.000000	keV	E1	1.000000	keV/channel	sample surface	2.000000	cm	Tube anode:	Mo		Tube voltage:	30	kV	Tube current:	30	mA	gain	15		std. database			resultfile	result		matrix element	11		sample thickness	1.000000		air passage	0.560000	cm	comments	not in position		peaking_time	0.300000	m-sec	trigger_threshold	40.000000	V	mca_bin_width	2.000000	no:	number_mca_channels	2048.000000	no:	gap_time	2048.000000	m-sec	trigger_peaking_time	2048.000000	m-sec	GAINDAC	400		HIGHGAIN	400		TAURC	400		RCTAU	400		RCTAUFRAC	400		livetime	13.014294	seconds	runtime	15.000232	seconds	input_count_rate	80431.410221	cps	output_count_rate	69782.785033	cps	triggers	1173264	seconds	events_in_run	1020480	seconds	channel	content		1.000	0
2.000	0
3.000	0
4.000	0
5.000	0
6.000	0
7.000	0
8.000	0
9.000	0
10.000	0
11.000	0
12.000	0
13.000	0
14.000	0
15.000	0
16.000	0
17.000	0
18.000	0
19.000	0
20.000	0
21.000	0
22.000	0
23.000	0
24.000	0
25.000	0
26.000	0
27.000	0
28.000	0
29.000	0
30.000	0
31.000	0
32.000	0
33.000	0
34.000	0
35.000	0
36.000	0
37.000	1
38.000	0
39.000	0
40.000	0
41.000	0
42.000	0
43.000	0
44.000	0
45.000	1
46.000	0
47.000	0
48.000	0
49.000	1
50.000	1
51.000	1
52.000	1
53.000	2
54.000	3
55.000	4
56.000	5
57.000	6
58.000	10
59.000	12
60.000	18
61.000	23
62.000	25
63.000	26
64.000	24
65.000	22
66.000	22
67.000	25
68.000	23
69.000	20
70.000	22
71.000	21
72.000	18
73.000	18
74.000	20
75.000	21
76.000	19
77.000	20
78.000	20
79.000	21
80.000	20
81.000	20
82.000	19
83.000	19
84.000	19
85.000	21
86.000	18
87.000	18
88.000	22
89.000	18
90.000	17
91.000	16
92.000	19
93.000	20
94.000	17
95.000	14
96.000	18
97.000	17
98.000	16
99.000	16
100.000	16
101.000	17
102.000	17
103.000	17
104.000	15
105.000	15
106.000	16
107.000	17
108.000	16
109.000	16
110.000	15
111.000	16
112.000	15
113.000	15
114.000	14
115.000	14
116.000	14
117.000	13
118.000	16
119.000	14
120.000	16
121.000	12
122.000	14
123.000	14
124.000	14
125.000	15
126.000	13
127.000	14
128.000	10
129.000	13
130.000	10
131.000	12
132.000	11
133.000	14
134.000	15
135.000	12
136.000	14
137.000	12
138.000	14
139.000	15
140.000	17
141.000	18
142.000	22
143.000	26
144.000	28
145.000	30
146.000	29
147.000	29
148.000	26
149.000	24
150.000	23
151.000	19
152.000	15
153.000	16
154.000	15
155.000	15
156.000	11
157.000	15
158.000	12
159.000	10
160.000	11
161.000	13
162.000	16
163.000	20
164.000	27
165.000	38
166.000	52
167.000	65
168.000	85
169.000	91
170.000	103
171.000	104
172.000	98
173.000	86
174.000	65
175.000	58
176.000	45
177.000	39
178.000	30
179.000	28
180.000	22
181.000	26
182.000	28
183.000	31
184.000	40
185.000	49
186.000	62
187.000	75
188.000	94
189.000	99
190.000	112
191.000	114
192.000	112
193.000	111
194.000	89
195.000	78
196.000	54
197.000	44
198.000	32
199.000	26
200.000	23
201.000	18
202.000	14
203.000	16
204.000	14
205.000	11
206.000	14
207.000	12
208.000	12
209.000	13
210.000	12
211.000	13
212.000	13
213.000	14
214.000	14
215.000	15
216.000	16
217.000	17
218.000	19
219.000	18
220.000	18
221.000	22
222.000	26
223.000	28
224.000	26
225.000	26
226.000	24
227.000	21
228.000	18
229.000	17
230.000	13
231.000	11
232.000	14
233.000	12
234.000	12
235.000	11
236.000	10
237.000	10
238.000	9
239.000	10
240.000	10
241.000	11
242.000	9
243.000	12
244.000	13
245.000	12
246.000	12
247.000	14
248.000	17
249.000	22
250.000	29
251.000	37
252.000	44
253.000	56
254.000	67
255.000	76
256.000	86
257.000	87
258.000	86
259.000	83
260.000	69
261.000	56
262.000	54
263.000	39
264.000	32
265.000	25
266.000	25
267.000	23
268.000	25
269.000	22
270.000	27
271.000	25
272.000	26
273.000	26
274.000	24
275.000	26
276.000	26
277.000	24
278.000	25
279.000	21
280.000	20
281.000	23
282.000	26
283.000	28
284.000	37
285.000	46
286.000	54
287.000	57
288.000	64
289.000	72
290.000	70
291.000	66
292.000	59
293.000	52
294.000	46
295.000	40
296.000	31
297.000	28
298.000	22
299.000	19
300.000	16
301.000	16
302.000	17
303.000	14
304.000	15
305.000	16
306.000	16
307.000	18
308.000	19
309.000	21
310.000	26
311.000	27
312.000	34
313.000	31
314.000	34
315.000	39
316.000	49
317.000	68
318.000	85
319.000	105
320.000	130
321.000	146
322.000	169
323.000	186
324.000	207
325.000	200
326.000	188
327.000	173
328.000	152
329.000	128
330.000	97
331.000	78
332.000	58
333.000	49
334.000	33
335.000	26
336.000	25
337.000	21
338.000	25
339.000	22
340.000	26
341.000	33
342.000	31
343.000	41
344.000	53
345.000	72
346.000	95
347.000	146
348.000	226
349.000	349
350.000	541
351.000	821
352.000	1236
353.000	1833
354.000	2601
355.000	3518
356.000	4649
357.000	5852
358.000	6946
359.000	7926
360.000	8628
361.000	9015
362.000	8885
363.000	8460
364.000	7618
365.000	6590
366.000	5462
367.000	4264
368.000	3224
369.000	2303
370.000	1599
371.000	1026
372.000	671
373.000	406
374.000	257
375.000	163
376.000	106
377.000	84
378.000	83
379.000	81
380.000	96
381.000	125
382.000	159
383.000	227
384.000	303
385.000	409
386.000	534
387.000	672
388.000	833
389.000	979
390.000	1142
391.000	1248
392.000	1300
393.000	1318
394.000	1298
395.000	1202
396.000	1090
397.000	931
398.000	744
399.000	586
400.000	440
401.000	325
402.000	221
403.000	157
404.000	106
405.000	68
406.000	47
407.000	27
408.000	18
409.000	15
410.000	14
411.000	11
412.000	10
413.000	10
414.000	9
415.000	11
416.000	11
417.000	14
418.000	11
419.000	11
420.000	10
421.000	11
422.000	11
423.000	14
424.000	18
425.000	22
426.000	28
427.000	38
428.000	54
429.000	82
430.000	122
431.000	178
432.000	250
433.000	351
434.000	457
435.000	605
436.000	745
437.000	880
438.000	1022
439.000	1135
440.000	1219
441.000	1231
442.000	1203
443.000	1138
444.000	1067
445.000	929
446.000	783
447.000	631
448.000	515
449.000	400
450.000	302
451.000	233
452.000	198
453.000	160
454.000	134
455.000	122
456.000	98
457.000	98
458.000	82
459.000	80
460.000	62
461.000	57
462.000	48
463.000	47
464.000	39
465.000	33
466.000	28
467.000	30
468.000	36
469.000	38
470.000	42
471.000	50
472.000	61
473.000	73
474.000	90
475.000	108
476.000	137
477.000	153
478.000	182
479.000	202
480.000	232
481.000	226
482.000	234
483.000	238
484.000	238
485.000	230
486.000	196
487.000	172
488.000	152
489.000	124
490.000	105
491.000	84
492.000	64
493.000	48
494.000	40
495.000	33
496.000	27
497.000	24
498.000	25
499.000	22
500.000	20
501.000	22
502.000	22
503.000	21
504.000	22
505.000	23
506.000	26
507.000	24
508.000	27
509.000	29
510.000	28
511.000	32
512.000	37
513.000	32
514.000	35
515.000	36
516.000	39
517.000	44
518.000	46
519.000	47
520.000	55
521.000	61
522.000	70
523.000	75
524.000	84
525.000	94
526.000	92
527.000	109
528.000	106
529.000	105
530.000	109
531.000	109
532.000	98
533.000	90
534.000	77
535.000	74
536.000	63
537.000	58
538.000	48
539.000	41
540.000	37
541.000	36
542.000	30
543.000	35
544.000	28
545.000	26
546.000	27
547.000	31
548.000	25
549.000	28
550.000	30
551.000	27
552.000	29
553.000	29
554.000	29
555.000	28
556.000	29
557.000	31
558.000	32
559.000	32
560.000	36
561.000	33
562.000	39
563.000	46
564.000	57
565.000	63
566.000	78
567.000	91
568.000	107
569.000	128
570.000	162
571.000	177
572.000	208
573.000	231
574.000	247
575.000	256
576.000	262
577.000	260
578.000	264
579.000	244
580.000	224
581.000	198
582.000	172
583.000	155
584.000	133
585.000	110
586.000	95
587.000	85
588.000	70
589.000	65
590.000	58
591.000	58
592.000	50
593.000	55
594.000	61
595.000	54
596.000	59
597.000	61
598.000	64
599.000	66
600.000	79
601.000	87
602.000	91
603.000	104
604.000	121
605.000	143
606.000	190
607.000	258
608.000	355
609.000	506
610.000	733
611.000	1064
612.000	1544
613.000	2146
614.000	3077
615.000	4172
616.000	5485
617.000	7166
618.000	8982
619.000	10988
620.000	12984
621.000	14997
622.000	16876
623.000	18264
624.000	19395
625.000	19780
626.000	19627
627.000	18967
628.000	17894
629.000	16102
630.000	14260
631.000	12181
632.000	10096
633.000	8156
634.000	6409
635.000	4872
636.000	3614
637.000	2632
638.000	1846
639.000	1259
640.000	868
641.000	593
642.000	390
643.000	271
644.000	200
645.000	145
646.000	126
647.000	99
648.000	94
649.000	91
650.000	80
651.000	85
652.000	76
653.000	81
654.000	79
655.000	78
656.000	81
657.000	86
658.000	84
659.000	84
660.000	87
661.000	90
662.000	87
663.000	101
664.000	98
665.000	110
666.000	117
667.000	121
668.000	129
669.000	145
670.000	155
671.000	185
672.000	218
673.000	243
674.000	311
675.000	369
676.000	469
677.000	582
678.000	731
679.000	937
680.000	1138
681.000	1422
682.000	1683
683.000	1977
684.000	2273
685.000	2561
686.000	2818
687.000	3024
688.000	3147
689.000	3243
690.000	3175
691.000	3058
692.000	2878
693.000	2647
694.000	2328
695.000	2030
696.000	1702
697.000	1396
698.000	1152
699.000	895
700.000	701
701.000	535
702.000	387
703.000	287
704.000	218
705.000	174
706.000	116
707.000	95
708.000	78
709.000	68
710.000	56
711.000	55
712.000	62
713.000	55
714.000	59
715.000	56
716.000	60
717.000	62
718.000	59
719.000	68
720.000	69
721.000	78
722.000	78
723.000	85
724.000	87
725.000	93
726.000	102
727.000	98
728.000	104
729.000	104
730.000	110
731.000	104
732.000	102
733.000	103
734.000	96
735.000	93
736.000	92
737.000	76
738.000	72
739.000	68
740.000	66
741.000	64
742.000	66
743.000	64
744.000	63
745.000	61
746.000	64
747.000	61
748.000	55
749.000	60
750.000	60
751.000	55
752.000	58
753.000	58
754.000	57
755.000	62
756.000	67
757.000	61
758.000	64
759.000	62
760.000	60
761.000	63
762.000	55
763.000	61
764.000	61
765.000	62
766.000	64
767.000	69
768.000	64
769.000	74
770.000	66
771.000	71
772.000	68
773.000	78
774.000	77
775.000	75
776.000	81
777.000	83
778.000	96
779.000	96
780.000	96
781.000	97
782.000	108
783.000	108
784.000	119
785.000	113
786.000	122
787.000	121
788.000	122
789.000	124
790.000	123
791.000	124
792.000	126
793.000	122
794.000	126
795.000	118
796.000	113
797.000	123
798.000	124
799.000	124
800.000	116
801.000	133
802.000	135
803.000	132
804.000	138
805.000	133
806.000	144
807.000	145
808.000	158
809.000	155
810.000	172
811.000	175
812.000	190
813.000	196
814.000	215
815.000	221
816.000	232
817.000	238
818.000	242
819.000	241
820.000	252
821.000	237
822.000	236
823.000	236
824.000	204
825.000	200
826.000	194
827.000	175
828.000	160
829.000	157
830.000	140
831.000	122
832.000	127
833.000	125
834.000	116
835.000	126
836.000	118
837.000	122
838.000	118
839.000	122
840.000	125
841.000	131
842.000	129
843.000	131
844.000	126
845.000	128
846.000	124
847.000	122
848.000	124
849.000	123
850.000	110
851.000	113
852.000	105
853.000	107
854.000	96
855.000	102
856.000	99
857.000	102
858.000	96
859.000	99
860.000	97
861.000	95
862.000	95
863.000	97
864.000	93
865.000	99
866.000	101
867.000	100
868.000	95
869.000	101
870.000	100
871.000	100
872.000	104
873.000	94
874.000	103
875.000	98
876.000	99
877.000	96
878.000	96
879.000	101
880.000	96
881.000	97
882.000	99
883.000	97
884.000	102
885.000	102
886.000	101
887.000	104
888.000	107
889.000	99
890.000	107
891.000	109
892.000	109
893.000	118
894.000	113
895.000	106
896.000	120
897.000	119
898.000	119
899.000	127
900.000	124
901.000	128
902.000	124
903.000	136
904.000	134
905.000	141
906.000	142
907.000	134
908.000	141
909.000	145
910.000	141
911.000	132
912.000	143
913.000	141
914.000	142
915.000	136
916.000	152
917.000	145
918.000	148
919.000	146
920.000	150
921.000	147
922.000	155
923.000	146
924.000	154
925.000	157
926.000	154
927.000	151
928.000	159
929.000	163
930.000	165
931.000	169
932.000	170
933.000	174
934.000	175
935.000	174
936.000	189
937.000	201
938.000	204
939.000	204
940.000	212
941.000	212
942.000	220
943.000	219
944.000	221
945.000	218
946.000	206
947.000	205
948.000	202
949.000	190
950.000	193
951.000	181
952.000	180
953.000	176
954.000	159
955.000	156
956.000	153
957.000	158
958.000	151
959.000	147
960.000	152
961.000	139
962.000	144
963.000	147
964.000	153
965.000	148
966.000	150
967.000	148
968.000	153
969.000	154
970.000	158
971.000	151
972.000	171
973.000	161
974.000	161
975.000	153
976.000	153
977.000	150
978.000	151
979.000	145
980.000	140
981.000	142
982.000	136
983.000	138
984.000	143
985.000	135
986.000	133
987.000	133
988.000	135
989.000	135
990.000	130
991.000	127
992.000	129
993.000	122
994.000	122
995.000	117
996.000	113
997.000	115
998.000	121
999.000	120
1000.000	119
1001.000	117
1002.000	108
1003.000	122
1004.000	112
1005.000	117
1006.000	110
1007.000	119
1008.000	112
1009.000	112
1010.000	122
1011.000	113
1012.000	113
1013.000	112
1014.000	118
1015.000	119
1016.000	116
1017.000	118
1018.000	120
1019.000	118
1020.000	121
1021.000	117
1022.000	112
1023.000	120
1024.000	114
1025.000	128
1026.000	116
1027.000	120
1028.000	119
1029.000	120
1030.000	115
1031.000	128
1032.000	112
1033.000	115
1034.000	124
1035.000	118
1036.000	122
1037.000	123
1038.000	120
1039.000	118
1040.000	126
1041.000	119
1042.000	122
1043.000	129
1044.000	121
1045.000	125
1046.000	126
1047.000	119
1048.000	121
1049.000	120
1050.000	121
1051.000	127
1052.000	124
1053.000	129
1054.000	134
1055.000	132
1056.000	125
1057.000	128
1058.000	119
1059.000	127
1060.000	129
1061.000	136
1062.000	133
1063.000	137
1064.000	131
1065.000	136
1066.000	135
1067.000	132
1068.000	131
1069.000	134
1070.000	129
1071.000	131
1072.000	130
1073.000	134
1074.000	129
1075.000	126
1076.000	131
1077.000	124
1078.000	134
1079.000	133
1080.000	136
1081.000	131
1082.000	134
1083.000	128
1084.000	136
1085.000	134
1086.000	138
1087.000	128
1088.000	134
1089.000	131
1090.000	138
1091.000	137
1092.000	137
1093.000	132
1094.000	142
1095.000	142
1096.000	148
1097.000	140
1098.000	136
1099.000	141
1100.000	141
1101.000	144
1102.000	147
1103.000	146
1104.000	148
1105.000	147
1106.000	142
1107.000	140
1108.000	142
1109.000	140
1110.000	141
1111.000	141
1112.000	139
1113.000	136
1114.000	131
1115.000	127
1116.000	130
1117.000	138
1118.000	135
1119.000	127
1120.000	137
1121.000	133
1122.000	125
1123.000	131
1124.000	129
1125.000	135
1126.000	134
1127.000	134
1128.000	132
1129.000	134
1130.000	131
1131.000	141
1132.000	139
1133.000	139
1134.000	132
1135.000	133
1136.000	135
1137.000	136
1138.000	136
1139.000	133
1140.000	134
1141.000	138
1142.000	136
1143.000	137
1144.000	140
1145.000	133
1146.000	139
1147.000	128
1148.000	134
1149.000	144
1150.000	133
1151.000	141
1152.000	145
1153.000	138
1154.000	146
1155.000	146
1156.000	147
1157.000	142
1158.000	139
1159.000	150
1160.000	147
1161.000	152
1162.000	139
1163.000	144
1164.000	144
1165.000	143
1166.000	151
1167.000	144
1168.000	145
1169.000	140
1170.000	141
1171.000	138
1172.000	148
1173.000	138
1174.000	140
1175.000	133
1176.000	136
1177.000	136
1178.000	136
1179.000	134
1180.000	136
1181.000	126
1182.000	125
1183.000	136
1184.000	127
1185.000	135
1186.000	136
1187.000	131
1188.000	133
1189.000	125
1190.000	135
1191.000	140
1192.000	134
1193.000	129
1194.000	138
1195.000	138
1196.000	133
1197.000	137
1198.000	125
1199.000	132
1200.000	130
1201.000	138
1202.000	125
1203.000	138
1204.000	143
1205.000	135
1206.000	132
1207.000	128
1208.000	141
1209.000	131
1210.000	130
1211.000	129
1212.000	138
1213.000	135
1214.000	137
1215.000	131
1216.000	140
1217.000	138
1218.000	131
1219.000	141
1220.000	137
1221.000	128
1222.000	139
1223.000	136
1224.000	137
1225.000	143
1226.000	142
1227.000	141
1228.000	147
1229.000	144
1230.000	137
1231.000	133
1232.000	134
1233.000	137
1234.000	137
1235.000	139
1236.000	146
1237.000	141
1238.000	141
1239.000	145
1240.000	155
1241.000	145
1242.000	149
1243.000	147
1244.000	152
1245.000	151
1246.000	159
1247.000	149
1248.000	152
1249.000	150
1250.000	162
1251.000	150
1252.000	149
1253.000	148
1254.000	152
1255.000	152
1256.000	156
1257.000	149
1258.000	154
1259.000	147
1260.000	149
1261.000	140
1262.000	150
1263.000	143
1264.000	146
1265.000	136
1266.000	138
1267.000	145
1268.000	133
1269.000	140
1270.000	137
1271.000	139
1272.000	146
1273.000	140
1274.000	137
1275.000	137
1276.000	142
1277.000	148
1278.000	141
1279.000	141
1280.000	147
1281.000	143
1282.000	138
1283.000	139
1284.000	142
1285.000	138
1286.000	141
1287.000	150
1288.000	138
1289.000	137
1290.000	148
1291.000	141
1292.000	145
1293.000	153
1294.000	147
1295.000	151
1296.000	157
1297.000	152
1298.000	146
1299.000	153
1300.000	158
1301.000	148
1302.000	156
1303.000	160
1304.000	160
1305.000	160
1306.000	162
1307.000	154
1308.000	147
1309.000	143
1310.000	157
1311.000	156
1312.000	153
1313.000	160
1314.000	146
1315.000	146
1316.000	152
1317.000	158
1318.000	147
1319.000	153
1320.000	142
1321.000	145
1322.000	149
1323.000	145
1324.000	140
1325.000	140
1326.000	139
1327.000	144
1328.000	137
1329.000	145
1330.000	148
1331.000	144
1332.000	146
1333.000	146
1334.000	140
1335.000	145
1336.000	144
1337.000	146
1338.000	149
1339.000	143
1340.000	142
1341.000	145
1342.000	144
1343.000	140
1344.000	141
1345.000	140
1346.000	147
1347.000	144
1348.000	150
1349.000	147
1350.000	149
1351.000	153
1352.000	151
1353.000	154
1354.000	147
1355.000	153
1356.000	161
1357.000	162
1358.000	167
1359.000	172
1360.000	182
1361.000	197
1362.000	201
1363.000	209
1364.000	224
1365.000	253
1366.000	270
1367.000	301
1368.000	305
1369.000	334
1370.000	362
1371.000	391
1372.000	423
1373.000	452
1374.000	473
1375.000	511
1376.000	513
1377.000	520
1378.000	524
1379.000	534
1380.000	539
1381.000	538
1382.000	512
1383.000	533
1384.000	503
1385.000	489
1386.000	449
1387.000	438
1388.000	394
1389.000	376
1390.000	336
1391.000	316
1392.000	287
1393.000	265
1394.000	244
1395.000	225
1396.000	214
1397.000	204
1398.000	188
1399.000	177
1400.000	172
1401.000	156
1402.000	156
1403.000	157
1404.000	154
1405.000	150
1406.000	141
1407.000	147
1408.000	148
1409.000	141
1410.000	148
1411.000	149
1412.000	140
1413.000	141
1414.000	146
1415.000	148
1416.000	144
1417.000	144
1418.000	143
1419.000	138
1420.000	142
1421.000	146
1422.000	140
1423.000	143
1424.000	142
1425.000	137
1426.000	148
1427.000	146
1428.000	143
1429.000	146
1430.000	146
1431.000	146
1432.000	156
1433.000	139
1434.000	144
1435.000	142
1436.000	142
1437.000	143
1438.000	146
1439.000	143
1440.000	147
1441.000	145
1442.000	143
1443.000	145
1444.000	143
1445.000	149
1446.000	146
1447.000	158
1448.000	156
1449.000	154
1450.000	160
1451.000	154
1452.000	156
1453.000	152
1454.000	152
1455.000	168
1456.000	156
1457.000	154
1458.000	154
1459.000	155
1460.000	155
1461.000	156
1462.000	159
1463.000	149
1464.000	155
1465.000	157
1466.000	154
1467.000	154
1468.000	152
1469.000	152
1470.000	151
1471.000	147
1472.000	150
1473.000	147
1474.000	142
1475.000	138
1476.000	146
1477.000	148
1478.000	144
1479.000	146
1480.000	155
1481.000	141
1482.000	148
1483.000	141
1484.000	139
1485.000	145
1486.000	144
1487.000	155
1488.000	148
1489.000	148
1490.000	144
1491.000	152
1492.000	147
1493.000	143
1494.000	144
1495.000	155
1496.000	149
1497.000	152
1498.000	155
1499.000	155
1500.000	151
1501.000	149
1502.000	154
1503.000	154
1504.000	147
1505.000	150
1506.000	148
1507.000	155
1508.000	146
1509.000	157
1510.000	155
1511.000	152
1512.000	147
1513.000	163
1514.000	161
1515.000	160
1516.000	163
1517.000	165
1518.000	166
1519.000	156
1520.000	166
1521.000	162
1522.000	181
1523.000	184
1524.000	189
1525.000	198
1526.000	191
1527.000	196
1528.000	201
1529.000	208
1530.000	216
1531.000	227
1532.000	225
1533.000	239
1534.000	245
1535.000	243
1536.000	248
1537.000	255
1538.000	254
1539.000	259
1540.000	272
1541.000	273
1542.000	275
1543.000	278
1544.000	260
1545.000	269
1546.000	269
1547.000	262
1548.000	251
1549.000	246
1550.000	249
1551.000	248
1552.000	239
1553.000	228
1554.000	229
1555.000	222
1556.000	224
1557.000	224
1558.000	222
1559.000	222
1560.000	214
1561.000	214
1562.000	222
1563.000	220
1564.000	222
1565.000	246
1566.000	242
1567.000	238
1568.000	239
1569.000	248
1570.000	253
1571.000	259
1572.000	256
1573.000	260
1574.000	271
1575.000	281
1576.000	274
1577.000	300
1578.000	304
1579.000	297
1580.000	321
1581.000	312
1582.000	320
1583.000	337
1584.000	347
1585.000	344
1586.000	359
1587.000	385
1588.000	380
1589.000	396
1590.000	388
1591.000	416
1592.000	412
1593.000	425
1594.000	427
1595.000	437
1596.000	455
1597.000	455
1598.000	453
1599.000	469
1600.000	468
1601.000	479
1602.000	483
1603.000	482
1604.000	498
1605.000	496
1606.000	495
1607.000	505
1608.000	506
1609.000	498
1610.000	490
1611.000	500
1612.000	502
1613.000	509
1614.000	488
1615.000	492
1616.000	486
1617.000	474
1618.000	476
1619.000	464
1620.000	457
1621.000	442
1622.000	450
1623.000	425
1624.000	412
1625.000	413
1626.000	415
1627.000	405
1628.000	384
1629.000	371
1630.000	368
1631.000	356
1632.000	341
1633.000	337
1634.000	325
1635.000	316
1636.000	310
1637.000	308
1638.000	292
1639.000	285
1640.000	273
1641.000	259
1642.000	267
1643.000	266
1644.000	244
1645.000	248
1646.000	233
1647.000	228
1648.000	237
1649.000	213
1650.000	207
1651.000	218
1652.000	211
1653.000	207
1654.000	200
1655.000	191
1656.000	197
1657.000	186
1658.000	187
1659.000	182
1660.000	171
1661.000	179
1662.000	170
1663.000	168
1664.000	172
1665.000	159
1666.000	162
1667.000	156
1668.000	159
1669.000	156
1670.000	158
1671.000	159
1672.000	157
1673.000	156
1674.000	157
1675.000	159
1676.000	169
1677.000	168
1678.000	173
1679.000	179
1680.000	198
1681.000	199
1682.000	201
1683.000	214
1684.000	232
1685.000	235
1686.000	264
1687.000	278
1688.000	300
1689.000	322
1690.000	324
1691.000	347
1692.000	360
1693.000	388
1694.000	406
1695.000	413
1696.000	435
1697.000	449
1698.000	457
1699.000	460
1700.000	465
1701.000	478
1702.000	475
1703.000	482
1704.000	470
1705.000	461
1706.000	445
1707.000	432
1708.000	425
1709.000	398
1710.000	371
1711.000	351
1712.000	329
1713.000	314
1714.000	277
1715.000	273
1716.000	246
1717.000	243
1718.000	220
1719.000	209
1720.000	189
1721.000	166
1722.000	170
1723.000	163
1724.000	151
1725.000	151
1726.000	140
1727.000	136
1728.000	133
1729.000	129
1730.000	126
1731.000	121
1732.000	125
1733.000	121
1734.000	126
1735.000	126
1736.000	119
1737.000	118
1738.000	118
1739.000	126
1740.000	119
1741.000	120
1742.000	119
1743.000	124
1744.000	114
1745.000	120
1746.000	123
1747.000	120
1748.000	123
1749.000	120
1750.000	115
1751.000	120
1752.000	119
1753.000	128
1754.000	129
1755.000	122
1756.000	124
1757.000	121
1758.000	122
1759.000	128
1760.000	132
1761.000	137
1762.000	130
1763.000	129
1764.000	132
1765.000	137
1766.000	131
1767.000	143
1768.000	135
1769.000	142
1770.000	142
1771.000	147
1772.000	151
1773.000	148
1774.000	148
1775.000	150
1776.000	142
1777.000	144
1778.000	148
1779.000	146
1780.000	155
1781.000	147
1782.000	147
1783.000	160
1784.000	150
1785.000	159
1786.000	156
1787.000	159
1788.000	167
1789.000	152
1790.000	165
1791.000	156
1792.000	166
1793.000	158
1794.000	157
1795.000	162
1796.000	155
1797.000	165
1798.000	156
1799.000	163
1800.000	156
1801.000	161
1802.000	164
1803.000	156
1804.000	148
1805.000	157
1806.000	155
1807.000	147
1808.000	153
1809.000	144
1810.000	149
1811.000	156
1812.000	140
1813.000	146
1814.000	142
1815.000	142
1816.000	140
1817.000	140
1818.000	137
1819.000	120
1820.000	125
1821.000	124
1822.000	133
1823.000	130
1824.000	123
1825.000	118
1826.000	119
1827.000	110
1828.000	114
1829.000	110
1830.000	106
1831.000	108
1832.000	113
1833.000	107
1834.000	107
1835.000	106
1836.000	99
1837.000	100
1838.000	98
1839.000	96
1840.000	97
1841.000	96
1842.000	89
1843.000	89
1844.000	93
1845.000	92
1846.000	92
1847.000	87
1848.000	87
1849.000	84
1850.000	87
1851.000	83
1852.000	78
1853.000	84
1854.000	84
1855.000	80
1856.000	78
1857.000	76
1858.000	78
1859.000	72
1860.000	75
1861.000	76
1862.000	76
1863.000	76
1864.000	72
1865.000	71
1866.000	61
1867.000	70
1868.000	73
1869.000	72
1870.000	69
1871.000	68
1872.000	68
1873.000	62
1874.000	68
1875.000	64
1876.000	68
1877.000	64
1878.000	68
1879.000	65
1880.000	65
1881.000	71
1882.000	69
1883.000	65
1884.000	63
1885.000	65
1886.000	63
1887.000	65
1888.000	68
1889.000	65
1890.000	67
1891.000	64
1892.000	68
1893.000	67
1894.000	74
1895.000	76
1896.000	75
1897.000	75
1898.000	77
1899.000	80
1900.000	77
1901.000	86
1902.000	89
1903.000	94
1904.000	95
1905.000	99
1906.000	107
1907.000	110
1908.000	106
1909.000	97
1910.000	107
1911.000	109
1912.000	113
1913.000	108
1914.000	108
1915.000	105
1916.000	97
1917.000	99
1918.000	102
1919.000	95
1920.000	88
1921.000	80
1922.000	85
1923.000	77
1924.000	79
1925.000	76
1926.000	70
1927.000	71
1928.000	65
1929.000	64
1930.000	67
1931.000	64
1932.000	55
1933.000	60
1934.000	57
1935.000	56
1936.000	58
1937.000	61
1938.000	55
1939.000	59
1940.000	59
1941.000	59
1942.000	55
1943.000	56
1944.000	63
1945.000	55
1946.000	57
1947.000	58
1948.000	57
1949.000	56
1950.000	59
1951.000	55
1952.000	54
1953.000	54
1954.000	51
1955.000	54
1956.000	52
1957.000	52
1958.000	49
1959.000	45
1960.000	50
1961.000	49
1962.000	47
1963.000	48
1964.000	47
1965.000	45
1966.000	46
1967.000	45
1968.000	43
1969.000	44
1970.000	45
1971.000	40
1972.000	50
1973.000	46
1974.000	43
1975.000	48
1976.000	43
1977.000	43
1978.000	45
1979.000	44
1980.000	40
1981.000	42
1982.000	41
1983.000	43
1984.000	49
1985.000	42
1986.000	43
1987.000	42
1988.000	45
1989.000	44
1990.000	42
1991.000	43
1992.000	45
1993.000	42
1994.000	42
1995.000	40
1996.000	42
1997.000	38
1998.000	40
1999.000	45
2000.000	42
2001.000	39
2002.000	39
2003.000	43
2004.000	45
2005.000	38
2006.000	46
2007.000	41
2008.000	47
2009.000	44
2010.000	44
2011.000	39
2012.000	41
2013.000	40
2014.000	43
2015.000	38
2016.000	40
2017.000	45
2018.000	44
2019.000	38
2020.000	43
2021.000	41
2022.000	38
2023.000	40
2024.000	41
2025.000	36
2026.000	41
2027.000	42
2028.000	41
2029.000	42
2030.000	38
2031.000	38
2032.000	42
2033.000	40
2034.000	42
2035.000	41
2036.000	40
2037.000	38
2038.000	37
2039.000	38
2040.000	45
2041.000	37
2042.000	39
2043.000	39
2044.000	38
2045.000	39
2046.000	39
2047.000	38
2048.000	0
