Date:	22-Sep-20		Time:	10:49 PM		Version no:	0.00		Project name:	55		Sample name:	222		Section name:	section		Position	0.000000	mm	E0	0.000000	keV	E1	1.000000	keV/channel	sample surface	2.000000	cm	Tube anode:	Mo		Tube voltage:	30	kV	Tube current:	30	mA	gain	15		std. database			resultfile	result		matrix element	11		sample thickness	1.000000		air passage	0.560000	cm	comments	not in position		peaking_time	0.300000	m-sec	trigger_threshold	40.000000	V	mca_bin_width	2.000000	no:	number_mca_channels	2048.000000	no:	gap_time	2048.000000	m-sec	trigger_peaking_time	2048.000000	m-sec	GAINDAC	400		HIGHGAIN	400		TAURC	400		RCTAU	400		RCTAUFRAC	400		livetime	12.778311	seconds	runtime	15.000098	seconds	input_count_rate	8453.386602	cps	output_count_rate	7201.286285	cps	triggers	126178	seconds	events_in_run	98622	seconds	channel	content		1.000	0
2.000	0
3.000	0
4.000	0
5.000	0
6.000	0
7.000	0
8.000	0
9.000	0
10.000	0
11.000	0
12.000	0
13.000	0
14.000	0
15.000	0
16.000	0
17.000	0
18.000	0
19.000	0
20.000	0
21.000	0
22.000	0
23.000	0
24.000	0
25.000	0
26.000	0
27.000	0
28.000	0
29.000	0
30.000	0
31.000	0
32.000	0
33.000	0
34.000	0
35.000	0
36.000	0
37.000	0
38.000	1
39.000	0
40.000	1
41.000	0
42.000	0
43.000	0
44.000	0
45.000	0
46.000	0
47.000	1
48.000	1
49.000	1
50.000	1
51.000	1
52.000	2
53.000	3
54.000	3
55.000	6
56.000	6
57.000	9
58.000	14
59.000	21
60.000	24
61.000	27
62.000	27
63.000	31
64.000	29
65.000	28
66.000	25
67.000	28
68.000	25
69.000	25
70.000	21
71.000	24
72.000	24
73.000	27
74.000	24
75.000	23
76.000	25
77.000	24
78.000	22
79.000	24
80.000	26
81.000	23
82.000	23
83.000	26
84.000	25
85.000	25
86.000	27
87.000	27
88.000	23
89.000	24
90.000	23
91.000	22
92.000	22
93.000	20
94.000	22
95.000	20
96.000	19
97.000	19
98.000	20
99.000	19
100.000	19
101.000	20
102.000	18
103.000	21
104.000	18
105.000	20
106.000	19
107.000	19
108.000	20
109.000	18
110.000	15
111.000	19
112.000	18
113.000	17
114.000	17
115.000	16
116.000	17
117.000	18
118.000	17
119.000	17
120.000	18
121.000	17
122.000	16
123.000	17
124.000	17
125.000	16
126.000	16
127.000	14
128.000	16
129.000	16
130.000	15
131.000	13
132.000	12
133.000	18
134.000	15
135.000	15
136.000	14
137.000	16
138.000	18
139.000	16
140.000	15
141.000	19
142.000	22
143.000	22
144.000	24
145.000	27
146.000	26
147.000	23
148.000	23
149.000	25
150.000	22
151.000	21
152.000	18
153.000	17
154.000	16
155.000	15
156.000	17
157.000	16
158.000	16
159.000	13
160.000	13
161.000	13
162.000	16
163.000	16
164.000	19
165.000	24
166.000	28
167.000	41
168.000	43
169.000	48
170.000	56
171.000	55
172.000	53
173.000	50
174.000	45
175.000	38
176.000	30
177.000	25
178.000	26
179.000	30
180.000	28
181.000	30
182.000	38
183.000	46
184.000	65
185.000	77
186.000	102
187.000	134
188.000	170
189.000	189
190.000	213
191.000	221
192.000	206
193.000	187
194.000	166
195.000	122
196.000	104
197.000	71
198.000	50
199.000	38
200.000	26
201.000	18
202.000	16
203.000	15
204.000	15
205.000	14
206.000	16
207.000	15
208.000	14
209.000	15
210.000	15
211.000	13
212.000	18
213.000	18
214.000	18
215.000	20
216.000	23
217.000	24
218.000	28
219.000	32
220.000	42
221.000	41
222.000	42
223.000	48
224.000	54
225.000	44
226.000	46
227.000	41
228.000	31
229.000	31
230.000	28
231.000	22
232.000	20
233.000	16
234.000	15
235.000	11
236.000	13
237.000	13
238.000	14
239.000	13
240.000	14
241.000	14
242.000	13
243.000	14
244.000	14
245.000	15
246.000	18
247.000	21
248.000	30
249.000	39
250.000	52
251.000	69
252.000	97
253.000	118
254.000	138
255.000	162
256.000	177
257.000	183
258.000	175
259.000	156
260.000	147
261.000	121
262.000	95
263.000	71
264.000	55
265.000	40
266.000	34
267.000	24
268.000	22
269.000	22
270.000	21
271.000	24
272.000	28
273.000	27
274.000	32
275.000	34
276.000	32
277.000	32
278.000	32
279.000	33
280.000	33
281.000	31
282.000	32
283.000	31
284.000	36
285.000	40
286.000	49
287.000	50
288.000	59
289.000	62
290.000	61
291.000	58
292.000	54
293.000	52
294.000	42
295.000	39
296.000	30
297.000	28
298.000	28
299.000	21
300.000	24
301.000	19
302.000	17
303.000	18
304.000	22
305.000	20
306.000	20
307.000	21
308.000	27
309.000	25
310.000	30
311.000	32
312.000	33
313.000	40
314.000	46
315.000	59
316.000	70
317.000	90
318.000	116
319.000	149
320.000	183
321.000	219
322.000	246
323.000	275
324.000	289
325.000	278
326.000	274
327.000	253
328.000	222
329.000	187
330.000	144
331.000	114
332.000	87
333.000	60
334.000	47
335.000	40
336.000	36
337.000	30
338.000	34
339.000	35
340.000	39
341.000	48
342.000	61
343.000	70
344.000	89
345.000	127
346.000	183
347.000	279
348.000	424
349.000	650
350.000	1025
351.000	1589
352.000	2428
353.000	3567
354.000	5074
355.000	6877
356.000	9058
357.000	11403
358.000	13562
359.000	15525
360.000	17003
361.000	17633
362.000	17502
363.000	16612
364.000	15065
365.000	12992
366.000	10670
367.000	8400
368.000	6336
369.000	4553
370.000	3085
371.000	2040
372.000	1290
373.000	793
374.000	498
375.000	311
376.000	204
377.000	160
378.000	145
379.000	160
380.000	186
381.000	246
382.000	331
383.000	447
384.000	596
385.000	804
386.000	1026
387.000	1333
388.000	1663
389.000	1955
390.000	2244
391.000	2510
392.000	2614
393.000	2655
394.000	2570
395.000	2409
396.000	2110
397.000	1802
398.000	1478
399.000	1189
400.000	883
401.000	623
402.000	447
403.000	288
404.000	186
405.000	120
406.000	75
407.000	48
408.000	30
409.000	19
410.000	13
411.000	10
412.000	11
413.000	8
414.000	7
415.000	8
416.000	9
417.000	7
418.000	7
419.000	5
420.000	8
421.000	8
422.000	8
423.000	10
424.000	10
425.000	11
426.000	12
427.000	14
428.000	17
429.000	21
430.000	25
431.000	39
432.000	49
433.000	64
434.000	84
435.000	102
436.000	122
437.000	152
438.000	181
439.000	191
440.000	203
441.000	214
442.000	210
443.000	191
444.000	175
445.000	151
446.000	133
447.000	113
448.000	87
449.000	73
450.000	60
451.000	43
452.000	42
453.000	36
454.000	34
455.000	33
456.000	29
457.000	28
458.000	25
459.000	21
460.000	21
461.000	17
462.000	17
463.000	18
464.000	15
465.000	17
466.000	15
467.000	18
468.000	18
469.000	17
470.000	15
471.000	19
472.000	22
473.000	23
474.000	25
475.000	26
476.000	32
477.000	35
478.000	40
479.000	44
480.000	47
481.000	44
482.000	47
483.000	49
484.000	46
485.000	44
486.000	41
487.000	36
488.000	34
489.000	31
490.000	24
491.000	22
492.000	21
493.000	19
494.000	17
495.000	18
496.000	15
497.000	17
498.000	16
499.000	14
500.000	15
501.000	17
502.000	17
503.000	17
504.000	16
505.000	17
506.000	18
507.000	19
508.000	17
509.000	20
510.000	17
511.000	19
512.000	20
513.000	23
514.000	21
515.000	23
516.000	23
517.000	25
518.000	24
519.000	26
520.000	29
521.000	27
522.000	32
523.000	33
524.000	37
525.000	42
526.000	41
527.000	44
528.000	45
529.000	44
530.000	42
531.000	42
532.000	43
533.000	38
534.000	36
535.000	31
536.000	30
537.000	28
538.000	27
539.000	22
540.000	24
541.000	22
542.000	20
543.000	22
544.000	18
545.000	20
546.000	20
547.000	21
548.000	20
549.000	21
550.000	23
551.000	23
552.000	23
553.000	25
554.000	24
555.000	23
556.000	22
557.000	23
558.000	25
559.000	23
560.000	27
561.000	26
562.000	30
563.000	31
564.000	33
565.000	38
566.000	40
567.000	46
568.000	48
569.000	62
570.000	60
571.000	69
572.000	71
573.000	81
574.000	85
575.000	86
576.000	90
577.000	97
578.000	90
579.000	83
580.000	80
581.000	74
582.000	70
583.000	61
584.000	54
585.000	46
586.000	45
587.000	39
588.000	34
589.000	33
590.000	30
591.000	28
592.000	31
593.000	29
594.000	30
595.000	27
596.000	32
597.000	29
598.000	31
599.000	30
600.000	32
601.000	34
602.000	37
603.000	39
604.000	44
605.000	50
606.000	63
607.000	73
608.000	98
609.000	127
610.000	180
611.000	254
612.000	339
613.000	492
614.000	680
615.000	914
616.000	1209
617.000	1567
618.000	1966
619.000	2393
620.000	2846
621.000	3298
622.000	3642
623.000	3968
624.000	4240
625.000	4328
626.000	4305
627.000	4171
628.000	3912
629.000	3548
630.000	3147
631.000	2688
632.000	2225
633.000	1814
634.000	1458
635.000	1109
636.000	820
637.000	621
638.000	446
639.000	304
640.000	229
641.000	161
642.000	126
643.000	101
644.000	80
645.000	71
646.000	64
647.000	59
648.000	59
649.000	57
650.000	53
651.000	56
652.000	55
653.000	50
654.000	52
655.000	52
656.000	53
657.000	59
658.000	54
659.000	53
660.000	55
661.000	56
662.000	59
663.000	60
664.000	59
665.000	57
666.000	60
667.000	65
668.000	67
669.000	68
670.000	72
671.000	81
672.000	88
673.000	94
674.000	102
675.000	123
676.000	135
677.000	164
678.000	210
679.000	230
680.000	292
681.000	352
682.000	395
683.000	469
684.000	549
685.000	613
686.000	641
687.000	684
688.000	732
689.000	731
690.000	725
691.000	709
692.000	657
693.000	612
694.000	555
695.000	484
696.000	421
697.000	353
698.000	289
699.000	252
700.000	192
701.000	158
702.000	139
703.000	105
704.000	100
705.000	84
706.000	76
707.000	65
708.000	62
709.000	56
710.000	60
711.000	56
712.000	59
713.000	62
714.000	60
715.000	60
716.000	72
717.000	68
718.000	73
719.000	76
720.000	77
721.000	75
722.000	78
723.000	81
724.000	84
725.000	83
726.000	85
727.000	87
728.000	88
729.000	88
730.000	86
731.000	84
732.000	83
733.000	83
734.000	77
735.000	78
736.000	76
737.000	72
738.000	69
739.000	75
740.000	67
741.000	73
742.000	67
743.000	68
744.000	66
745.000	66
746.000	70
747.000	67
748.000	69
749.000	67
750.000	69
751.000	72
752.000	67
753.000	66
754.000	68
755.000	69
756.000	66
757.000	67
758.000	70
759.000	69
760.000	70
761.000	67
762.000	72
763.000	72
764.000	69
765.000	69
766.000	70
767.000	77
768.000	74
769.000	75
770.000	72
771.000	78
772.000	80
773.000	79
774.000	83
775.000	84
776.000	93
777.000	98
778.000	95
779.000	101
780.000	98
781.000	106
782.000	108
783.000	111
784.000	112
785.000	126
786.000	125
787.000	131
788.000	132
789.000	130
790.000	134
791.000	129
792.000	128
793.000	135
794.000	136
795.000	135
796.000	138
797.000	136
798.000	143
799.000	136
800.000	138
801.000	145
802.000	136
803.000	145
804.000	144
805.000	145
806.000	157
807.000	159
808.000	164
809.000	166
810.000	183
811.000	187
812.000	198
813.000	219
814.000	240
815.000	245
816.000	257
817.000	263
818.000	275
819.000	282
820.000	276
821.000	270
822.000	268
823.000	259
824.000	236
825.000	225
826.000	206
827.000	193
828.000	186
829.000	166
830.000	157
831.000	148
832.000	138
833.000	131
834.000	128
835.000	121
836.000	122
837.000	121
838.000	119
839.000	116
840.000	124
841.000	126
842.000	130
843.000	124
844.000	126
845.000	122
846.000	128
847.000	119
848.000	119
849.000	118
850.000	110
851.000	119
852.000	123
853.000	112
854.000	115
855.000	110
856.000	114
857.000	120
858.000	109
859.000	112
860.000	111
861.000	114
862.000	116
863.000	113
864.000	110
865.000	112
866.000	108
867.000	115
868.000	111
869.000	111
870.000	114
871.000	112
872.000	115
873.000	115
874.000	115
875.000	117
876.000	114
877.000	116
878.000	114
879.000	117
880.000	118
881.000	113
882.000	112
883.000	116
884.000	117
885.000	118
886.000	118
887.000	117
888.000	115
889.000	122
890.000	120
891.000	123
892.000	118
893.000	119
894.000	116
895.000	132
896.000	127
897.000	133
898.000	129
899.000	137
900.000	137
901.000	137
902.000	140
903.000	149
904.000	152
905.000	144
906.000	151
907.000	147
908.000	161
909.000	156
910.000	159
911.000	155
912.000	160
913.000	163
914.000	159
915.000	166
916.000	167
917.000	165
918.000	165
919.000	174
920.000	174
921.000	173
922.000	175
923.000	176
924.000	179
925.000	172
926.000	183
927.000	177
928.000	181
929.000	187
930.000	193
931.000	198
932.000	197
933.000	203
934.000	215
935.000	210
936.000	215
937.000	222
938.000	231
939.000	236
940.000	246
941.000	258
942.000	247
943.000	247
944.000	256
945.000	250
946.000	243
947.000	251
948.000	240
949.000	238
950.000	222
951.000	214
952.000	208
953.000	206
954.000	198
955.000	188
956.000	180
957.000	180
958.000	183
959.000	173
960.000	170
961.000	171
962.000	166
963.000	170
964.000	167
965.000	176
966.000	182
967.000	182
968.000	182
969.000	174
970.000	180
971.000	180
972.000	181
973.000	177
974.000	177
975.000	172
976.000	173
977.000	179
978.000	168
979.000	155
980.000	160
981.000	157
982.000	156
983.000	151
984.000	151
985.000	142
986.000	149
987.000	138
988.000	147
989.000	144
990.000	137
991.000	141
992.000	139
993.000	134
994.000	135
995.000	130
996.000	135
997.000	141
998.000	133
999.000	136
1000.000	134
1001.000	132
1002.000	138
1003.000	135
1004.000	137
1005.000	127
1006.000	130
1007.000	127
1008.000	127
1009.000	126
1010.000	125
1011.000	135
1012.000	127
1013.000	128
1014.000	135
1015.000	132
1016.000	134
1017.000	131
1018.000	126
1019.000	140
1020.000	133
1021.000	139
1022.000	140
1023.000	137
1024.000	131
1025.000	139
1026.000	139
1027.000	142
1028.000	137
1029.000	142
1030.000	135
1031.000	139
1032.000	135
1033.000	138
1034.000	139
1035.000	144
1036.000	138
1037.000	142
1038.000	140
1039.000	135
1040.000	141
1041.000	140
1042.000	139
1043.000	148
1044.000	141
1045.000	148
1046.000	146
1047.000	150
1048.000	147
1049.000	143
1050.000	152
1051.000	153
1052.000	145
1053.000	154
1054.000	151
1055.000	153
1056.000	153
1057.000	154
1058.000	154
1059.000	154
1060.000	154
1061.000	158
1062.000	152
1063.000	155
1064.000	153
1065.000	151
1066.000	147
1067.000	157
1068.000	166
1069.000	150
1070.000	157
1071.000	159
1072.000	155
1073.000	151
1074.000	152
1075.000	155
1076.000	155
1077.000	153
1078.000	157
1079.000	155
1080.000	160
1081.000	151
1082.000	159
1083.000	157
1084.000	158
1085.000	153
1086.000	159
1087.000	158
1088.000	158
1089.000	152
1090.000	158
1091.000	160
1092.000	161
1093.000	160
1094.000	163
1095.000	162
1096.000	162
1097.000	162
1098.000	167
1099.000	174
1100.000	173
1101.000	167
1102.000	163
1103.000	173
1104.000	168
1105.000	167
1106.000	164
1107.000	156
1108.000	165
1109.000	159
1110.000	166
1111.000	157
1112.000	158
1113.000	153
1114.000	161
1115.000	158
1116.000	156
1117.000	158
1118.000	155
1119.000	152
1120.000	158
1121.000	159
1122.000	159
1123.000	158
1124.000	153
1125.000	158
1126.000	161
1127.000	154
1128.000	162
1129.000	158
1130.000	156
1131.000	155
1132.000	161
1133.000	158
1134.000	150
1135.000	155
1136.000	161
1137.000	161
1138.000	158
1139.000	161
1140.000	161
1141.000	153
1142.000	163
1143.000	165
1144.000	161
1145.000	160
1146.000	161
1147.000	169
1148.000	161
1149.000	169
1150.000	166
1151.000	170
1152.000	167
1153.000	175
1154.000	186
1155.000	170
1156.000	175
1157.000	184
1158.000	178
1159.000	186
1160.000	186
1161.000	188
1162.000	185
1163.000	191
1164.000	188
1165.000	176
1166.000	192
1167.000	188
1168.000	176
1169.000	172
1170.000	175
1171.000	168
1172.000	172
1173.000	173
1174.000	168
1175.000	161
1176.000	167
1177.000	166
1178.000	150
1179.000	155
1180.000	163
1181.000	153
1182.000	153
1183.000	156
1184.000	156
1185.000	154
1186.000	155
1187.000	154
1188.000	157
1189.000	158
1190.000	161
1191.000	155
1192.000	156
1193.000	151
1194.000	163
1195.000	157
1196.000	166
1197.000	161
1198.000	158
1199.000	161
1200.000	154
1201.000	160
1202.000	164
1203.000	163
1204.000	161
1205.000	157
1206.000	164
1207.000	161
1208.000	165
1209.000	162
1210.000	158
1211.000	161
1212.000	170
1213.000	164
1214.000	163
1215.000	160
1216.000	171
1217.000	163
1218.000	174
1219.000	163
1220.000	160
1221.000	160
1222.000	163
1223.000	158
1224.000	169
1225.000	173
1226.000	163
1227.000	166
1228.000	159
1229.000	163
1230.000	160
1231.000	162
1232.000	171
1233.000	167
1234.000	163
1235.000	164
1236.000	168
1237.000	173
1238.000	163
1239.000	171
1240.000	170
1241.000	159
1242.000	164
1243.000	176
1244.000	167
1245.000	167
1246.000	171
1247.000	159
1248.000	167
1249.000	168
1250.000	174
1251.000	165
1252.000	164
1253.000	166
1254.000	169
1255.000	163
1256.000	177
1257.000	156
1258.000	169
1259.000	165
1260.000	168
1261.000	169
1262.000	167
1263.000	162
1264.000	161
1265.000	159
1266.000	164
1267.000	167
1268.000	173
1269.000	169
1270.000	163
1271.000	164
1272.000	164
1273.000	165
1274.000	160
1275.000	163
1276.000	167
1277.000	156
1278.000	163
1279.000	167
1280.000	167
1281.000	161
1282.000	169
1283.000	175
1284.000	166
1285.000	166
1286.000	166
1287.000	170
1288.000	170
1289.000	168
1290.000	171
1291.000	167
1292.000	179
1293.000	173
1294.000	175
1295.000	175
1296.000	175
1297.000	183
1298.000	184
1299.000	183
1300.000	187
1301.000	182
1302.000	185
1303.000	187
1304.000	189
1305.000	181
1306.000	187
1307.000	193
1308.000	186
1309.000	182
1310.000	180
1311.000	187
1312.000	181
1313.000	184
1314.000	182
1315.000	171
1316.000	171
1317.000	177
1318.000	178
1319.000	175
1320.000	171
1321.000	168
1322.000	176
1323.000	168
1324.000	171
1325.000	164
1326.000	170
1327.000	175
1328.000	174
1329.000	171
1330.000	168
1331.000	170
1332.000	170
1333.000	173
1334.000	167
1335.000	169
1336.000	171
1337.000	176
1338.000	179
1339.000	173
1340.000	170
1341.000	169
1342.000	171
1343.000	173
1344.000	177
1345.000	175
1346.000	173
1347.000	176
1348.000	176
1349.000	179
1350.000	174
1351.000	178
1352.000	179
1353.000	186
1354.000	187
1355.000	195
1356.000	200
1357.000	210
1358.000	217
1359.000	221
1360.000	241
1361.000	257
1362.000	268
1363.000	302
1364.000	329
1365.000	351
1366.000	386
1367.000	434
1368.000	484
1369.000	520
1370.000	571
1371.000	630
1372.000	669
1373.000	716
1374.000	753
1375.000	801
1376.000	841
1377.000	851
1378.000	881
1379.000	904
1380.000	912
1381.000	904
1382.000	890
1383.000	836
1384.000	823
1385.000	778
1386.000	734
1387.000	677
1388.000	629
1389.000	590
1390.000	530
1391.000	486
1392.000	434
1393.000	399
1394.000	349
1395.000	326
1396.000	295
1397.000	265
1398.000	252
1399.000	233
1400.000	218
1401.000	210
1402.000	196
1403.000	190
1404.000	181
1405.000	177
1406.000	178
1407.000	175
1408.000	169
1409.000	170
1410.000	171
1411.000	170
1412.000	161
1413.000	176
1414.000	166
1415.000	172
1416.000	165
1417.000	166
1418.000	174
1419.000	167
1420.000	170
1421.000	165
1422.000	172
1423.000	170
1424.000	164
1425.000	170
1426.000	165
1427.000	168
1428.000	170
1429.000	168
1430.000	173
1431.000	167
1432.000	169
1433.000	171
1434.000	170
1435.000	164
1436.000	178
1437.000	172
1438.000	172
1439.000	174
1440.000	175
1441.000	170
1442.000	173
1443.000	175
1444.000	180
1445.000	178
1446.000	176
1447.000	174
1448.000	174
1449.000	176
1450.000	177
1451.000	170
1452.000	185
1453.000	181
1454.000	184
1455.000	186
1456.000	177
1457.000	180
1458.000	183
1459.000	184
1460.000	185
1461.000	177
1462.000	178
1463.000	182
1464.000	186
1465.000	178
1466.000	183
1467.000	188
1468.000	181
1469.000	180
1470.000	185
1471.000	180
1472.000	176
1473.000	179
1474.000	181
1475.000	169
1476.000	180
1477.000	177
1478.000	174
1479.000	178
1480.000	170
1481.000	181
1482.000	174
1483.000	173
1484.000	173
1485.000	176
1486.000	167
1487.000	173
1488.000	178
1489.000	172
1490.000	175
1491.000	176
1492.000	174
1493.000	174
1494.000	176
1495.000	184
1496.000	173
1497.000	183
1498.000	180
1499.000	179
1500.000	171
1501.000	171
1502.000	184
1503.000	180
1504.000	182
1505.000	175
1506.000	179
1507.000	177
1508.000	177
1509.000	180
1510.000	179
1511.000	183
1512.000	192
1513.000	185
1514.000	192
1515.000	188
1516.000	184
1517.000	186
1518.000	195
1519.000	184
1520.000	192
1521.000	191
1522.000	200
1523.000	198
1524.000	205
1525.000	211
1526.000	217
1527.000	220
1528.000	217
1529.000	231
1530.000	236
1531.000	248
1532.000	253
1533.000	257
1534.000	264
1535.000	277
1536.000	287
1537.000	301
1538.000	299
1539.000	307
1540.000	328
1541.000	325
1542.000	330
1543.000	336
1544.000	339
1545.000	324
1546.000	345
1547.000	332
1548.000	322
1549.000	322
1550.000	310
1551.000	306
1552.000	307
1553.000	291
1554.000	286
1555.000	276
1556.000	282
1557.000	276
1558.000	272
1559.000	269
1560.000	269
1561.000	268
1562.000	268
1563.000	277
1564.000	267
1565.000	271
1566.000	277
1567.000	273
1568.000	280
1569.000	286
1570.000	291
1571.000	306
1572.000	307
1573.000	317
1574.000	311
1575.000	320
1576.000	336
1577.000	340
1578.000	346
1579.000	348
1580.000	368
1581.000	381
1582.000	390
1583.000	401
1584.000	411
1585.000	434
1586.000	426
1587.000	440
1588.000	449
1589.000	461
1590.000	475
1591.000	485
1592.000	501
1593.000	510
1594.000	520
1595.000	531
1596.000	529
1597.000	547
1598.000	559
1599.000	562
1600.000	568
1601.000	582
1602.000	581
1603.000	594
1604.000	595
1605.000	607
1606.000	614
1607.000	613
1608.000	610
1609.000	606
1610.000	620
1611.000	602
1612.000	604
1613.000	587
1614.000	599
1615.000	583
1616.000	577
1617.000	565
1618.000	560
1619.000	554
1620.000	552
1621.000	548
1622.000	525
1623.000	514
1624.000	512
1625.000	502
1626.000	490
1627.000	485
1628.000	467
1629.000	457
1630.000	440
1631.000	432
1632.000	419
1633.000	415
1634.000	402
1635.000	379
1636.000	383
1637.000	353
1638.000	352
1639.000	341
1640.000	328
1641.000	330
1642.000	318
1643.000	303
1644.000	297
1645.000	282
1646.000	287
1647.000	274
1648.000	263
1649.000	258
1650.000	264
1651.000	240
1652.000	241
1653.000	230
1654.000	230
1655.000	223
1656.000	216
1657.000	212
1658.000	209
1659.000	204
1660.000	204
1661.000	204
1662.000	194
1663.000	187
1664.000	185
1665.000	189
1666.000	189
1667.000	177
1668.000	181
1669.000	182
1670.000	176
1671.000	182
1672.000	179
1673.000	191
1674.000	181
1675.000	179
1676.000	193
1677.000	202
1678.000	206
1679.000	203
1680.000	221
1681.000	215
1682.000	234
1683.000	244
1684.000	259
1685.000	276
1686.000	289
1687.000	316
1688.000	324
1689.000	345
1690.000	379
1691.000	393
1692.000	409
1693.000	421
1694.000	451
1695.000	477
1696.000	503
1697.000	514
1698.000	516
1699.000	539
1700.000	541
1701.000	548
1702.000	551
1703.000	545
1704.000	537
1705.000	524
1706.000	505
1707.000	495
1708.000	490
1709.000	449
1710.000	433
1711.000	392
1712.000	381
1713.000	358
1714.000	339
1715.000	306
1716.000	284
1717.000	260
1718.000	243
1719.000	234
1720.000	222
1721.000	206
1722.000	194
1723.000	181
1724.000	173
1725.000	165
1726.000	166
1727.000	157
1728.000	148
1729.000	143
1730.000	142
1731.000	148
1732.000	141
1733.000	134
1734.000	143
1735.000	146
1736.000	141
1737.000	141
1738.000	134
1739.000	140
1740.000	139
1741.000	147
1742.000	145
1743.000	138
1744.000	146
1745.000	144
1746.000	143
1747.000	143
1748.000	144
1749.000	137
1750.000	144
1751.000	143
1752.000	145
1753.000	142
1754.000	145
1755.000	144
1756.000	149
1757.000	147
1758.000	145
1759.000	152
1760.000	151
1761.000	158
1762.000	152
1763.000	156
1764.000	163
1765.000	155
1766.000	158
1767.000	161
1768.000	161
1769.000	166
1770.000	164
1771.000	168
1772.000	169
1773.000	170
1774.000	173
1775.000	174
1776.000	178
1777.000	175
1778.000	178
1779.000	185
1780.000	183
1781.000	189
1782.000	180
1783.000	185
1784.000	192
1785.000	192
1786.000	193
1787.000	188
1788.000	192
1789.000	186
1790.000	189
1791.000	192
1792.000	193
1793.000	192
1794.000	190
1795.000	197
1796.000	184
1797.000	197
1798.000	199
1799.000	188
1800.000	194
1801.000	194
1802.000	187
1803.000	186
1804.000	187
1805.000	190
1806.000	188
1807.000	186
1808.000	174
1809.000	180
1810.000	180
1811.000	177
1812.000	177
1813.000	174
1814.000	170
1815.000	168
1816.000	161
1817.000	168
1818.000	160
1819.000	156
1820.000	155
1821.000	149
1822.000	153
1823.000	147
1824.000	144
1825.000	154
1826.000	135
1827.000	141
1828.000	133
1829.000	136
1830.000	132
1831.000	135
1832.000	129
1833.000	119
1834.000	125
1835.000	121
1836.000	121
1837.000	115
1838.000	114
1839.000	117
1840.000	121
1841.000	106
1842.000	110
1843.000	109
1844.000	109
1845.000	109
1846.000	103
1847.000	106
1848.000	102
1849.000	100
1850.000	102
1851.000	99
1852.000	98
1853.000	88
1854.000	95
1855.000	96
1856.000	90
1857.000	86
1858.000	89
1859.000	85
1860.000	91
1861.000	87
1862.000	88
1863.000	88
1864.000	83
1865.000	88
1866.000	83
1867.000	81
1868.000	82
1869.000	78
1870.000	80
1871.000	82
1872.000	77
1873.000	79
1874.000	77
1875.000	78
1876.000	74
1877.000	78
1878.000	78
1879.000	79
1880.000	75
1881.000	75
1882.000	76
1883.000	74
1884.000	77
1885.000	74
1886.000	74
1887.000	75
1888.000	79
1889.000	80
1890.000	77
1891.000	77
1892.000	74
1893.000	79
1894.000	82
1895.000	86
1896.000	87
1897.000	87
1898.000	89
1899.000	94
1900.000	98
1901.000	101
1902.000	97
1903.000	110
1904.000	113
1905.000	111
1906.000	115
1907.000	120
1908.000	121
1909.000	125
1910.000	119
1911.000	122
1912.000	122
1913.000	120
1914.000	122
1915.000	117
1916.000	113
1917.000	113
1918.000	110
1919.000	102
1920.000	103
1921.000	100
1922.000	97
1923.000	93
1924.000	93
1925.000	87
1926.000	79
1927.000	74
1928.000	77
1929.000	80
1930.000	76
1931.000	69
1932.000	69
1933.000	74
1934.000	71
1935.000	70
1936.000	68
1937.000	67
1938.000	70
1939.000	67
1940.000	68
1941.000	69
1942.000	68
1943.000	67
1944.000	70
1945.000	64
1946.000	64
1947.000	63
1948.000	63
1949.000	63
1950.000	63
1951.000	63
1952.000	65
1953.000	62
1954.000	58
1955.000	59
1956.000	58
1957.000	59
1958.000	60
1959.000	60
1960.000	53
1961.000	56
1962.000	53
1963.000	58
1964.000	58
1965.000	56
1966.000	55
1967.000	54
1968.000	51
1969.000	53
1970.000	52
1971.000	48
1972.000	50
1973.000	51
1974.000	50
1975.000	53
1976.000	56
1977.000	53
1978.000	49
1979.000	49
1980.000	53
1981.000	50
1982.000	52
1983.000	52
1984.000	51
1985.000	56
1986.000	51
1987.000	54
1988.000	50
1989.000	49
1990.000	50
1991.000	50
1992.000	49
1993.000	46
1994.000	48
1995.000	50
1996.000	49
1997.000	52
1998.000	49
1999.000	52
2000.000	46
2001.000	52
2002.000	47
2003.000	52
2004.000	51
2005.000	49
2006.000	49
2007.000	47
2008.000	51
2009.000	48
2010.000	50
2011.000	46
2012.000	46
2013.000	53
2014.000	49
2015.000	50
2016.000	49
2017.000	46
2018.000	47
2019.000	47
2020.000	45
2021.000	46
2022.000	49
2023.000	48
2024.000	48
2025.000	47
2026.000	51
2027.000	47
2028.000	45
2029.000	49
2030.000	50
2031.000	50
2032.000	46
2033.000	50
2034.000	47
2035.000	45
2036.000	50
2037.000	48
2038.000	47
2039.000	44
2040.000	44
2041.000	46
2042.000	48
2043.000	43
2044.000	50
2045.000	48
2046.000	49
2047.000	45
2048.000	0
