Date:	17-Sep-20		Time:	11:47 PM		Version no:	0.00		Project name:	55		Sample name:	222		Section name:	section		Position	0.000000	mm	E0	0.000000	keV	E1	1.000000	keV/channel	sample surface	2.000000	cm	Tube anode:	Mo		Tube voltage:	30	kV	Tube current:	30	mA	gain	15		std. database			resultfile	result		matrix element	11		sample thickness	1.000000		air passage	0.560000	cm	comments	not in position		peaking_time	0.300000	m-sec	trigger_threshold	40.000000	V	mca_bin_width	2.000000	no:	number_mca_channels	2048.000000	no:	gap_time	2048.000000	m-sec	trigger_peaking_time	2048.000000	m-sec	GAINDAC	400		HIGHGAIN	400		TAURC	400		RCTAU	400		RCTAUFRAC	400		livetime	13.014294	seconds	runtime	15.000232	seconds	input_count_rate	80431.410221	cps	output_count_rate	69782.785033	cps	triggers	1173264	seconds	events_in_run	1020480	seconds	channel	content		1.000	0
2.000	0
3.000	0
4.000	0
5.000	0
6.000	0
7.000	0
8.000	0
9.000	0
10.000	0
11.000	0
12.000	0
13.000	0
14.000	0
15.000	0
16.000	0
17.000	0
18.000	0
19.000	0
20.000	0
21.000	0
22.000	0
23.000	0
24.000	0
25.000	0
26.000	0
27.000	0
28.000	0
29.000	0
30.000	0
31.000	1
32.000	0
33.000	0
34.000	1
35.000	1
36.000	0
37.000	0
38.000	0
39.000	0
40.000	1
41.000	0
42.000	0
43.000	0
44.000	1
45.000	0
46.000	0
47.000	1
48.000	1
49.000	0
50.000	1
51.000	2
52.000	3
53.000	3
54.000	4
55.000	5
56.000	8
57.000	12
58.000	14
59.000	19
60.000	20
61.000	23
62.000	29
63.000	29
64.000	31
65.000	30
66.000	29
67.000	28
68.000	25
69.000	23
70.000	22
71.000	22
72.000	25
73.000	26
74.000	27
75.000	24
76.000	23
77.000	24
78.000	24
79.000	22
80.000	24
81.000	22
82.000	23
83.000	23
84.000	25
85.000	24
86.000	28
87.000	26
88.000	25
89.000	24
90.000	23
91.000	26
92.000	26
93.000	22
94.000	24
95.000	21
96.000	20
97.000	21
98.000	21
99.000	22
100.000	20
101.000	21
102.000	21
103.000	21
104.000	21
105.000	20
106.000	21
107.000	21
108.000	19
109.000	20
110.000	17
111.000	17
112.000	18
113.000	18
114.000	18
115.000	19
116.000	15
117.000	17
118.000	16
119.000	18
120.000	16
121.000	16
122.000	18
123.000	17
124.000	16
125.000	17
126.000	16
127.000	18
128.000	16
129.000	16
130.000	18
131.000	16
132.000	15
133.000	15
134.000	15
135.000	16
136.000	16
137.000	16
138.000	14
139.000	16
140.000	18
141.000	21
142.000	21
143.000	22
144.000	26
145.000	27
146.000	28
147.000	27
148.000	27
149.000	22
150.000	20
151.000	22
152.000	20
153.000	17
154.000	17
155.000	21
156.000	18
157.000	16
158.000	16
159.000	14
160.000	14
161.000	14
162.000	15
163.000	16
164.000	21
165.000	24
166.000	36
167.000	44
168.000	49
169.000	58
170.000	60
171.000	61
172.000	59
173.000	55
174.000	49
175.000	41
176.000	33
177.000	33
178.000	33
179.000	29
180.000	33
181.000	38
182.000	44
183.000	52
184.000	67
185.000	91
186.000	128
187.000	162
188.000	201
189.000	217
190.000	248
191.000	262
192.000	247
193.000	222
194.000	187
195.000	151
196.000	118
197.000	86
198.000	60
199.000	38
200.000	31
201.000	24
202.000	17
203.000	20
204.000	17
205.000	18
206.000	17
207.000	17
208.000	15
209.000	17
210.000	18
211.000	17
212.000	18
213.000	19
214.000	23
215.000	22
216.000	24
217.000	27
218.000	36
219.000	38
220.000	45
221.000	46
222.000	53
223.000	51
224.000	47
225.000	47
226.000	46
227.000	41
228.000	37
229.000	30
230.000	26
231.000	24
232.000	20
233.000	18
234.000	14
235.000	15
236.000	14
237.000	13
238.000	13
239.000	15
240.000	14
241.000	14
242.000	14
243.000	14
244.000	16
245.000	15
246.000	20
247.000	21
248.000	29
249.000	38
250.000	51
251.000	64
252.000	82
253.000	104
254.000	119
255.000	147
256.000	159
257.000	156
258.000	152
259.000	138
260.000	132
261.000	106
262.000	83
263.000	68
264.000	55
265.000	37
266.000	28
267.000	27
268.000	23
269.000	21
270.000	22
271.000	26
272.000	26
273.000	29
274.000	29
275.000	33
276.000	31
277.000	29
278.000	30
279.000	31
280.000	29
281.000	32
282.000	36
283.000	39
284.000	40
285.000	53
286.000	61
287.000	66
288.000	78
289.000	81
290.000	83
291.000	78
292.000	72
293.000	70
294.000	60
295.000	46
296.000	41
297.000	35
298.000	31
299.000	24
300.000	24
301.000	27
302.000	21
303.000	25
304.000	24
305.000	22
306.000	25
307.000	26
308.000	29
309.000	29
310.000	32
311.000	37
312.000	38
313.000	43
314.000	49
315.000	62
316.000	74
317.000	85
318.000	113
319.000	145
320.000	175
321.000	222
322.000	247
323.000	269
324.000	284
325.000	290
326.000	271
327.000	242
328.000	212
329.000	182
330.000	143
331.000	118
332.000	87
333.000	69
334.000	50
335.000	38
336.000	38
337.000	36
338.000	40
339.000	39
340.000	45
341.000	56
342.000	68
343.000	90
344.000	104
345.000	149
346.000	208
347.000	317
348.000	486
349.000	767
350.000	1232
351.000	1920
352.000	2894
353.000	4220
354.000	6053
355.000	8209
356.000	10814
357.000	13551
358.000	16188
359.000	18435
360.000	20230
361.000	20984
362.000	20786
363.000	19811
364.000	17997
365.000	15426
366.000	12774
367.000	9993
368.000	7529
369.000	5385
370.000	3702
371.000	2470
372.000	1561
373.000	959
374.000	597
375.000	365
376.000	242
377.000	188
378.000	172
379.000	189
380.000	222
381.000	291
382.000	383
383.000	517
384.000	710
385.000	954
386.000	1252
387.000	1577
388.000	1962
389.000	2348
390.000	2664
391.000	2946
392.000	3104
393.000	3102
394.000	3060
395.000	2814
396.000	2496
397.000	2137
398.000	1750
399.000	1376
400.000	1013
401.000	739
402.000	517
403.000	333
404.000	223
405.000	134
406.000	88
407.000	53
408.000	32
409.000	24
410.000	15
411.000	11
412.000	8
413.000	10
414.000	8
415.000	8
416.000	8
417.000	10
418.000	8
419.000	7
420.000	6
421.000	10
422.000	8
423.000	7
424.000	9
425.000	10
426.000	11
427.000	11
428.000	17
429.000	20
430.000	26
431.000	35
432.000	48
433.000	65
434.000	79
435.000	99
436.000	119
437.000	150
438.000	164
439.000	180
440.000	195
441.000	189
442.000	175
443.000	178
444.000	164
445.000	143
446.000	122
447.000	104
448.000	84
449.000	66
450.000	54
451.000	43
452.000	37
453.000	33
454.000	31
455.000	32
456.000	28
457.000	29
458.000	27
459.000	23
460.000	21
461.000	17
462.000	19
463.000	16
464.000	16
465.000	17
466.000	16
467.000	16
468.000	14
469.000	18
470.000	19
471.000	19
472.000	21
473.000	23
474.000	25
475.000	28
476.000	32
477.000	33
478.000	34
479.000	40
480.000	42
481.000	48
482.000	46
483.000	46
484.000	46
485.000	44
486.000	43
487.000	36
488.000	33
489.000	30
490.000	24
491.000	22
492.000	20
493.000	17
494.000	16
495.000	16
496.000	15
497.000	16
498.000	14
499.000	15
500.000	16
501.000	16
502.000	16
503.000	18
504.000	17
505.000	19
506.000	17
507.000	19
508.000	18
509.000	19
510.000	22
511.000	19
512.000	21
513.000	23
514.000	22
515.000	26
516.000	21
517.000	24
518.000	26
519.000	25
520.000	26
521.000	28
522.000	29
523.000	35
524.000	37
525.000	40
526.000	46
527.000	44
528.000	43
529.000	44
530.000	42
531.000	42
532.000	40
533.000	38
534.000	32
535.000	36
536.000	32
537.000	30
538.000	27
539.000	22
540.000	22
541.000	20
542.000	21
543.000	22
544.000	22
545.000	21
546.000	20
547.000	21
548.000	22
549.000	21
550.000	25
551.000	23
552.000	24
553.000	23
554.000	26
555.000	27
556.000	26
557.000	27
558.000	24
559.000	26
560.000	29
561.000	34
562.000	32
563.000	32
564.000	42
565.000	44
566.000	48
567.000	57
568.000	65
569.000	77
570.000	84
571.000	97
572.000	103
573.000	111
574.000	121
575.000	125
576.000	130
577.000	128
578.000	125
579.000	118
580.000	109
581.000	97
582.000	83
583.000	73
584.000	65
585.000	59
586.000	49
587.000	44
588.000	36
589.000	34
590.000	33
591.000	30
592.000	30
593.000	28
594.000	27
595.000	29
596.000	28
597.000	29
598.000	31
599.000	30
600.000	32
601.000	31
602.000	37
603.000	39
604.000	43
605.000	50
606.000	61
607.000	73
608.000	95
609.000	125
610.000	168
611.000	239
612.000	346
613.000	470
614.000	651
615.000	879
616.000	1147
617.000	1491
618.000	1902
619.000	2283
620.000	2717
621.000	3115
622.000	3492
623.000	3807
624.000	3962
625.000	4136
626.000	4122
627.000	3938
628.000	3702
629.000	3331
630.000	2984
631.000	2539
632.000	2141
633.000	1718
634.000	1378
635.000	1055
636.000	793
637.000	590
638.000	423
639.000	307
640.000	222
641.000	163
642.000	129
643.000	93
644.000	81
645.000	68
646.000	66
647.000	59
648.000	56
649.000	58
650.000	52
651.000	50
652.000	49
653.000	53
654.000	53
655.000	50
656.000	54
657.000	53
658.000	54
659.000	58
660.000	54
661.000	56
662.000	57
663.000	57
664.000	61
665.000	63
666.000	60
667.000	64
668.000	66
669.000	71
670.000	77
671.000	79
672.000	86
673.000	91
674.000	110
675.000	123
676.000	137
677.000	166
678.000	195
679.000	231
680.000	283
681.000	338
682.000	386
683.000	458
684.000	512
685.000	567
686.000	608
687.000	664
688.000	678
689.000	691
690.000	683
691.000	671
692.000	635
693.000	594
694.000	522
695.000	453
696.000	395
697.000	329
698.000	278
699.000	236
700.000	193
701.000	154
702.000	131
703.000	106
704.000	80
705.000	76
706.000	64
707.000	65
708.000	63
709.000	57
710.000	59
711.000	61
712.000	56
713.000	63
714.000	64
715.000	66
716.000	67
717.000	72
718.000	73
719.000	74
720.000	76
721.000	85
722.000	80
723.000	94
724.000	88
725.000	88
726.000	89
727.000	86
728.000	91
729.000	91
730.000	93
731.000	90
732.000	84
733.000	87
734.000	78
735.000	84
736.000	80
737.000	76
738.000	74
739.000	77
740.000	69
741.000	67
742.000	65
743.000	65
744.000	67
745.000	68
746.000	66
747.000	68
748.000	68
749.000	66
750.000	65
751.000	72
752.000	72
753.000	63
754.000	73
755.000	69
756.000	63
757.000	65
758.000	69
759.000	66
760.000	68
761.000	68
762.000	71
763.000	66
764.000	72
765.000	69
766.000	73
767.000	73
768.000	72
769.000	75
770.000	73
771.000	78
772.000	79
773.000	78
774.000	84
775.000	83
776.000	89
777.000	94
778.000	94
779.000	101
780.000	105
781.000	111
782.000	105
783.000	116
784.000	116
785.000	122
786.000	121
787.000	125
788.000	126
789.000	128
790.000	133
791.000	133
792.000	135
793.000	134
794.000	134
795.000	139
796.000	136
797.000	135
798.000	135
799.000	140
800.000	131
801.000	139
802.000	145
803.000	143
804.000	144
805.000	147
806.000	150
807.000	170
808.000	175
809.000	180
810.000	187
811.000	204
812.000	220
813.000	229
814.000	249
815.000	271
816.000	284
817.000	284
818.000	296
819.000	296
820.000	296
821.000	300
822.000	288
823.000	279
824.000	268
825.000	240
826.000	226
827.000	209
828.000	194
829.000	179
830.000	165
831.000	153
832.000	141
833.000	134
834.000	127
835.000	124
836.000	125
837.000	119
838.000	122
839.000	121
840.000	119
841.000	126
842.000	123
843.000	127
844.000	122
845.000	122
846.000	121
847.000	121
848.000	123
849.000	123
850.000	124
851.000	122
852.000	124
853.000	114
854.000	116
855.000	116
856.000	117
857.000	115
858.000	112
859.000	120
860.000	114
861.000	107
862.000	118
863.000	119
864.000	111
865.000	113
866.000	114
867.000	117
868.000	112
869.000	112
870.000	118
871.000	112
872.000	112
873.000	112
874.000	111
875.000	115
876.000	112
877.000	114
878.000	118
879.000	113
880.000	108
881.000	114
882.000	118
883.000	113
884.000	112
885.000	118
886.000	109
887.000	114
888.000	119
889.000	116
890.000	122
891.000	120
892.000	116
893.000	123
894.000	122
895.000	132
896.000	136
897.000	137
898.000	131
899.000	134
900.000	138
901.000	137
902.000	138
903.000	140
904.000	151
905.000	149
906.000	146
907.000	149
908.000	163
909.000	155
910.000	156
911.000	164
912.000	165
913.000	161
914.000	163
915.000	166
916.000	169
917.000	167
918.000	165
919.000	167
920.000	174
921.000	172
922.000	168
923.000	174
924.000	174
925.000	176
926.000	176
927.000	185
928.000	186
929.000	192
930.000	201
931.000	198
932.000	198
933.000	206
934.000	211
935.000	215
936.000	225
937.000	231
938.000	231
939.000	242
940.000	239
941.000	260
942.000	254
943.000	260
944.000	251
945.000	253
946.000	255
947.000	255
948.000	232
949.000	220
950.000	225
951.000	215
952.000	207
953.000	208
954.000	194
955.000	193
956.000	191
957.000	179
958.000	175
959.000	173
960.000	176
961.000	178
962.000	178
963.000	176
964.000	179
965.000	168
966.000	178
967.000	182
968.000	179
969.000	184
970.000	182
971.000	180
972.000	178
973.000	180
974.000	178
975.000	174
976.000	185
977.000	171
978.000	164
979.000	163
980.000	165
981.000	164
982.000	147
983.000	156
984.000	146
985.000	144
986.000	148
987.000	142
988.000	136
989.000	143
990.000	138
991.000	131
992.000	140
993.000	140
994.000	133
995.000	142
996.000	129
997.000	134
998.000	134
999.000	128
1000.000	130
1001.000	131
1002.000	132
1003.000	129
1004.000	122
1005.000	126
1006.000	130
1007.000	133
1008.000	129
1009.000	129
1010.000	125
1011.000	131
1012.000	131
1013.000	136
1014.000	136
1015.000	128
1016.000	133
1017.000	133
1018.000	132
1019.000	136
1020.000	134
1021.000	131
1022.000	136
1023.000	133
1024.000	146
1025.000	131
1026.000	133
1027.000	133
1028.000	138
1029.000	137
1030.000	140
1031.000	139
1032.000	137
1033.000	143
1034.000	141
1035.000	147
1036.000	139
1037.000	141
1038.000	140
1039.000	140
1040.000	145
1041.000	139
1042.000	147
1043.000	140
1044.000	138
1045.000	148
1046.000	143
1047.000	145
1048.000	144
1049.000	143
1050.000	149
1051.000	147
1052.000	149
1053.000	155
1054.000	148
1055.000	155
1056.000	147
1057.000	147
1058.000	153
1059.000	149
1060.000	156
1061.000	155
1062.000	150
1063.000	153
1064.000	153
1065.000	147
1066.000	158
1067.000	157
1068.000	158
1069.000	159
1070.000	152
1071.000	150
1072.000	161
1073.000	152
1074.000	151
1075.000	152
1076.000	151
1077.000	160
1078.000	152
1079.000	152
1080.000	154
1081.000	151
1082.000	150
1083.000	159
1084.000	149
1085.000	153
1086.000	157
1087.000	152
1088.000	149
1089.000	157
1090.000	155
1091.000	158
1092.000	159
1093.000	159
1094.000	163
1095.000	164
1096.000	161
1097.000	163
1098.000	167
1099.000	167
1100.000	171
1101.000	165
1102.000	166
1103.000	172
1104.000	169
1105.000	167
1106.000	166
1107.000	169
1108.000	172
1109.000	165
1110.000	167
1111.000	160
1112.000	162
1113.000	151
1114.000	155
1115.000	157
1116.000	154
1117.000	156
1118.000	149
1119.000	156
1120.000	158
1121.000	160
1122.000	159
1123.000	156
1124.000	165
1125.000	150
1126.000	152
1127.000	156
1128.000	160
1129.000	154
1130.000	158
1131.000	166
1132.000	160
1133.000	165
1134.000	160
1135.000	164
1136.000	158
1137.000	162
1138.000	163
1139.000	161
1140.000	162
1141.000	157
1142.000	161
1143.000	163
1144.000	161
1145.000	163
1146.000	167
1147.000	159
1148.000	158
1149.000	172
1150.000	169
1151.000	168
1152.000	173
1153.000	171
1154.000	176
1155.000	167
1156.000	181
1157.000	175
1158.000	184
1159.000	177
1160.000	187
1161.000	181
1162.000	189
1163.000	192
1164.000	181
1165.000	185
1166.000	177
1167.000	176
1168.000	177
1169.000	178
1170.000	172
1171.000	167
1172.000	167
1173.000	171
1174.000	165
1175.000	161
1176.000	162
1177.000	160
1178.000	165
1179.000	150
1180.000	159
1181.000	158
1182.000	150
1183.000	164
1184.000	147
1185.000	155
1186.000	159
1187.000	157
1188.000	151
1189.000	156
1190.000	156
1191.000	157
1192.000	154
1193.000	153
1194.000	153
1195.000	160
1196.000	158
1197.000	160
1198.000	166
1199.000	159
1200.000	159
1201.000	158
1202.000	159
1203.000	162
1204.000	159
1205.000	164
1206.000	155
1207.000	162
1208.000	156
1209.000	159
1210.000	161
1211.000	156
1212.000	155
1213.000	161
1214.000	168
1215.000	171
1216.000	166
1217.000	162
1218.000	160
1219.000	161
1220.000	162
1221.000	164
1222.000	164
1223.000	161
1224.000	169
1225.000	162
1226.000	165
1227.000	163
1228.000	166
1229.000	161
1230.000	170
1231.000	161
1232.000	164
1233.000	163
1234.000	163
1235.000	166
1236.000	162
1237.000	165
1238.000	167
1239.000	161
1240.000	158
1241.000	175
1242.000	168
1243.000	168
1244.000	167
1245.000	163
1246.000	166
1247.000	165
1248.000	161
1249.000	164
1250.000	166
1251.000	160
1252.000	165
1253.000	170
1254.000	170
1255.000	159
1256.000	168
1257.000	166
1258.000	162
1259.000	159
1260.000	165
1261.000	162
1262.000	165
1263.000	158
1264.000	162
1265.000	166
1266.000	159
1267.000	166
1268.000	165
1269.000	161
1270.000	158
1271.000	169
1272.000	165
1273.000	163
1274.000	168
1275.000	160
1276.000	161
1277.000	166
1278.000	166
1279.000	164
1280.000	166
1281.000	166
1282.000	166
1283.000	166
1284.000	170
1285.000	160
1286.000	168
1287.000	166
1288.000	174
1289.000	158
1290.000	161
1291.000	166
1292.000	171
1293.000	168
1294.000	178
1295.000	176
1296.000	175
1297.000	181
1298.000	182
1299.000	181
1300.000	170
1301.000	181
1302.000	186
1303.000	184
1304.000	182
1305.000	180
1306.000	184
1307.000	183
1308.000	184
1309.000	186
1310.000	181
1311.000	175
1312.000	183
1313.000	172
1314.000	173
1315.000	181
1316.000	183
1317.000	173
1318.000	167
1319.000	169
1320.000	165
1321.000	166
1322.000	168
1323.000	179
1324.000	173
1325.000	170
1326.000	170
1327.000	170
1328.000	160
1329.000	165
1330.000	168
1331.000	171
1332.000	174
1333.000	164
1334.000	172
1335.000	166
1336.000	167
1337.000	171
1338.000	169
1339.000	158
1340.000	171
1341.000	170
1342.000	173
1343.000	168
1344.000	178
1345.000	177
1346.000	171
1347.000	168
1348.000	174
1349.000	180
1350.000	168
1351.000	167
1352.000	175
1353.000	182
1354.000	176
1355.000	183
1356.000	194
1357.000	197
1358.000	207
1359.000	221
1360.000	249
1361.000	247
1362.000	269
1363.000	298
1364.000	330
1365.000	343
1366.000	390
1367.000	418
1368.000	475
1369.000	484
1370.000	551
1371.000	591
1372.000	648
1373.000	704
1374.000	718
1375.000	764
1376.000	809
1377.000	826
1378.000	852
1379.000	867
1380.000	860
1381.000	861
1382.000	833
1383.000	833
1384.000	786
1385.000	757
1386.000	705
1387.000	666
1388.000	632
1389.000	566
1390.000	517
1391.000	471
1392.000	425
1393.000	387
1394.000	342
1395.000	319
1396.000	299
1397.000	252
1398.000	248
1399.000	218
1400.000	219
1401.000	196
1402.000	192
1403.000	190
1404.000	182
1405.000	168
1406.000	176
1407.000	169
1408.000	169
1409.000	173
1410.000	163
1411.000	170
1412.000	166
1413.000	176
1414.000	168
1415.000	169
1416.000	175
1417.000	171
1418.000	163
1419.000	167
1420.000	167
1421.000	160
1422.000	169
1423.000	166
1424.000	164
1425.000	163
1426.000	169
1427.000	171
1428.000	169
1429.000	167
1430.000	169
1431.000	162
1432.000	173
1433.000	166
1434.000	167
1435.000	168
1436.000	164
1437.000	172
1438.000	169
1439.000	174
1440.000	175
1441.000	170
1442.000	168
1443.000	173
1444.000	169
1445.000	174
1446.000	173
1447.000	172
1448.000	176
1449.000	184
1450.000	176
1451.000	182
1452.000	174
1453.000	179
1454.000	180
1455.000	176
1456.000	185
1457.000	180
1458.000	182
1459.000	181
1460.000	182
1461.000	181
1462.000	176
1463.000	182
1464.000	176
1465.000	185
1466.000	177
1467.000	175
1468.000	176
1469.000	181
1470.000	174
1471.000	177
1472.000	169
1473.000	174
1474.000	174
1475.000	174
1476.000	172
1477.000	174
1478.000	172
1479.000	174
1480.000	171
1481.000	172
1482.000	173
1483.000	172
1484.000	172
1485.000	164
1486.000	169
1487.000	176
1488.000	174
1489.000	172
1490.000	169
1491.000	173
1492.000	171
1493.000	174
1494.000	169
1495.000	173
1496.000	176
1497.000	176
1498.000	167
1499.000	175
1500.000	182
1501.000	181
1502.000	178
1503.000	175
1504.000	182
1505.000	174
1506.000	180
1507.000	186
1508.000	180
1509.000	180
1510.000	186
1511.000	181
1512.000	179
1513.000	179
1514.000	187
1515.000	181
1516.000	184
1517.000	187
1518.000	186
1519.000	190
1520.000	186
1521.000	195
1522.000	193
1523.000	198
1524.000	205
1525.000	203
1526.000	212
1527.000	213
1528.000	225
1529.000	219
1530.000	232
1531.000	231
1532.000	256
1533.000	255
1534.000	258
1535.000	282
1536.000	280
1537.000	299
1538.000	293
1539.000	302
1540.000	315
1541.000	321
1542.000	322
1543.000	330
1544.000	324
1545.000	323
1546.000	331
1547.000	328
1548.000	324
1549.000	314
1550.000	311
1551.000	299
1552.000	305
1553.000	286
1554.000	285
1555.000	279
1556.000	268
1557.000	265
1558.000	272
1559.000	268
1560.000	266
1561.000	266
1562.000	257
1563.000	258
1564.000	269
1565.000	266
1566.000	277
1567.000	272
1568.000	285
1569.000	280
1570.000	284
1571.000	297
1572.000	309
1573.000	317
1574.000	324
1575.000	316
1576.000	328
1577.000	334
1578.000	344
1579.000	364
1580.000	358
1581.000	380
1582.000	385
1583.000	388
1584.000	408
1585.000	414
1586.000	419
1587.000	428
1588.000	450
1589.000	456
1590.000	471
1591.000	475
1592.000	492
1593.000	508
1594.000	505
1595.000	535
1596.000	533
1597.000	535
1598.000	548
1599.000	549
1600.000	562
1601.000	567
1602.000	577
1603.000	591
1604.000	584
1605.000	598
1606.000	583
1607.000	609
1608.000	593
1609.000	585
1610.000	593
1611.000	588
1612.000	581
1613.000	578
1614.000	559
1615.000	583
1616.000	578
1617.000	563
1618.000	544
1619.000	528
1620.000	535
1621.000	522
1622.000	503
1623.000	496
1624.000	499
1625.000	479
1626.000	481
1627.000	461
1628.000	439
1629.000	434
1630.000	430
1631.000	407
1632.000	403
1633.000	384
1634.000	381
1635.000	363
1636.000	354
1637.000	354
1638.000	336
1639.000	332
1640.000	318
1641.000	309
1642.000	304
1643.000	289
1644.000	289
1645.000	275
1646.000	270
1647.000	262
1648.000	258
1649.000	247
1650.000	243
1651.000	237
1652.000	232
1653.000	232
1654.000	223
1655.000	216
1656.000	216
1657.000	218
1658.000	209
1659.000	202
1660.000	201
1661.000	187
1662.000	188
1663.000	192
1664.000	183
1665.000	188
1666.000	186
1667.000	185
1668.000	182
1669.000	178
1670.000	182
1671.000	171
1672.000	175
1673.000	180
1674.000	179
1675.000	178
1676.000	183
1677.000	184
1678.000	197
1679.000	210
1680.000	212
1681.000	222
1682.000	223
1683.000	249
1684.000	255
1685.000	280
1686.000	288
1687.000	315
1688.000	329
1689.000	346
1690.000	369
1691.000	398
1692.000	421
1693.000	428
1694.000	460
1695.000	472
1696.000	484
1697.000	517
1698.000	524
1699.000	535
1700.000	535
1701.000	538
1702.000	544
1703.000	530
1704.000	527
1705.000	523
1706.000	508
1707.000	488
1708.000	474
1709.000	454
1710.000	427
1711.000	402
1712.000	371
1713.000	358
1714.000	332
1715.000	302
1716.000	281
1717.000	262
1718.000	238
1719.000	225
1720.000	210
1721.000	198
1722.000	184
1723.000	171
1724.000	173
1725.000	162
1726.000	156
1727.000	152
1728.000	143
1729.000	146
1730.000	143
1731.000	145
1732.000	142
1733.000	141
1734.000	143
1735.000	138
1736.000	139
1737.000	141
1738.000	137
1739.000	140
1740.000	144
1741.000	145
1742.000	139
1743.000	136
1744.000	132
1745.000	137
1746.000	141
1747.000	142
1748.000	140
1749.000	130
1750.000	138
1751.000	137
1752.000	134
1753.000	143
1754.000	141
1755.000	147
1756.000	145
1757.000	149
1758.000	153
1759.000	148
1760.000	146
1761.000	149
1762.000	150
1763.000	159
1764.000	162
1765.000	164
1766.000	162
1767.000	161
1768.000	167
1769.000	166
1770.000	155
1771.000	172
1772.000	177
1773.000	168
1774.000	168
1775.000	171
1776.000	170
1777.000	171
1778.000	179
1779.000	182
1780.000	183
1781.000	179
1782.000	188
1783.000	175
1784.000	186
1785.000	190
1786.000	193
1787.000	190
1788.000	187
1789.000	191
1790.000	188
1791.000	198
1792.000	191
1793.000	189
1794.000	192
1795.000	194
1796.000	191
1797.000	187
1798.000	181
1799.000	187
1800.000	187
1801.000	183
1802.000	194
1803.000	190
1804.000	182
1805.000	180
1806.000	173
1807.000	175
1808.000	179
1809.000	166
1810.000	172
1811.000	172
1812.000	173
1813.000	160
1814.000	159
1815.000	154
1816.000	155
1817.000	156
1818.000	152
1819.000	149
1820.000	149
1821.000	156
1822.000	149
1823.000	144
1824.000	146
1825.000	130
1826.000	136
1827.000	137
1828.000	130
1829.000	128
1830.000	127
1831.000	129
1832.000	129
1833.000	123
1834.000	122
1835.000	122
1836.000	113
1837.000	117
1838.000	107
1839.000	110
1840.000	108
1841.000	105
1842.000	108
1843.000	109
1844.000	106
1845.000	102
1846.000	104
1847.000	101
1848.000	99
1849.000	95
1850.000	94
1851.000	95
1852.000	91
1853.000	92
1854.000	94
1855.000	95
1856.000	89
1857.000	90
1858.000	86
1859.000	84
1860.000	88
1861.000	86
1862.000	82
1863.000	84
1864.000	81
1865.000	79
1866.000	84
1867.000	81
1868.000	79
1869.000	80
1870.000	74
1871.000	75
1872.000	77
1873.000	76
1874.000	76
1875.000	74
1876.000	75
1877.000	79
1878.000	72
1879.000	74
1880.000	74
1881.000	73
1882.000	72
1883.000	75
1884.000	72
1885.000	75
1886.000	73
1887.000	71
1888.000	76
1889.000	79
1890.000	72
1891.000	76
1892.000	77
1893.000	81
1894.000	78
1895.000	81
1896.000	89
1897.000	85
1898.000	91
1899.000	92
1900.000	95
1901.000	100
1902.000	101
1903.000	109
1904.000	104
1905.000	112
1906.000	110
1907.000	120
1908.000	114
1909.000	120
1910.000	119
1911.000	120
1912.000	121
1913.000	117
1914.000	118
1915.000	119
1916.000	115
1917.000	110
1918.000	113
1919.000	104
1920.000	98
1921.000	94
1922.000	91
1923.000	91
1924.000	90
1925.000	85
1926.000	81
1927.000	77
1928.000	70
1929.000	72
1930.000	72
1931.000	75
1932.000	69
1933.000	67
1934.000	70
1935.000	67
1936.000	66
1937.000	72
1938.000	67
1939.000	64
1940.000	68
1941.000	62
1942.000	66
1943.000	65
1944.000	64
1945.000	64
1946.000	65
1947.000	67
1948.000	64
1949.000	61
1950.000	68
1951.000	60
1952.000	66
1953.000	62
1954.000	61
1955.000	58
1956.000	60
1957.000	56
1958.000	56
1959.000	52
1960.000	55
1961.000	57
1962.000	56
1963.000	55
1964.000	52
1965.000	58
1966.000	52
1967.000	56
1968.000	51
1969.000	50
1970.000	54
1971.000	55
1972.000	52
1973.000	51
1974.000	53
1975.000	49
1976.000	53
1977.000	49
1978.000	54
1979.000	50
1980.000	50
1981.000	47
1982.000	47
1983.000	49
1984.000	52
1985.000	54
1986.000	52
1987.000	49
1988.000	49
1989.000	49
1990.000	45
1991.000	52
1992.000	53
1993.000	50
1994.000	52
1995.000	48
1996.000	54
1997.000	51
1998.000	53
1999.000	50
2000.000	45
2001.000	50
2002.000	48
2003.000	49
2004.000	49
2005.000	48
2006.000	48
2007.000	49
2008.000	47
2009.000	48
2010.000	42
2011.000	49
2012.000	48
2013.000	48
2014.000	47
2015.000	47
2016.000	45
2017.000	48
2018.000	47
2019.000	47
2020.000	48
2021.000	47
2022.000	46
2023.000	47
2024.000	43
2025.000	45
2026.000	48
2027.000	47
2028.000	49
2029.000	46
2030.000	47
2031.000	43
2032.000	48
2033.000	46
2034.000	47
2035.000	47
2036.000	43
2037.000	44
2038.000	46
2039.000	43
2040.000	50
2041.000	44
2042.000	42
2043.000	47
2044.000	45
2045.000	48
2046.000	46
2047.000	45
2048.000	0
