Date:	17-Sep-20		Time:	11:47 PM		Version no:	0.00		Project name:	55		Sample name:	222		Section name:	section		Position	0.000000	mm	E0	0.000000	keV	E1	1.000000	keV/channel	sample surface	2.000000	cm	Tube anode:	Mo		Tube voltage:	30	kV	Tube current:	30	mA	gain	15		std. database			resultfile	result		matrix element	11		sample thickness	1.000000		air passage	0.560000	cm	comments	not in position		peaking_time	0.300000	m-sec	trigger_threshold	40.000000	V	mca_bin_width	2.000000	no:	number_mca_channels	2048.000000	no:	gap_time	2048.000000	m-sec	trigger_peaking_time	2048.000000	m-sec	GAINDAC	400		HIGHGAIN	400		TAURC	400		RCTAU	400		RCTAUFRAC	400		livetime	13.014294	seconds	runtime	15.000232	seconds	input_count_rate	80431.410221	cps	output_count_rate	69782.785033	cps	triggers	1173264	seconds	events_in_run	1020480	seconds	channel	content		1.000	0
2.000	0
3.000	0
4.000	0
5.000	0
6.000	0
7.000	0
8.000	0
9.000	0
10.000	0
11.000	0
12.000	0
13.000	0
14.000	0
15.000	0
16.000	0
17.000	0
18.000	0
19.000	0
20.000	0
21.000	0
22.000	0
23.000	0
24.000	0
25.000	0
26.000	0
27.000	0
28.000	0
29.000	0
30.000	0
31.000	0
32.000	0
33.000	0
34.000	0
35.000	0
36.000	0
37.000	0
38.000	0
39.000	0
40.000	0
41.000	0
42.000	0
43.000	0
44.000	0
45.000	0
46.000	0
47.000	1
48.000	1
49.000	1
50.000	1
51.000	1
52.000	3
53.000	3
54.000	4
55.000	4
56.000	7
57.000	11
58.000	12
59.000	18
60.000	22
61.000	27
62.000	29
63.000	30
64.000	28
65.000	26
66.000	27
67.000	26
68.000	22
69.000	25
70.000	28
71.000	27
72.000	21
73.000	23
74.000	26
75.000	25
76.000	21
77.000	26
78.000	23
79.000	26
80.000	22
81.000	24
82.000	24
83.000	24
84.000	25
85.000	25
86.000	24
87.000	22
88.000	23
89.000	24
90.000	22
91.000	22
92.000	20
93.000	23
94.000	22
95.000	19
96.000	21
97.000	20
98.000	21
99.000	19
100.000	17
101.000	19
102.000	23
103.000	18
104.000	20
105.000	19
106.000	20
107.000	16
108.000	17
109.000	18
110.000	19
111.000	18
112.000	18
113.000	16
114.000	16
115.000	18
116.000	18
117.000	19
118.000	17
119.000	17
120.000	17
121.000	17
122.000	19
123.000	16
124.000	18
125.000	19
126.000	17
127.000	17
128.000	16
129.000	18
130.000	15
131.000	16
132.000	15
133.000	17
134.000	13
135.000	15
136.000	16
137.000	16
138.000	16
139.000	16
140.000	18
141.000	20
142.000	24
143.000	26
144.000	27
145.000	28
146.000	26
147.000	25
148.000	24
149.000	23
150.000	22
151.000	20
152.000	19
153.000	21
154.000	18
155.000	18
156.000	16
157.000	16
158.000	15
159.000	14
160.000	14
161.000	15
162.000	17
163.000	18
164.000	24
165.000	29
166.000	35
167.000	47
168.000	59
169.000	65
170.000	68
171.000	70
172.000	68
173.000	60
174.000	53
175.000	45
176.000	38
177.000	35
178.000	28
179.000	30
180.000	32
181.000	35
182.000	40
183.000	49
184.000	60
185.000	84
186.000	110
187.000	140
188.000	178
189.000	193
190.000	223
191.000	228
192.000	223
193.000	197
194.000	165
195.000	139
196.000	110
197.000	74
198.000	53
199.000	38
200.000	28
201.000	21
202.000	19
203.000	15
204.000	16
205.000	14
206.000	17
207.000	14
208.000	17
209.000	18
210.000	16
211.000	17
212.000	17
213.000	18
214.000	19
215.000	20
216.000	22
217.000	26
218.000	31
219.000	33
220.000	39
221.000	46
222.000	48
223.000	48
224.000	45
225.000	42
226.000	39
227.000	33
228.000	30
229.000	25
230.000	24
231.000	21
232.000	17
233.000	15
234.000	15
235.000	15
236.000	14
237.000	13
238.000	13
239.000	12
240.000	11
241.000	14
242.000	13
243.000	15
244.000	14
245.000	15
246.000	18
247.000	21
248.000	24
249.000	34
250.000	45
251.000	59
252.000	82
253.000	101
254.000	118
255.000	134
256.000	149
257.000	145
258.000	153
259.000	135
260.000	125
261.000	103
262.000	84
263.000	63
264.000	47
265.000	33
266.000	26
267.000	23
268.000	22
269.000	21
270.000	24
271.000	26
272.000	27
273.000	29
274.000	28
275.000	31
276.000	29
277.000	29
278.000	30
279.000	28
280.000	29
281.000	29
282.000	29
283.000	35
284.000	41
285.000	50
286.000	58
287.000	63
288.000	74
289.000	76
290.000	78
291.000	72
292.000	70
293.000	65
294.000	57
295.000	47
296.000	41
297.000	32
298.000	26
299.000	25
300.000	23
301.000	21
302.000	20
303.000	21
304.000	19
305.000	24
306.000	26
307.000	28
308.000	27
309.000	31
310.000	33
311.000	37
312.000	42
313.000	43
314.000	50
315.000	67
316.000	82
317.000	109
318.000	134
319.000	183
320.000	219
321.000	269
322.000	318
323.000	334
324.000	348
325.000	351
326.000	336
327.000	298
328.000	268
329.000	216
330.000	181
331.000	137
332.000	98
333.000	74
334.000	56
335.000	46
336.000	41
337.000	36
338.000	36
339.000	39
340.000	46
341.000	47
342.000	61
343.000	78
344.000	104
345.000	139
346.000	196
347.000	294
348.000	452
349.000	712
350.000	1106
351.000	1692
352.000	2587
353.000	3778
354.000	5445
355.000	7366
356.000	9623
357.000	12068
358.000	14399
359.000	16530
360.000	18044
361.000	18740
362.000	18598
363.000	17596
364.000	15930
365.000	13716
366.000	11356
367.000	8922
368.000	6694
369.000	4804
370.000	3301
371.000	2193
372.000	1374
373.000	851
374.000	523
375.000	311
376.000	225
377.000	166
378.000	146
379.000	163
380.000	200
381.000	257
382.000	344
383.000	468
384.000	647
385.000	860
386.000	1111
387.000	1400
388.000	1753
389.000	2084
390.000	2385
391.000	2618
392.000	2767
393.000	2833
394.000	2701
395.000	2542
396.000	2264
397.000	1924
398.000	1566
399.000	1229
400.000	920
401.000	675
402.000	471
403.000	307
404.000	202
405.000	127
406.000	78
407.000	46
408.000	32
409.000	20
410.000	13
411.000	12
412.000	10
413.000	8
414.000	9
415.000	8
416.000	8
417.000	7
418.000	9
419.000	8
420.000	8
421.000	7
422.000	8
423.000	8
424.000	8
425.000	12
426.000	11
427.000	16
428.000	21
429.000	23
430.000	31
431.000	43
432.000	58
433.000	78
434.000	96
435.000	127
436.000	152
437.000	187
438.000	211
439.000	218
440.000	236
441.000	242
442.000	239
443.000	227
444.000	208
445.000	188
446.000	155
447.000	129
448.000	104
449.000	80
450.000	68
451.000	55
452.000	48
453.000	48
454.000	39
455.000	38
456.000	35
457.000	30
458.000	33
459.000	27
460.000	24
461.000	23
462.000	21
463.000	20
464.000	16
465.000	19
466.000	17
467.000	16
468.000	19
469.000	21
470.000	20
471.000	24
472.000	27
473.000	28
474.000	30
475.000	35
476.000	39
477.000	41
478.000	42
479.000	54
480.000	54
481.000	56
482.000	55
483.000	57
484.000	59
485.000	54
486.000	48
487.000	42
488.000	38
489.000	33
490.000	30
491.000	26
492.000	22
493.000	21
494.000	18
495.000	16
496.000	15
497.000	16
498.000	16
499.000	15
500.000	17
501.000	14
502.000	18
503.000	17
504.000	18
505.000	21
506.000	17
507.000	18
508.000	20
509.000	21
510.000	22
511.000	20
512.000	19
513.000	22
514.000	23
515.000	22
516.000	23
517.000	27
518.000	27
519.000	27
520.000	32
521.000	31
522.000	33
523.000	38
524.000	41
525.000	44
526.000	42
527.000	47
528.000	45
529.000	50
530.000	48
531.000	44
532.000	43
533.000	43
534.000	38
535.000	34
536.000	31
537.000	29
538.000	29
539.000	26
540.000	25
541.000	24
542.000	25
543.000	23
544.000	21
545.000	20
546.000	23
547.000	22
548.000	23
549.000	24
550.000	22
551.000	23
552.000	25
553.000	26
554.000	23
555.000	24
556.000	29
557.000	29
558.000	27
559.000	31
560.000	29
561.000	31
562.000	38
563.000	37
564.000	43
565.000	50
566.000	59
567.000	65
568.000	80
569.000	91
570.000	103
571.000	113
572.000	134
573.000	146
574.000	150
575.000	166
576.000	164
577.000	153
578.000	159
579.000	148
580.000	136
581.000	120
582.000	107
583.000	91
584.000	78
585.000	68
586.000	61
587.000	47
588.000	45
589.000	40
590.000	36
591.000	32
592.000	33
593.000	33
594.000	30
595.000	32
596.000	31
597.000	32
598.000	36
599.000	36
600.000	36
601.000	38
602.000	37
603.000	42
604.000	53
605.000	57
606.000	68
607.000	87
608.000	117
609.000	160
610.000	211
611.000	311
612.000	433
613.000	618
614.000	845
615.000	1167
616.000	1514
617.000	1952
618.000	2436
619.000	2988
620.000	3541
621.000	4092
622.000	4582
623.000	4957
624.000	5228
625.000	5379
626.000	5336
627.000	5146
628.000	4823
629.000	4372
630.000	3848
631.000	3334
632.000	2783
633.000	2231
634.000	1760
635.000	1372
636.000	1021
637.000	749
638.000	548
639.000	384
640.000	273
641.000	197
642.000	150
643.000	114
644.000	91
645.000	78
646.000	65
647.000	63
648.000	59
649.000	60
650.000	57
651.000	54
652.000	55
653.000	55
654.000	54
655.000	55
656.000	59
657.000	53
658.000	62
659.000	59
660.000	56
661.000	60
662.000	61
663.000	68
664.000	64
665.000	70
666.000	66
667.000	72
668.000	77
669.000	79
670.000	82
671.000	87
672.000	94
673.000	116
674.000	123
675.000	142
676.000	171
677.000	201
678.000	244
679.000	292
680.000	352
681.000	427
682.000	487
683.000	583
684.000	656
685.000	724
686.000	801
687.000	850
688.000	890
689.000	899
690.000	884
691.000	869
692.000	819
693.000	738
694.000	671
695.000	604
696.000	495
697.000	422
698.000	344
699.000	289
700.000	228
701.000	188
702.000	149
703.000	119
704.000	99
705.000	83
706.000	73
707.000	65
708.000	61
709.000	59
710.000	56
711.000	60
712.000	60
713.000	60
714.000	64
715.000	68
716.000	65
717.000	71
718.000	75
719.000	75
720.000	80
721.000	82
722.000	83
723.000	87
724.000	87
725.000	89
726.000	90
727.000	98
728.000	94
729.000	92
730.000	95
731.000	92
732.000	92
733.000	89
734.000	89
735.000	76
736.000	82
737.000	77
738.000	70
739.000	73
740.000	73
741.000	67
742.000	71
743.000	69
744.000	67
745.000	72
746.000	67
747.000	67
748.000	67
749.000	69
750.000	68
751.000	69
752.000	68
753.000	69
754.000	71
755.000	70
756.000	69
757.000	70
758.000	65
759.000	73
760.000	68
761.000	72
762.000	73
763.000	69
764.000	67
765.000	74
766.000	70
767.000	75
768.000	74
769.000	74
770.000	71
771.000	77
772.000	79
773.000	83
774.000	80
775.000	87
776.000	91
777.000	90
778.000	101
779.000	105
780.000	107
781.000	106
782.000	105
783.000	117
784.000	127
785.000	122
786.000	128
787.000	129
788.000	129
789.000	134
790.000	132
791.000	142
792.000	135
793.000	137
794.000	140
795.000	144
796.000	143
797.000	135
798.000	142
799.000	136
800.000	139
801.000	136
802.000	144
803.000	143
804.000	146
805.000	147
806.000	155
807.000	162
808.000	169
809.000	178
810.000	180
811.000	207
812.000	215
813.000	234
814.000	244
815.000	262
816.000	275
817.000	280
818.000	290
819.000	291
820.000	298
821.000	290
822.000	286
823.000	273
824.000	259
825.000	234
826.000	230
827.000	211
828.000	188
829.000	172
830.000	163
831.000	152
832.000	143
833.000	133
834.000	128
835.000	129
836.000	130
837.000	125
838.000	123
839.000	129
840.000	128
841.000	131
842.000	130
843.000	129
844.000	127
845.000	125
846.000	130
847.000	124
848.000	121
849.000	125
850.000	125
851.000	124
852.000	113
853.000	117
854.000	117
855.000	117
856.000	119
857.000	114
858.000	115
859.000	110
860.000	116
861.000	113
862.000	120
863.000	110
864.000	119
865.000	116
866.000	112
867.000	118
868.000	113
869.000	117
870.000	115
871.000	117
872.000	107
873.000	116
874.000	114
875.000	116
876.000	110
877.000	106
878.000	115
879.000	108
880.000	112
881.000	108
882.000	108
883.000	116
884.000	115
885.000	113
886.000	116
887.000	120
888.000	119
889.000	117
890.000	122
891.000	119
892.000	130
893.000	124
894.000	122
895.000	124
896.000	125
897.000	135
898.000	135
899.000	137
900.000	139
901.000	145
902.000	140
903.000	146
904.000	149
905.000	155
906.000	150
907.000	158
908.000	155
909.000	155
910.000	160
911.000	156
912.000	166
913.000	171
914.000	162
915.000	163
916.000	162
917.000	167
918.000	175
919.000	171
920.000	172
921.000	175
922.000	175
923.000	183
924.000	177
925.000	179
926.000	181
927.000	180
928.000	179
929.000	185
930.000	195
931.000	203
932.000	201
933.000	205
934.000	211
935.000	206
936.000	216
937.000	233
938.000	237
939.000	242
940.000	243
941.000	257
942.000	250
943.000	248
944.000	260
945.000	258
946.000	251
947.000	250
948.000	242
949.000	239
950.000	226
951.000	216
952.000	214
953.000	211
954.000	190
955.000	191
956.000	193
957.000	175
958.000	175
959.000	168
960.000	173
961.000	178
962.000	171
963.000	176
964.000	168
965.000	175
966.000	176
967.000	177
968.000	190
969.000	173
970.000	183
971.000	181
972.000	177
973.000	180
974.000	178
975.000	180
976.000	177
977.000	177
978.000	168
979.000	164
980.000	159
981.000	161
982.000	159
983.000	158
984.000	153
985.000	150
986.000	151
987.000	145
988.000	146
989.000	143
990.000	146
991.000	142
992.000	141
993.000	136
994.000	138
995.000	134
996.000	137
997.000	137
998.000	135
999.000	133
1000.000	138
1001.000	132
1002.000	134
1003.000	140
1004.000	131
1005.000	136
1006.000	132
1007.000	137
1008.000	134
1009.000	131
1010.000	133
1011.000	137
1012.000	129
1013.000	131
1014.000	127
1015.000	136
1016.000	136
1017.000	136
1018.000	143
1019.000	134
1020.000	140
1021.000	139
1022.000	139
1023.000	137
1024.000	140
1025.000	142
1026.000	133
1027.000	139
1028.000	144
1029.000	143
1030.000	142
1031.000	141
1032.000	139
1033.000	145
1034.000	137
1035.000	144
1036.000	146
1037.000	139
1038.000	139
1039.000	144
1040.000	146
1041.000	150
1042.000	148
1043.000	149
1044.000	149
1045.000	141
1046.000	149
1047.000	147
1048.000	153
1049.000	151
1050.000	153
1051.000	154
1052.000	147
1053.000	153
1054.000	156
1055.000	147
1056.000	159
1057.000	150
1058.000	159
1059.000	153
1060.000	155
1061.000	158
1062.000	159
1063.000	156
1064.000	161
1065.000	157
1066.000	152
1067.000	156
1068.000	156
1069.000	159
1070.000	158
1071.000	158
1072.000	160
1073.000	161
1074.000	158
1075.000	154
1076.000	158
1077.000	155
1078.000	156
1079.000	157
1080.000	153
1081.000	155
1082.000	156
1083.000	156
1084.000	156
1085.000	154
1086.000	146
1087.000	156
1088.000	150
1089.000	162
1090.000	162
1091.000	159
1092.000	161
1093.000	158
1094.000	166
1095.000	169
1096.000	173
1097.000	170
1098.000	164
1099.000	177
1100.000	168
1101.000	168
1102.000	167
1103.000	175
1104.000	173
1105.000	169
1106.000	165
1107.000	164
1108.000	164
1109.000	160
1110.000	161
1111.000	164
1112.000	158
1113.000	161
1114.000	158
1115.000	154
1116.000	155
1117.000	157
1118.000	161
1119.000	154
1120.000	162
1121.000	162
1122.000	162
1123.000	156
1124.000	165
1125.000	152
1126.000	158
1127.000	158
1128.000	155
1129.000	162
1130.000	162
1131.000	161
1132.000	159
1133.000	160
1134.000	162
1135.000	162
1136.000	171
1137.000	159
1138.000	156
1139.000	164
1140.000	161
1141.000	159
1142.000	155
1143.000	163
1144.000	162
1145.000	163
1146.000	168
1147.000	167
1148.000	170
1149.000	171
1150.000	173
1151.000	171
1152.000	167
1153.000	174
1154.000	173
1155.000	174
1156.000	172
1157.000	172
1158.000	180
1159.000	181
1160.000	177
1161.000	195
1162.000	188
1163.000	181
1164.000	180
1165.000	182
1166.000	176
1167.000	179
1168.000	180
1169.000	174
1170.000	169
1171.000	172
1172.000	172
1173.000	167
1174.000	164
1175.000	163
1176.000	160
1177.000	164
1178.000	165
1179.000	155
1180.000	159
1181.000	162
1182.000	159
1183.000	153
1184.000	152
1185.000	166
1186.000	151
1187.000	163
1188.000	155
1189.000	158
1190.000	160
1191.000	162
1192.000	166
1193.000	158
1194.000	155
1195.000	149
1196.000	157
1197.000	160
1198.000	151
1199.000	160
1200.000	160
1201.000	153
1202.000	161
1203.000	154
1204.000	167
1205.000	162
1206.000	164
1207.000	162
1208.000	157
1209.000	156
1210.000	162
1211.000	164
1212.000	165
1213.000	161
1214.000	164
1215.000	155
1216.000	153
1217.000	168
1218.000	156
1219.000	161
1220.000	161
1221.000	162
1222.000	166
1223.000	164
1224.000	159
1225.000	158
1226.000	162
1227.000	170
1228.000	162
1229.000	165
1230.000	168
1231.000	156
1232.000	167
1233.000	165
1234.000	174
1235.000	165
1236.000	171
1237.000	169
1238.000	162
1239.000	166
1240.000	162
1241.000	170
1242.000	172
1243.000	165
1244.000	167
1245.000	167
1246.000	165
1247.000	166
1248.000	169
1249.000	159
1250.000	166
1251.000	172
1252.000	163
1253.000	169
1254.000	169
1255.000	172
1256.000	173
1257.000	164
1258.000	167
1259.000	164
1260.000	169
1261.000	162
1262.000	166
1263.000	164
1264.000	165
1265.000	163
1266.000	170
1267.000	167
1268.000	162
1269.000	158
1270.000	169
1271.000	164
1272.000	166
1273.000	173
1274.000	160
1275.000	171
1276.000	171
1277.000	168
1278.000	160
1279.000	169
1280.000	167
1281.000	160
1282.000	170
1283.000	165
1284.000	167
1285.000	162
1286.000	169
1287.000	163
1288.000	172
1289.000	171
1290.000	171
1291.000	178
1292.000	169
1293.000	171
1294.000	176
1295.000	180
1296.000	183
1297.000	187
1298.000	179
1299.000	181
1300.000	178
1301.000	185
1302.000	186
1303.000	190
1304.000	185
1305.000	191
1306.000	183
1307.000	184
1308.000	187
1309.000	190
1310.000	185
1311.000	182
1312.000	189
1313.000	190
1314.000	174
1315.000	175
1316.000	183
1317.000	167
1318.000	182
1319.000	175
1320.000	173
1321.000	167
1322.000	182
1323.000	173
1324.000	164
1325.000	166
1326.000	169
1327.000	169
1328.000	173
1329.000	172
1330.000	169
1331.000	170
1332.000	173
1333.000	176
1334.000	175
1335.000	179
1336.000	169
1337.000	172
1338.000	171
1339.000	180
1340.000	172
1341.000	168
1342.000	173
1343.000	167
1344.000	184
1345.000	173
1346.000	177
1347.000	179
1348.000	165
1349.000	168
1350.000	174
1351.000	180
1352.000	179
1353.000	178
1354.000	180
1355.000	184
1356.000	196
1357.000	197
1358.000	204
1359.000	220
1360.000	225
1361.000	253
1362.000	269
1363.000	287
1364.000	317
1365.000	329
1366.000	376
1367.000	420
1368.000	448
1369.000	483
1370.000	534
1371.000	567
1372.000	614
1373.000	663
1374.000	698
1375.000	743
1376.000	780
1377.000	804
1378.000	822
1379.000	821
1380.000	846
1381.000	810
1382.000	810
1383.000	778
1384.000	768
1385.000	725
1386.000	693
1387.000	652
1388.000	584
1389.000	544
1390.000	507
1391.000	453
1392.000	413
1393.000	382
1394.000	341
1395.000	308
1396.000	280
1397.000	258
1398.000	249
1399.000	229
1400.000	212
1401.000	201
1402.000	191
1403.000	182
1404.000	183
1405.000	176
1406.000	178
1407.000	176
1408.000	173
1409.000	169
1410.000	177
1411.000	170
1412.000	167
1413.000	167
1414.000	168
1415.000	169
1416.000	168
1417.000	164
1418.000	160
1419.000	169
1420.000	165
1421.000	169
1422.000	165
1423.000	172
1424.000	175
1425.000	171
1426.000	166
1427.000	160
1428.000	167
1429.000	165
1430.000	172
1431.000	168
1432.000	170
1433.000	172
1434.000	171
1435.000	169
1436.000	167
1437.000	176
1438.000	169
1439.000	181
1440.000	169
1441.000	176
1442.000	173
1443.000	173
1444.000	163
1445.000	174
1446.000	166
1447.000	173
1448.000	180
1449.000	180
1450.000	182
1451.000	183
1452.000	183
1453.000	177
1454.000	177
1455.000	189
1456.000	182
1457.000	184
1458.000	184
1459.000	183
1460.000	182
1461.000	178
1462.000	185
1463.000	179
1464.000	182
1465.000	183
1466.000	185
1467.000	177
1468.000	171
1469.000	175
1470.000	173
1471.000	168
1472.000	179
1473.000	177
1474.000	174
1475.000	171
1476.000	174
1477.000	174
1478.000	184
1479.000	174
1480.000	180
1481.000	177
1482.000	178
1483.000	176
1484.000	174
1485.000	179
1486.000	169
1487.000	171
1488.000	178
1489.000	172
1490.000	175
1491.000	175
1492.000	170
1493.000	175
1494.000	171
1495.000	171
1496.000	181
1497.000	180
1498.000	183
1499.000	179
1500.000	180
1501.000	177
1502.000	176
1503.000	172
1504.000	186
1505.000	173
1506.000	179
1507.000	178
1508.000	180
1509.000	182
1510.000	182
1511.000	184
1512.000	178
1513.000	187
1514.000	178
1515.000	181
1516.000	187
1517.000	185
1518.000	190
1519.000	179
1520.000	192
1521.000	196
1522.000	197
1523.000	201
1524.000	206
1525.000	216
1526.000	214
1527.000	219
1528.000	222
1529.000	229
1530.000	242
1531.000	242
1532.000	248
1533.000	262
1534.000	272
1535.000	266
1536.000	282
1537.000	286
1538.000	296
1539.000	310
1540.000	311
1541.000	317
1542.000	323
1543.000	322
1544.000	314
1545.000	332
1546.000	311
1547.000	320
1548.000	319
1549.000	313
1550.000	300
1551.000	301
1552.000	290
1553.000	285
1554.000	275
1555.000	269
1556.000	269
1557.000	273
1558.000	266
1559.000	267
1560.000	264
1561.000	261
1562.000	262
1563.000	260
1564.000	278
1565.000	263
1566.000	274
1567.000	272
1568.000	287
1569.000	291
1570.000	300
1571.000	300
1572.000	300
1573.000	308
1574.000	315
1575.000	322
1576.000	326
1577.000	350
1578.000	352
1579.000	353
1580.000	370
1581.000	373
1582.000	374
1583.000	395
1584.000	413
1585.000	404
1586.000	430
1587.000	439
1588.000	452
1589.000	454
1590.000	476
1591.000	488
1592.000	477
1593.000	505
1594.000	521
1595.000	528
1596.000	542
1597.000	535
1598.000	552
1599.000	568
1600.000	562
1601.000	573
1602.000	582
1603.000	589
1604.000	592
1605.000	597
1606.000	595
1607.000	598
1608.000	601
1609.000	592
1610.000	603
1611.000	599
1612.000	609
1613.000	593
1614.000	579
1615.000	590
1616.000	569
1617.000	553
1618.000	557
1619.000	550
1620.000	536
1621.000	532
1622.000	524
1623.000	497
1624.000	510
1625.000	487
1626.000	478
1627.000	470
1628.000	453
1629.000	437
1630.000	435
1631.000	426
1632.000	399
1633.000	403
1634.000	380
1635.000	363
1636.000	372
1637.000	356
1638.000	338
1639.000	332
1640.000	319
1641.000	318
1642.000	298
1643.000	298
1644.000	294
1645.000	287
1646.000	274
1647.000	275
1648.000	266
1649.000	258
1650.000	245
1651.000	241
1652.000	231
1653.000	239
1654.000	227
1655.000	215
1656.000	221
1657.000	218
1658.000	207
1659.000	203
1660.000	206
1661.000	204
1662.000	197
1663.000	187
1664.000	192
1665.000	192
1666.000	184
1667.000	179
1668.000	185
1669.000	178
1670.000	177
1671.000	180
1672.000	182
1673.000	178
1674.000	181
1675.000	190
1676.000	179
1677.000	198
1678.000	194
1679.000	204
1680.000	215
1681.000	226
1682.000	227
1683.000	246
1684.000	264
1685.000	274
1686.000	284
1687.000	309
1688.000	333
1689.000	349
1690.000	369
1691.000	390
1692.000	423
1693.000	431
1694.000	459
1695.000	477
1696.000	499
1697.000	519
1698.000	510
1699.000	532
1700.000	540
1701.000	538
1702.000	546
1703.000	544
1704.000	513
1705.000	510
1706.000	506
1707.000	506
1708.000	469
1709.000	443
1710.000	430
1711.000	411
1712.000	371
1713.000	347
1714.000	331
1715.000	310
1716.000	288
1717.000	266
1718.000	247
1719.000	218
1720.000	212
1721.000	196
1722.000	187
1723.000	184
1724.000	167
1725.000	167
1726.000	156
1727.000	154
1728.000	156
1729.000	146
1730.000	146
1731.000	148
1732.000	142
1733.000	142
1734.000	146
1735.000	135
1736.000	149
1737.000	138
1738.000	134
1739.000	140
1740.000	138
1741.000	140
1742.000	141
1743.000	143
1744.000	142
1745.000	137
1746.000	138
1747.000	145
1748.000	145
1749.000	142
1750.000	146
1751.000	142
1752.000	143
1753.000	142
1754.000	151
1755.000	146
1756.000	150
1757.000	151
1758.000	145
1759.000	148
1760.000	147
1761.000	158
1762.000	151
1763.000	157
1764.000	155
1765.000	163
1766.000	167
1767.000	165
1768.000	165
1769.000	167
1770.000	172
1771.000	173
1772.000	171
1773.000	173
1774.000	167
1775.000	173
1776.000	172
1777.000	178
1778.000	175
1779.000	189
1780.000	187
1781.000	183
1782.000	185
1783.000	185
1784.000	192
1785.000	187
1786.000	192
1787.000	185
1788.000	185
1789.000	193
1790.000	200
1791.000	189
1792.000	185
1793.000	200
1794.000	189
1795.000	189
1796.000	192
1797.000	185
1798.000	190
1799.000	191
1800.000	192
1801.000	192
1802.000	187
1803.000	183
1804.000	184
1805.000	177
1806.000	180
1807.000	180
1808.000	170
1809.000	171
1810.000	169
1811.000	174
1812.000	172
1813.000	164
1814.000	165
1815.000	152
1816.000	156
1817.000	158
1818.000	156
1819.000	156
1820.000	151
1821.000	147
1822.000	150
1823.000	151
1824.000	147
1825.000	143
1826.000	140
1827.000	137
1828.000	130
1829.000	133
1830.000	130
1831.000	125
1832.000	121
1833.000	125
1834.000	119
1835.000	122
1836.000	118
1837.000	113
1838.000	119
1839.000	114
1840.000	112
1841.000	112
1842.000	106
1843.000	105
1844.000	104
1845.000	107
1846.000	106
1847.000	97
1848.000	101
1849.000	98
1850.000	94
1851.000	93
1852.000	90
1853.000	94
1854.000	94
1855.000	92
1856.000	90
1857.000	91
1858.000	87
1859.000	88
1860.000	85
1861.000	88
1862.000	82
1863.000	83
1864.000	85
1865.000	84
1866.000	81
1867.000	80
1868.000	77
1869.000	80
1870.000	76
1871.000	77
1872.000	80
1873.000	78
1874.000	75
1875.000	74
1876.000	75
1877.000	79
1878.000	70
1879.000	73
1880.000	74
1881.000	75
1882.000	73
1883.000	70
1884.000	74
1885.000	68
1886.000	74
1887.000	75
1888.000	72
1889.000	75
1890.000	74
1891.000	75
1892.000	76
1893.000	79
1894.000	82
1895.000	81
1896.000	83
1897.000	84
1898.000	96
1899.000	93
1900.000	97
1901.000	95
1902.000	100
1903.000	109
1904.000	110
1905.000	113
1906.000	112
1907.000	116
1908.000	122
1909.000	119
1910.000	118
1911.000	124
1912.000	125
1913.000	129
1914.000	114
1915.000	120
1916.000	112
1917.000	109
1918.000	109
1919.000	106
1920.000	102
1921.000	97
1922.000	97
1923.000	92
1924.000	87
1925.000	84
1926.000	76
1927.000	79
1928.000	75
1929.000	75
1930.000	70
1931.000	75
1932.000	68
1933.000	71
1934.000	71
1935.000	69
1936.000	69
1937.000	69
1938.000	73
1939.000	65
1940.000	69
1941.000	70
1942.000	64
1943.000	68
1944.000	67
1945.000	64
1946.000	65
1947.000	66
1948.000	65
1949.000	63
1950.000	62
1951.000	66
1952.000	63
1953.000	59
1954.000	61
1955.000	62
1956.000	61
1957.000	54
1958.000	56
1959.000	58
1960.000	57
1961.000	57
1962.000	53
1963.000	53
1964.000	51
1965.000	55
1966.000	51
1967.000	54
1968.000	54
1969.000	52
1970.000	52
1971.000	53
1972.000	54
1973.000	52
1974.000	47
1975.000	51
1976.000	48
1977.000	50
1978.000	49
1979.000	48
1980.000	52
1981.000	52
1982.000	54
1983.000	51
1984.000	58
1985.000	50
1986.000	47
1987.000	50
1988.000	49
1989.000	47
1990.000	47
1991.000	48
1992.000	51
1993.000	50
1994.000	48
1995.000	46
1996.000	49
1997.000	47
1998.000	50
1999.000	52
2000.000	49
2001.000	49
2002.000	47
2003.000	48
2004.000	49
2005.000	49
2006.000	49
2007.000	51
2008.000	49
2009.000	55
2010.000	47
2011.000	51
2012.000	47
2013.000	50
2014.000	51
2015.000	50
2016.000	44
2017.000	48
2018.000	47
2019.000	49
2020.000	46
2021.000	49
2022.000	51
2023.000	46
2024.000	48
2025.000	47
2026.000	49
2027.000	47
2028.000	47
2029.000	44
2030.000	43
2031.000	48
2032.000	51
2033.000	47
2034.000	49
2035.000	49
2036.000	46
2037.000	47
2038.000	48
2039.000	45
2040.000	49
2041.000	46
2042.000	47
2043.000	45
2044.000	47
2045.000	50
2046.000	45
2047.000	42
2048.000	0
