Date:	22-Sep-20		Time:	10:49 PM		Version no:	0.00		Project name:	55		Sample name:	222		Section name:	section		Position	0.000000	mm	E0	0.000000	keV	E1	1.000000	keV/channel	sample surface	2.000000	cm	Tube anode:	Mo		Tube voltage:	30	kV	Tube current:	30	mA	gain	15		std. database			resultfile	result		matrix element	11		sample thickness	1.000000		air passage	0.560000	cm	comments	not in position		peaking_time	0.300000	m-sec	trigger_threshold	40.000000	V	mca_bin_width	2.000000	no:	number_mca_channels	2048.000000	no:	gap_time	2048.000000	m-sec	trigger_peaking_time	2048.000000	m-sec	GAINDAC	400		HIGHGAIN	400		TAURC	400		RCTAU	400		RCTAUFRAC	400		livetime	12.778311	seconds	runtime	15.000098	seconds	input_count_rate	8453.386602	cps	output_count_rate	7201.286285	cps	triggers	126178	seconds	events_in_run	98622	seconds	channel	content		1.000	0
2.000	0
3.000	0
4.000	0
5.000	0
6.000	0
7.000	0
8.000	0
9.000	0
10.000	0
11.000	0
12.000	0
13.000	0
14.000	0
15.000	0
16.000	0
17.000	0
18.000	0
19.000	0
20.000	0
21.000	0
22.000	0
23.000	0
24.000	0
25.000	0
26.000	0
27.000	0
28.000	0
29.000	0
30.000	0
31.000	0
32.000	0
33.000	1
34.000	0
35.000	0
36.000	0
37.000	0
38.000	0
39.000	0
40.000	0
41.000	0
42.000	0
43.000	1
44.000	0
45.000	0
46.000	1
47.000	0
48.000	1
49.000	1
50.000	1
51.000	2
52.000	2
53.000	2
54.000	3
55.000	5
56.000	7
57.000	9
58.000	13
59.000	20
60.000	23
61.000	29
62.000	31
63.000	31
64.000	30
65.000	30
66.000	28
67.000	28
68.000	25
69.000	28
70.000	26
71.000	25
72.000	27
73.000	21
74.000	23
75.000	27
76.000	25
77.000	25
78.000	23
79.000	22
80.000	24
81.000	24
82.000	25
83.000	23
84.000	27
85.000	26
86.000	25
87.000	26
88.000	27
89.000	26
90.000	24
91.000	23
92.000	22
93.000	21
94.000	20
95.000	21
96.000	21
97.000	22
98.000	23
99.000	20
100.000	21
101.000	21
102.000	21
103.000	21
104.000	19
105.000	19
106.000	19
107.000	19
108.000	19
109.000	21
110.000	18
111.000	19
112.000	17
113.000	18
114.000	20
115.000	20
116.000	20
117.000	18
118.000	18
119.000	20
120.000	18
121.000	16
122.000	18
123.000	18
124.000	21
125.000	18
126.000	17
127.000	15
128.000	16
129.000	14
130.000	16
131.000	17
132.000	15
133.000	15
134.000	14
135.000	15
136.000	16
137.000	16
138.000	15
139.000	16
140.000	17
141.000	20
142.000	21
143.000	21
144.000	23
145.000	26
146.000	28
147.000	26
148.000	25
149.000	22
150.000	22
151.000	18
152.000	19
153.000	19
154.000	15
155.000	15
156.000	15
157.000	13
158.000	15
159.000	16
160.000	15
161.000	13
162.000	14
163.000	17
164.000	22
165.000	25
166.000	30
167.000	36
168.000	39
169.000	48
170.000	50
171.000	54
172.000	48
173.000	44
174.000	41
175.000	33
176.000	31
177.000	29
178.000	31
179.000	30
180.000	32
181.000	34
182.000	40
183.000	49
184.000	66
185.000	95
186.000	125
187.000	153
188.000	192
189.000	229
190.000	249
191.000	245
192.000	244
193.000	215
194.000	186
195.000	149
196.000	102
197.000	83
198.000	58
199.000	44
200.000	29
201.000	22
202.000	18
203.000	16
204.000	15
205.000	18
206.000	14
207.000	17
208.000	17
209.000	18
210.000	16
211.000	13
212.000	19
213.000	20
214.000	19
215.000	23
216.000	25
217.000	29
218.000	30
219.000	37
220.000	41
221.000	45
222.000	50
223.000	47
224.000	47
225.000	46
226.000	43
227.000	39
228.000	33
229.000	29
230.000	26
231.000	22
232.000	18
233.000	16
234.000	15
235.000	15
236.000	14
237.000	14
238.000	14
239.000	14
240.000	13
241.000	14
242.000	14
243.000	13
244.000	16
245.000	15
246.000	20
247.000	22
248.000	33
249.000	41
250.000	56
251.000	74
252.000	93
253.000	118
254.000	145
255.000	165
256.000	179
257.000	183
258.000	177
259.000	169
260.000	150
261.000	115
262.000	100
263.000	74
264.000	56
265.000	37
266.000	31
267.000	27
268.000	26
269.000	24
270.000	24
271.000	25
272.000	29
273.000	29
274.000	33
275.000	36
276.000	35
277.000	30
278.000	35
279.000	32
280.000	31
281.000	31
282.000	35
283.000	37
284.000	41
285.000	49
286.000	53
287.000	62
288.000	67
289.000	68
290.000	73
291.000	70
292.000	66
293.000	61
294.000	49
295.000	45
296.000	36
297.000	34
298.000	27
299.000	23
300.000	24
301.000	22
302.000	21
303.000	20
304.000	23
305.000	26
306.000	25
307.000	28
308.000	27
309.000	27
310.000	31
311.000	34
312.000	37
313.000	42
314.000	47
315.000	57
316.000	67
317.000	88
318.000	110
319.000	135
320.000	168
321.000	207
322.000	222
323.000	242
324.000	264
325.000	257
326.000	243
327.000	225
328.000	201
329.000	169
330.000	127
331.000	101
332.000	79
333.000	59
334.000	44
335.000	37
336.000	35
337.000	37
338.000	37
339.000	44
340.000	44
341.000	49
342.000	64
343.000	82
344.000	104
345.000	144
346.000	200
347.000	310
348.000	484
349.000	740
350.000	1175
351.000	1844
352.000	2802
353.000	4122
354.000	5846
355.000	7988
356.000	10442
357.000	13163
358.000	15681
359.000	17968
360.000	19556
361.000	20436
362.000	20213
363.000	19220
364.000	17401
365.000	14959
366.000	12320
367.000	9700
368.000	7338
369.000	5200
370.000	3593
371.000	2337
372.000	1517
373.000	923
374.000	576
375.000	348
376.000	236
377.000	178
378.000	170
379.000	179
380.000	216
381.000	284
382.000	365
383.000	501
384.000	694
385.000	925
386.000	1219
387.000	1556
388.000	1912
389.000	2277
390.000	2596
391.000	2877
392.000	3013
393.000	3067
394.000	2952
395.000	2761
396.000	2435
397.000	2095
398.000	1688
399.000	1328
400.000	996
401.000	731
402.000	510
403.000	334
404.000	218
405.000	138
406.000	80
407.000	51
408.000	30
409.000	19
410.000	13
411.000	11
412.000	10
413.000	7
414.000	8
415.000	8
416.000	8
417.000	9
418.000	6
419.000	8
420.000	8
421.000	7
422.000	8
423.000	8
424.000	9
425.000	9
426.000	10
427.000	12
428.000	13
429.000	18
430.000	24
431.000	29
432.000	39
433.000	47
434.000	63
435.000	77
436.000	93
437.000	111
438.000	123
439.000	147
440.000	154
441.000	153
442.000	148
443.000	142
444.000	132
445.000	109
446.000	101
447.000	80
448.000	67
449.000	57
450.000	49
451.000	39
452.000	36
453.000	30
454.000	31
455.000	27
456.000	23
457.000	27
458.000	23
459.000	20
460.000	18
461.000	18
462.000	16
463.000	17
464.000	14
465.000	14
466.000	16
467.000	15
468.000	16
469.000	15
470.000	15
471.000	17
472.000	20
473.000	21
474.000	25
475.000	26
476.000	30
477.000	26
478.000	35
479.000	33
480.000	35
481.000	37
482.000	39
483.000	37
484.000	36
485.000	33
486.000	36
487.000	31
488.000	27
489.000	24
490.000	20
491.000	22
492.000	16
493.000	15
494.000	14
495.000	14
496.000	14
497.000	13
498.000	16
499.000	15
500.000	13
501.000	15
502.000	13
503.000	16
504.000	16
505.000	16
506.000	18
507.000	17
508.000	16
509.000	18
510.000	18
511.000	19
512.000	20
513.000	20
514.000	22
515.000	19
516.000	23
517.000	25
518.000	25
519.000	23
520.000	26
521.000	27
522.000	34
523.000	31
524.000	33
525.000	35
526.000	40
527.000	40
528.000	43
529.000	42
530.000	42
531.000	40
532.000	39
533.000	38
534.000	35
535.000	29
536.000	27
537.000	28
538.000	24
539.000	23
540.000	22
541.000	23
542.000	20
543.000	17
544.000	19
545.000	21
546.000	21
547.000	19
548.000	19
549.000	19
550.000	22
551.000	19
552.000	21
553.000	25
554.000	23
555.000	22
556.000	23
557.000	23
558.000	27
559.000	26
560.000	26
561.000	30
562.000	30
563.000	33
564.000	41
565.000	38
566.000	43
567.000	50
568.000	57
569.000	66
570.000	72
571.000	74
572.000	87
573.000	98
574.000	107
575.000	107
576.000	105
577.000	102
578.000	107
579.000	95
580.000	89
581.000	79
582.000	72
583.000	65
584.000	57
585.000	48
586.000	44
587.000	38
588.000	35
589.000	32
590.000	32
591.000	28
592.000	27
593.000	27
594.000	29
595.000	31
596.000	25
597.000	28
598.000	28
599.000	31
600.000	31
601.000	31
602.000	32
603.000	37
604.000	40
605.000	43
606.000	55
607.000	64
608.000	77
609.000	111
610.000	147
611.000	207
612.000	299
613.000	405
614.000	554
615.000	747
616.000	986
617.000	1284
618.000	1613
619.000	1983
620.000	2313
621.000	2662
622.000	2999
623.000	3236
624.000	3422
625.000	3491
626.000	3466
627.000	3349
628.000	3150
629.000	2841
630.000	2546
631.000	2167
632.000	1820
633.000	1473
634.000	1149
635.000	892
636.000	671
637.000	500
638.000	371
639.000	274
640.000	192
641.000	142
642.000	116
643.000	88
644.000	74
645.000	67
646.000	61
647.000	60
648.000	56
649.000	52
650.000	47
651.000	53
652.000	54
653.000	53
654.000	52
655.000	51
656.000	50
657.000	50
658.000	57
659.000	50
660.000	59
661.000	55
662.000	54
663.000	60
664.000	59
665.000	62
666.000	58
667.000	63
668.000	61
669.000	71
670.000	71
671.000	74
672.000	76
673.000	90
674.000	100
675.000	108
676.000	123
677.000	145
678.000	171
679.000	206
680.000	250
681.000	294
682.000	353
683.000	390
684.000	445
685.000	503
686.000	548
687.000	575
688.000	604
689.000	597
690.000	592
691.000	567
692.000	544
693.000	505
694.000	453
695.000	399
696.000	346
697.000	310
698.000	241
699.000	207
700.000	169
701.000	142
702.000	114
703.000	97
704.000	85
705.000	77
706.000	64
707.000	61
708.000	60
709.000	59
710.000	53
711.000	60
712.000	62
713.000	60
714.000	63
715.000	64
716.000	62
717.000	69
718.000	68
719.000	79
720.000	81
721.000	84
722.000	84
723.000	82
724.000	86
725.000	88
726.000	94
727.000	87
728.000	85
729.000	87
730.000	86
731.000	85
732.000	86
733.000	85
734.000	83
735.000	84
736.000	75
737.000	72
738.000	77
739.000	70
740.000	68
741.000	69
742.000	68
743.000	66
744.000	74
745.000	66
746.000	68
747.000	70
748.000	68
749.000	66
750.000	66
751.000	68
752.000	75
753.000	72
754.000	70
755.000	69
756.000	67
757.000	66
758.000	69
759.000	73
760.000	71
761.000	66
762.000	70
763.000	74
764.000	71
765.000	72
766.000	75
767.000	71
768.000	73
769.000	74
770.000	73
771.000	75
772.000	81
773.000	79
774.000	83
775.000	89
776.000	86
777.000	86
778.000	99
779.000	97
780.000	104
781.000	106
782.000	114
783.000	114
784.000	122
785.000	123
786.000	123
787.000	128
788.000	124
789.000	132
790.000	125
791.000	131
792.000	134
793.000	124
794.000	139
795.000	134
796.000	140
797.000	130
798.000	144
799.000	139
800.000	136
801.000	136
802.000	142
803.000	144
804.000	143
805.000	150
806.000	154
807.000	159
808.000	172
809.000	177
810.000	189
811.000	194
812.000	216
813.000	226
814.000	242
815.000	258
816.000	272
817.000	284
818.000	284
819.000	292
820.000	294
821.000	285
822.000	279
823.000	267
824.000	256
825.000	240
826.000	225
827.000	205
828.000	185
829.000	177
830.000	160
831.000	143
832.000	140
833.000	135
834.000	127
835.000	126
836.000	121
837.000	124
838.000	121
839.000	122
840.000	118
841.000	118
842.000	120
843.000	122
844.000	121
845.000	130
846.000	122
847.000	119
848.000	119
849.000	115
850.000	122
851.000	124
852.000	119
853.000	113
854.000	111
855.000	118
856.000	108
857.000	115
858.000	110
859.000	113
860.000	114
861.000	115
862.000	118
863.000	109
864.000	113
865.000	113
866.000	120
867.000	117
868.000	114
869.000	113
870.000	110
871.000	118
872.000	115
873.000	112
874.000	114
875.000	111
876.000	111
877.000	116
878.000	113
879.000	113
880.000	111
881.000	110
882.000	115
883.000	115
884.000	115
885.000	113
886.000	120
887.000	117
888.000	114
889.000	123
890.000	118
891.000	116
892.000	120
893.000	121
894.000	126
895.000	122
896.000	125
897.000	130
898.000	132
899.000	139
900.000	137
901.000	134
902.000	142
903.000	140
904.000	146
905.000	148
906.000	153
907.000	147
908.000	159
909.000	159
910.000	160
911.000	160
912.000	153
913.000	169
914.000	165
915.000	165
916.000	167
917.000	165
918.000	166
919.000	171
920.000	176
921.000	173
922.000	176
923.000	175
924.000	169
925.000	179
926.000	180
927.000	185
928.000	196
929.000	192
930.000	194
931.000	201
932.000	196
933.000	209
934.000	207
935.000	218
936.000	222
937.000	224
938.000	236
939.000	249
940.000	240
941.000	250
942.000	257
943.000	258
944.000	259
945.000	257
946.000	261
947.000	251
948.000	247
949.000	230
950.000	232
951.000	218
952.000	211
953.000	201
954.000	199
955.000	198
956.000	183
957.000	186
958.000	184
959.000	171
960.000	169
961.000	170
962.000	173
963.000	173
964.000	180
965.000	175
966.000	170
967.000	179
968.000	183
969.000	181
970.000	180
971.000	181
972.000	184
973.000	183
974.000	180
975.000	179
976.000	170
977.000	169
978.000	171
979.000	164
980.000	156
981.000	159
982.000	159
983.000	159
984.000	146
985.000	157
986.000	145
987.000	144
988.000	147
989.000	141
990.000	137
991.000	147
992.000	137
993.000	142
994.000	134
995.000	131
996.000	141
997.000	132
998.000	141
999.000	132
1000.000	133
1001.000	137
1002.000	137
1003.000	130
1004.000	132
1005.000	132
1006.000	128
1007.000	131
1008.000	132
1009.000	130
1010.000	137
1011.000	140
1012.000	133
1013.000	132
1014.000	126
1015.000	128
1016.000	132
1017.000	130
1018.000	132
1019.000	134
1020.000	135
1021.000	135
1022.000	138
1023.000	134
1024.000	137
1025.000	137
1026.000	148
1027.000	139
1028.000	136
1029.000	141
1030.000	130
1031.000	141
1032.000	146
1033.000	139
1034.000	139
1035.000	144
1036.000	145
1037.000	142
1038.000	139
1039.000	142
1040.000	144
1041.000	141
1042.000	141
1043.000	144
1044.000	146
1045.000	149
1046.000	148
1047.000	149
1048.000	151
1049.000	157
1050.000	148
1051.000	150
1052.000	146
1053.000	154
1054.000	152
1055.000	158
1056.000	155
1057.000	152
1058.000	156
1059.000	159
1060.000	157
1061.000	163
1062.000	160
1063.000	159
1064.000	156
1065.000	155
1066.000	162
1067.000	162
1068.000	152
1069.000	160
1070.000	154
1071.000	162
1072.000	157
1073.000	157
1074.000	159
1075.000	155
1076.000	161
1077.000	153
1078.000	157
1079.000	153
1080.000	155
1081.000	152
1082.000	159
1083.000	162
1084.000	156
1085.000	166
1086.000	160
1087.000	156
1088.000	161
1089.000	162
1090.000	158
1091.000	159
1092.000	164
1093.000	167
1094.000	167
1095.000	167
1096.000	165
1097.000	170
1098.000	175
1099.000	171
1100.000	164
1101.000	165
1102.000	168
1103.000	175
1104.000	167
1105.000	166
1106.000	178
1107.000	170
1108.000	158
1109.000	172
1110.000	167
1111.000	166
1112.000	163
1113.000	163
1114.000	162
1115.000	160
1116.000	158
1117.000	163
1118.000	158
1119.000	159
1120.000	160
1121.000	157
1122.000	156
1123.000	163
1124.000	161
1125.000	155
1126.000	164
1127.000	154
1128.000	164
1129.000	161
1130.000	158
1131.000	160
1132.000	164
1133.000	162
1134.000	163
1135.000	167
1136.000	158
1137.000	164
1138.000	165
1139.000	167
1140.000	167
1141.000	165
1142.000	158
1143.000	162
1144.000	169
1145.000	164
1146.000	170
1147.000	176
1148.000	164
1149.000	171
1150.000	163
1151.000	174
1152.000	171
1153.000	175
1154.000	175
1155.000	182
1156.000	183
1157.000	180
1158.000	184
1159.000	182
1160.000	191
1161.000	182
1162.000	192
1163.000	192
1164.000	187
1165.000	188
1166.000	184
1167.000	184
1168.000	178
1169.000	176
1170.000	181
1171.000	173
1172.000	181
1173.000	168
1174.000	169
1175.000	165
1176.000	168
1177.000	158
1178.000	165
1179.000	168
1180.000	166
1181.000	157
1182.000	163
1183.000	157
1184.000	154
1185.000	161
1186.000	158
1187.000	158
1188.000	163
1189.000	161
1190.000	155
1191.000	157
1192.000	158
1193.000	157
1194.000	169
1195.000	152
1196.000	156
1197.000	156
1198.000	158
1199.000	160
1200.000	159
1201.000	156
1202.000	160
1203.000	160
1204.000	158
1205.000	162
1206.000	163
1207.000	162
1208.000	168
1209.000	156
1210.000	158
1211.000	169
1212.000	168
1213.000	161
1214.000	167
1215.000	166
1216.000	167
1217.000	171
1218.000	164
1219.000	167
1220.000	164
1221.000	161
1222.000	164
1223.000	167
1224.000	171
1225.000	163
1226.000	168
1227.000	174
1228.000	167
1229.000	166
1230.000	171
1231.000	169
1232.000	173
1233.000	176
1234.000	168
1235.000	170
1236.000	174
1237.000	174
1238.000	169
1239.000	163
1240.000	173
1241.000	163
1242.000	170
1243.000	168
1244.000	173
1245.000	172
1246.000	173
1247.000	172
1248.000	173
1249.000	158
1250.000	171
1251.000	167
1252.000	171
1253.000	171
1254.000	166
1255.000	171
1256.000	169
1257.000	170
1258.000	161
1259.000	164
1260.000	169
1261.000	173
1262.000	167
1263.000	166
1264.000	163
1265.000	171
1266.000	165
1267.000	170
1268.000	173
1269.000	165
1270.000	169
1271.000	163
1272.000	167
1273.000	160
1274.000	165
1275.000	169
1276.000	170
1277.000	166
1278.000	158
1279.000	166
1280.000	167
1281.000	163
1282.000	170
1283.000	166
1284.000	166
1285.000	169
1286.000	176
1287.000	169
1288.000	173
1289.000	175
1290.000	170
1291.000	179
1292.000	177
1293.000	177
1294.000	176
1295.000	184
1296.000	183
1297.000	177
1298.000	190
1299.000	188
1300.000	184
1301.000	188
1302.000	180
1303.000	186
1304.000	193
1305.000	183
1306.000	193
1307.000	186
1308.000	184
1309.000	182
1310.000	181
1311.000	174
1312.000	171
1313.000	176
1314.000	177
1315.000	178
1316.000	181
1317.000	172
1318.000	183
1319.000	172
1320.000	166
1321.000	178
1322.000	167
1323.000	175
1324.000	180
1325.000	172
1326.000	170
1327.000	173
1328.000	168
1329.000	174
1330.000	176
1331.000	174
1332.000	174
1333.000	171
1334.000	168
1335.000	169
1336.000	173
1337.000	177
1338.000	171
1339.000	176
1340.000	175
1341.000	170
1342.000	170
1343.000	176
1344.000	177
1345.000	178
1346.000	177
1347.000	172
1348.000	184
1349.000	174
1350.000	181
1351.000	182
1352.000	181
1353.000	178
1354.000	183
1355.000	192
1356.000	200
1357.000	216
1358.000	221
1359.000	230
1360.000	242
1361.000	259
1362.000	287
1363.000	312
1364.000	344
1365.000	383
1366.000	423
1367.000	453
1368.000	499
1369.000	558
1370.000	607
1371.000	655
1372.000	702
1373.000	754
1374.000	794
1375.000	847
1376.000	880
1377.000	899
1378.000	930
1379.000	937
1380.000	944
1381.000	933
1382.000	906
1383.000	880
1384.000	871
1385.000	814
1386.000	768
1387.000	722
1388.000	664
1389.000	611
1390.000	562
1391.000	499
1392.000	461
1393.000	419
1394.000	375
1395.000	335
1396.000	308
1397.000	277
1398.000	251
1399.000	238
1400.000	226
1401.000	210
1402.000	193
1403.000	204
1404.000	188
1405.000	186
1406.000	173
1407.000	174
1408.000	170
1409.000	169
1410.000	175
1411.000	168
1412.000	168
1413.000	169
1414.000	179
1415.000	173
1416.000	170
1417.000	176
1418.000	178
1419.000	169
1420.000	170
1421.000	177
1422.000	162
1423.000	168
1424.000	170
1425.000	168
1426.000	170
1427.000	166
1428.000	171
1429.000	171
1430.000	174
1431.000	169
1432.000	170
1433.000	168
1434.000	175
1435.000	172
1436.000	166
1437.000	174
1438.000	173
1439.000	171
1440.000	174
1441.000	180
1442.000	172
1443.000	177
1444.000	175
1445.000	179
1446.000	175
1447.000	182
1448.000	174
1449.000	185
1450.000	183
1451.000	177
1452.000	181
1453.000	180
1454.000	181
1455.000	186
1456.000	186
1457.000	189
1458.000	178
1459.000	180
1460.000	186
1461.000	184
1462.000	184
1463.000	181
1464.000	177
1465.000	188
1466.000	173
1467.000	188
1468.000	177
1469.000	177
1470.000	179
1471.000	180
1472.000	174
1473.000	182
1474.000	178
1475.000	175
1476.000	170
1477.000	175
1478.000	171
1479.000	174
1480.000	170
1481.000	174
1482.000	173
1483.000	174
1484.000	175
1485.000	181
1486.000	179
1487.000	178
1488.000	182
1489.000	177
1490.000	178
1491.000	181
1492.000	182
1493.000	177
1494.000	176
1495.000	179
1496.000	180
1497.000	177
1498.000	183
1499.000	180
1500.000	181
1501.000	174
1502.000	181
1503.000	176
1504.000	181
1505.000	185
1506.000	174
1507.000	183
1508.000	181
1509.000	185
1510.000	184
1511.000	185
1512.000	184
1513.000	185
1514.000	189
1515.000	188
1516.000	190
1517.000	188
1518.000	192
1519.000	193
1520.000	198
1521.000	198
1522.000	214
1523.000	198
1524.000	209
1525.000	210
1526.000	209
1527.000	223
1528.000	221
1529.000	232
1530.000	234
1531.000	245
1532.000	255
1533.000	263
1534.000	286
1535.000	268
1536.000	294
1537.000	298
1538.000	315
1539.000	323
1540.000	328
1541.000	323
1542.000	338
1543.000	335
1544.000	337
1545.000	340
1546.000	341
1547.000	335
1548.000	337
1549.000	327
1550.000	318
1551.000	311
1552.000	309
1553.000	304
1554.000	290
1555.000	288
1556.000	280
1557.000	275
1558.000	276
1559.000	264
1560.000	276
1561.000	271
1562.000	271
1563.000	279
1564.000	273
1565.000	286
1566.000	273
1567.000	287
1568.000	282
1569.000	297
1570.000	295
1571.000	308
1572.000	316
1573.000	311
1574.000	333
1575.000	325
1576.000	342
1577.000	353
1578.000	357
1579.000	360
1580.000	374
1581.000	390
1582.000	386
1583.000	405
1584.000	410
1585.000	432
1586.000	439
1587.000	442
1588.000	466
1589.000	463
1590.000	481
1591.000	494
1592.000	519
1593.000	521
1594.000	544
1595.000	536
1596.000	551
1597.000	565
1598.000	564
1599.000	579
1600.000	582
1601.000	591
1602.000	600
1603.000	600
1604.000	597
1605.000	607
1606.000	602
1607.000	618
1608.000	624
1609.000	613
1610.000	609
1611.000	602
1612.000	589
1613.000	594
1614.000	595
1615.000	597
1616.000	603
1617.000	574
1618.000	565
1619.000	561
1620.000	553
1621.000	545
1622.000	532
1623.000	523
1624.000	510
1625.000	496
1626.000	509
1627.000	478
1628.000	466
1629.000	464
1630.000	440
1631.000	433
1632.000	424
1633.000	410
1634.000	402
1635.000	379
1636.000	377
1637.000	360
1638.000	363
1639.000	340
1640.000	328
1641.000	325
1642.000	310
1643.000	308
1644.000	295
1645.000	289
1646.000	278
1647.000	276
1648.000	269
1649.000	257
1650.000	250
1651.000	244
1652.000	244
1653.000	237
1654.000	232
1655.000	222
1656.000	224
1657.000	212
1658.000	217
1659.000	207
1660.000	202
1661.000	204
1662.000	202
1663.000	195
1664.000	197
1665.000	192
1666.000	190
1667.000	179
1668.000	190
1669.000	188
1670.000	183
1671.000	182
1672.000	180
1673.000	176
1674.000	183
1675.000	187
1676.000	190
1677.000	197
1678.000	198
1679.000	210
1680.000	216
1681.000	224
1682.000	235
1683.000	252
1684.000	263
1685.000	287
1686.000	301
1687.000	318
1688.000	337
1689.000	362
1690.000	383
1691.000	410
1692.000	418
1693.000	437
1694.000	465
1695.000	480
1696.000	510
1697.000	533
1698.000	520
1699.000	545
1700.000	550
1701.000	546
1702.000	556
1703.000	551
1704.000	537
1705.000	534
1706.000	517
1707.000	507
1708.000	477
1709.000	460
1710.000	441
1711.000	409
1712.000	382
1713.000	362
1714.000	334
1715.000	313
1716.000	288
1717.000	275
1718.000	246
1719.000	240
1720.000	210
1721.000	196
1722.000	185
1723.000	177
1724.000	175
1725.000	163
1726.000	166
1727.000	158
1728.000	145
1729.000	152
1730.000	144
1731.000	144
1732.000	147
1733.000	132
1734.000	149
1735.000	143
1736.000	142
1737.000	149
1738.000	139
1739.000	143
1740.000	136
1741.000	141
1742.000	141
1743.000	140
1744.000	138
1745.000	142
1746.000	148
1747.000	142
1748.000	143
1749.000	141
1750.000	145
1751.000	153
1752.000	146
1753.000	146
1754.000	143
1755.000	150
1756.000	150
1757.000	148
1758.000	152
1759.000	156
1760.000	154
1761.000	153
1762.000	162
1763.000	169
1764.000	153
1765.000	163
1766.000	159
1767.000	160
1768.000	162
1769.000	169
1770.000	165
1771.000	169
1772.000	170
1773.000	184
1774.000	177
1775.000	185
1776.000	183
1777.000	184
1778.000	180
1779.000	184
1780.000	189
1781.000	182
1782.000	178
1783.000	193
1784.000	188
1785.000	188
1786.000	197
1787.000	200
1788.000	189
1789.000	194
1790.000	188
1791.000	196
1792.000	206
1793.000	205
1794.000	196
1795.000	196
1796.000	192
1797.000	197
1798.000	192
1799.000	196
1800.000	186
1801.000	199
1802.000	192
1803.000	188
1804.000	186
1805.000	184
1806.000	183
1807.000	178
1808.000	178
1809.000	182
1810.000	179
1811.000	179
1812.000	180
1813.000	179
1814.000	173
1815.000	165
1816.000	162
1817.000	167
1818.000	159
1819.000	153
1820.000	156
1821.000	157
1822.000	150
1823.000	149
1824.000	143
1825.000	144
1826.000	142
1827.000	141
1828.000	142
1829.000	136
1830.000	129
1831.000	128
1832.000	128
1833.000	126
1834.000	125
1835.000	124
1836.000	120
1837.000	125
1838.000	108
1839.000	119
1840.000	113
1841.000	107
1842.000	113
1843.000	106
1844.000	107
1845.000	101
1846.000	103
1847.000	101
1848.000	101
1849.000	103
1850.000	98
1851.000	107
1852.000	97
1853.000	96
1854.000	95
1855.000	94
1856.000	90
1857.000	97
1858.000	90
1859.000	86
1860.000	90
1861.000	90
1862.000	84
1863.000	83
1864.000	87
1865.000	85
1866.000	84
1867.000	79
1868.000	79
1869.000	84
1870.000	80
1871.000	80
1872.000	83
1873.000	76
1874.000	78
1875.000	78
1876.000	76
1877.000	72
1878.000	79
1879.000	76
1880.000	75
1881.000	77
1882.000	75
1883.000	74
1884.000	74
1885.000	78
1886.000	76
1887.000	76
1888.000	73
1889.000	73
1890.000	72
1891.000	78
1892.000	79
1893.000	79
1894.000	80
1895.000	85
1896.000	86
1897.000	91
1898.000	95
1899.000	91
1900.000	98
1901.000	96
1902.000	109
1903.000	104
1904.000	112
1905.000	109
1906.000	116
1907.000	117
1908.000	124
1909.000	125
1910.000	126
1911.000	125
1912.000	124
1913.000	123
1914.000	118
1915.000	119
1916.000	120
1917.000	111
1918.000	112
1919.000	107
1920.000	106
1921.000	101
1922.000	93
1923.000	92
1924.000	83
1925.000	81
1926.000	81
1927.000	80
1928.000	76
1929.000	77
1930.000	73
1931.000	71
1932.000	70
1933.000	74
1934.000	67
1935.000	67
1936.000	65
1937.000	70
1938.000	66
1939.000	64
1940.000	69
1941.000	68
1942.000	69
1943.000	72
1944.000	64
1945.000	67
1946.000	65
1947.000	68
1948.000	65
1949.000	64
1950.000	67
1951.000	60
1952.000	62
1953.000	61
1954.000	64
1955.000	64
1956.000	61
1957.000	56
1958.000	60
1959.000	61
1960.000	58
1961.000	54
1962.000	58
1963.000	55
1964.000	57
1965.000	55
1966.000	50
1967.000	48
1968.000	47
1969.000	53
1970.000	51
1971.000	50
1972.000	56
1973.000	50
1974.000	50
1975.000	48
1976.000	54
1977.000	53
1978.000	54
1979.000	51
1980.000	53
1981.000	53
1982.000	52
1983.000	48
1984.000	54
1985.000	55
1986.000	52
1987.000	52
1988.000	56
1989.000	53
1990.000	53
1991.000	51
1992.000	55
1993.000	53
1994.000	47
1995.000	49
1996.000	50
1997.000	49
1998.000	50
1999.000	49
2000.000	49
2001.000	52
2002.000	52
2003.000	46
2004.000	48
2005.000	52
2006.000	52
2007.000	49
2008.000	51
2009.000	48
2010.000	48
2011.000	46
2012.000	47
2013.000	51
2014.000	46
2015.000	48
2016.000	45
2017.000	52
2018.000	53
2019.000	49
2020.000	50
2021.000	51
2022.000	49
2023.000	45
2024.000	48
2025.000	50
2026.000	50
2027.000	49
2028.000	45
2029.000	44
2030.000	44
2031.000	48
2032.000	47
2033.000	48
2034.000	46
2035.000	48
2036.000	49
2037.000	47
2038.000	51
2039.000	48
2040.000	44
2041.000	44
2042.000	44
2043.000	49
2044.000	47
2045.000	43
2046.000	46
2047.000	49
2048.000	0
