Date:	17-Sep-20		Time:	11:47 PM		Version no:	0.00		Project name:	55		Sample name:	222		Section name:	section		Position	0.000000	mm	E0	0.000000	keV	E1	1.000000	keV/channel	sample surface	2.000000	cm	Tube anode:	Mo		Tube voltage:	30	kV	Tube current:	30	mA	gain	15		std. database			resultfile	result		matrix element	11		sample thickness	1.000000		air passage	0.560000	cm	comments	not in position		peaking_time	0.300000	m-sec	trigger_threshold	40.000000	V	mca_bin_width	2.000000	no:	number_mca_channels	2048.000000	no:	gap_time	2048.000000	m-sec	trigger_peaking_time	2048.000000	m-sec	GAINDAC	400		HIGHGAIN	400		TAURC	400		RCTAU	400		RCTAUFRAC	400		livetime	13.014294	seconds	runtime	15.000232	seconds	input_count_rate	80431.410221	cps	output_count_rate	69782.785033	cps	triggers	1173264	seconds	events_in_run	1020480	seconds	channel	content		1.000	0
2.000	0
3.000	0
4.000	0
5.000	0
6.000	0
7.000	0
8.000	0
9.000	0
10.000	0
11.000	0
12.000	0
13.000	0
14.000	0
15.000	0
16.000	0
17.000	0
18.000	0
19.000	0
20.000	0
21.000	0
22.000	0
23.000	0
24.000	0
25.000	0
26.000	0
27.000	0
28.000	0
29.000	0
30.000	0
31.000	0
32.000	1
33.000	0
34.000	0
35.000	0
36.000	0
37.000	0
38.000	0
39.000	0
40.000	0
41.000	0
42.000	0
43.000	0
44.000	1
45.000	0
46.000	0
47.000	0
48.000	1
49.000	1
50.000	1
51.000	2
52.000	2
53.000	2
54.000	3
55.000	5
56.000	7
57.000	9
58.000	12
59.000	18
60.000	21
61.000	22
62.000	26
63.000	28
64.000	26
65.000	31
66.000	27
67.000	26
68.000	26
69.000	25
70.000	25
71.000	27
72.000	24
73.000	25
74.000	25
75.000	23
76.000	26
77.000	23
78.000	23
79.000	26
80.000	25
81.000	22
82.000	20
83.000	25
84.000	24
85.000	27
86.000	23
87.000	27
88.000	23
89.000	23
90.000	21
91.000	21
92.000	20
93.000	20
94.000	22
95.000	20
96.000	21
97.000	21
98.000	19
99.000	20
100.000	22
101.000	21
102.000	18
103.000	19
104.000	20
105.000	20
106.000	19
107.000	17
108.000	17
109.000	17
110.000	19
111.000	19
112.000	17
113.000	16
114.000	17
115.000	19
116.000	19
117.000	15
118.000	18
119.000	17
120.000	16
121.000	15
122.000	15
123.000	18
124.000	16
125.000	14
126.000	17
127.000	13
128.000	16
129.000	14
130.000	14
131.000	13
132.000	14
133.000	17
134.000	15
135.000	16
136.000	15
137.000	17
138.000	14
139.000	15
140.000	18
141.000	21
142.000	22
143.000	23
144.000	25
145.000	26
146.000	26
147.000	27
148.000	25
149.000	24
150.000	19
151.000	19
152.000	16
153.000	17
154.000	17
155.000	16
156.000	13
157.000	15
158.000	15
159.000	15
160.000	12
161.000	16
162.000	18
163.000	19
164.000	23
165.000	31
166.000	39
167.000	47
168.000	57
169.000	69
170.000	74
171.000	71
172.000	68
173.000	62
174.000	52
175.000	44
176.000	35
177.000	32
178.000	27
179.000	25
180.000	25
181.000	30
182.000	35
183.000	44
184.000	53
185.000	77
186.000	91
187.000	125
188.000	147
189.000	164
190.000	187
191.000	189
192.000	184
193.000	169
194.000	140
195.000	110
196.000	91
197.000	69
198.000	51
199.000	35
200.000	27
201.000	22
202.000	15
203.000	16
204.000	15
205.000	15
206.000	15
207.000	16
208.000	16
209.000	15
210.000	11
211.000	14
212.000	17
213.000	17
214.000	18
215.000	19
216.000	17
217.000	24
218.000	26
219.000	30
220.000	33
221.000	38
222.000	38
223.000	42
224.000	40
225.000	38
226.000	34
227.000	31
228.000	26
229.000	23
230.000	18
231.000	19
232.000	17
233.000	15
234.000	13
235.000	12
236.000	12
237.000	13
238.000	12
239.000	12
240.000	12
241.000	12
242.000	12
243.000	13
244.000	14
245.000	15
246.000	15
247.000	18
248.000	26
249.000	36
250.000	45
251.000	62
252.000	79
253.000	95
254.000	114
255.000	131
256.000	149
257.000	149
258.000	145
259.000	127
260.000	122
261.000	101
262.000	82
263.000	62
264.000	48
265.000	39
266.000	29
267.000	25
268.000	22
269.000	23
270.000	25
271.000	25
272.000	28
273.000	30
274.000	30
275.000	32
276.000	29
277.000	32
278.000	30
279.000	26
280.000	28
281.000	28
282.000	29
283.000	34
284.000	39
285.000	45
286.000	57
287.000	61
288.000	68
289.000	74
290.000	70
291.000	70
292.000	72
293.000	59
294.000	54
295.000	44
296.000	40
297.000	29
298.000	25
299.000	24
300.000	19
301.000	22
302.000	19
303.000	18
304.000	22
305.000	20
306.000	24
307.000	23
308.000	24
309.000	27
310.000	28
311.000	29
312.000	34
313.000	41
314.000	45
315.000	58
316.000	68
317.000	85
318.000	106
319.000	135
320.000	169
321.000	200
322.000	223
323.000	254
324.000	258
325.000	258
326.000	252
327.000	230
328.000	200
329.000	160
330.000	134
331.000	101
332.000	77
333.000	58
334.000	47
335.000	33
336.000	32
337.000	29
338.000	29
339.000	31
340.000	32
341.000	42
342.000	50
343.000	64
344.000	84
345.000	108
346.000	162
347.000	249
348.000	370
349.000	575
350.000	917
351.000	1397
352.000	2106
353.000	3103
354.000	4410
355.000	6014
356.000	7950
357.000	9851
358.000	11801
359.000	13499
360.000	14691
361.000	15308
362.000	15175
363.000	14396
364.000	12979
365.000	11231
366.000	9199
367.000	7265
368.000	5449
369.000	3928
370.000	2692
371.000	1768
372.000	1126
373.000	691
374.000	424
375.000	272
376.000	175
377.000	139
378.000	131
379.000	132
380.000	159
381.000	212
382.000	286
383.000	388
384.000	521
385.000	686
386.000	899
387.000	1156
388.000	1415
389.000	1673
390.000	1927
391.000	2132
392.000	2224
393.000	2295
394.000	2221
395.000	2081
396.000	1844
397.000	1566
398.000	1264
399.000	999
400.000	737
401.000	544
402.000	382
403.000	253
404.000	162
405.000	105
406.000	67
407.000	41
408.000	28
409.000	19
410.000	15
411.000	12
412.000	11
413.000	10
414.000	9
415.000	10
416.000	10
417.000	9
418.000	11
419.000	11
420.000	10
421.000	10
422.000	10
423.000	11
424.000	12
425.000	16
426.000	21
427.000	25
428.000	31
429.000	50
430.000	64
431.000	93
432.000	130
433.000	183
434.000	234
435.000	308
436.000	376
437.000	465
438.000	512
439.000	578
440.000	614
441.000	620
442.000	620
443.000	578
444.000	542
445.000	475
446.000	388
447.000	323
448.000	267
449.000	196
450.000	158
451.000	132
452.000	104
453.000	91
454.000	72
455.000	72
456.000	61
457.000	62
458.000	54
459.000	47
460.000	42
461.000	40
462.000	34
463.000	29
464.000	26
465.000	23
466.000	25
467.000	25
468.000	24
469.000	24
470.000	29
471.000	31
472.000	38
473.000	43
474.000	54
475.000	64
476.000	78
477.000	87
478.000	95
479.000	107
480.000	122
481.000	121
482.000	128
483.000	128
484.000	128
485.000	117
486.000	104
487.000	105
488.000	78
489.000	65
490.000	56
491.000	48
492.000	41
493.000	34
494.000	26
495.000	26
496.000	21
497.000	21
498.000	19
499.000	18
500.000	19
501.000	18
502.000	21
503.000	20
504.000	20
505.000	21
506.000	25
507.000	24
508.000	25
509.000	24
510.000	24
511.000	27
512.000	30
513.000	29
514.000	27
515.000	31
516.000	29
517.000	32
518.000	36
519.000	41
520.000	43
521.000	42
522.000	47
523.000	52
524.000	55
525.000	59
526.000	63
527.000	60
528.000	72
529.000	71
530.000	67
531.000	65
532.000	62
533.000	57
534.000	54
535.000	46
536.000	41
537.000	42
538.000	34
539.000	35
540.000	33
541.000	30
542.000	28
543.000	27
544.000	26
545.000	28
546.000	29
547.000	27
548.000	27
549.000	26
550.000	27
551.000	24
552.000	26
553.000	29
554.000	29
555.000	30
556.000	29
557.000	34
558.000	31
559.000	33
560.000	37
561.000	36
562.000	42
563.000	43
564.000	48
565.000	54
566.000	67
567.000	72
568.000	88
569.000	104
570.000	122
571.000	132
572.000	149
573.000	165
574.000	179
575.000	187
576.000	193
577.000	194
578.000	184
579.000	177
580.000	157
581.000	146
582.000	137
583.000	111
584.000	94
585.000	81
586.000	71
587.000	60
588.000	57
589.000	46
590.000	47
591.000	48
592.000	44
593.000	43
594.000	45
595.000	46
596.000	46
597.000	44
598.000	47
599.000	51
600.000	54
601.000	61
602.000	62
603.000	68
604.000	82
605.000	94
606.000	126
607.000	163
608.000	214
609.000	298
610.000	436
611.000	635
612.000	900
613.000	1262
614.000	1757
615.000	2408
616.000	3164
617.000	4121
618.000	5141
619.000	6301
620.000	7445
621.000	8548
622.000	9658
623.000	10523
624.000	11008
625.000	11310
626.000	11287
627.000	10841
628.000	10107
629.000	9195
630.000	8148
631.000	6971
632.000	5796
633.000	4648
634.000	3643
635.000	2804
636.000	2085
637.000	1514
638.000	1063
639.000	745
640.000	520
641.000	365
642.000	256
643.000	183
644.000	139
645.000	111
646.000	94
647.000	83
648.000	81
649.000	71
650.000	73
651.000	67
652.000	70
653.000	67
654.000	68
655.000	71
656.000	69
657.000	69
658.000	77
659.000	76
660.000	76
661.000	79
662.000	80
663.000	81
664.000	85
665.000	89
666.000	86
667.000	94
668.000	107
669.000	110
670.000	112
671.000	133
672.000	147
673.000	163
674.000	204
675.000	241
676.000	294
677.000	364
678.000	451
679.000	543
680.000	681
681.000	835
682.000	982
683.000	1153
684.000	1349
685.000	1495
686.000	1634
687.000	1772
688.000	1816
689.000	1846
690.000	1840
691.000	1760
692.000	1650
693.000	1541
694.000	1338
695.000	1195
696.000	995
697.000	830
698.000	691
699.000	543
700.000	433
701.000	336
702.000	256
703.000	198
704.000	156
705.000	127
706.000	105
707.000	82
708.000	72
709.000	70
710.000	63
711.000	64
712.000	60
713.000	62
714.000	62
715.000	64
716.000	71
717.000	64
718.000	74
719.000	74
720.000	81
721.000	86
722.000	88
723.000	89
724.000	90
725.000	95
726.000	96
727.000	93
728.000	105
729.000	102
730.000	97
731.000	100
732.000	103
733.000	92
734.000	89
735.000	92
736.000	88
737.000	78
738.000	80
739.000	74
740.000	72
741.000	76
742.000	66
743.000	67
744.000	74
745.000	71
746.000	67
747.000	70
748.000	69
749.000	72
750.000	69
751.000	69
752.000	70
753.000	65
754.000	72
755.000	64
756.000	66
757.000	71
758.000	72
759.000	69
760.000	72
761.000	73
762.000	70
763.000	72
764.000	75
765.000	72
766.000	79
767.000	82
768.000	75
769.000	79
770.000	81
771.000	82
772.000	83
773.000	87
774.000	85
775.000	87
776.000	95
777.000	99
778.000	106
779.000	112
780.000	108
781.000	117
782.000	118
783.000	127
784.000	129
785.000	134
786.000	133
787.000	132
788.000	140
789.000	147
790.000	143
791.000	137
792.000	142
793.000	142
794.000	143
795.000	147
796.000	148
797.000	147
798.000	145
799.000	143
800.000	136
801.000	150
802.000	145
803.000	155
804.000	143
805.000	165
806.000	159
807.000	163
808.000	171
809.000	182
810.000	193
811.000	202
812.000	214
813.000	232
814.000	248
815.000	261
816.000	269
817.000	275
818.000	292
819.000	301
820.000	292
821.000	287
822.000	270
823.000	272
824.000	248
825.000	235
826.000	217
827.000	207
828.000	187
829.000	172
830.000	167
831.000	156
832.000	147
833.000	140
834.000	134
835.000	137
836.000	125
837.000	128
838.000	138
839.000	136
840.000	132
841.000	139
842.000	138
843.000	138
844.000	141
845.000	136
846.000	133
847.000	133
848.000	131
849.000	130
850.000	127
851.000	123
852.000	126
853.000	122
854.000	122
855.000	116
856.000	119
857.000	119
858.000	112
859.000	112
860.000	110
861.000	112
862.000	106
863.000	114
864.000	119
865.000	115
866.000	113
867.000	116
868.000	108
869.000	116
870.000	120
871.000	120
872.000	115
873.000	124
874.000	115
875.000	112
876.000	121
877.000	116
878.000	114
879.000	118
880.000	120
881.000	117
882.000	116
883.000	116
884.000	118
885.000	120
886.000	115
887.000	115
888.000	120
889.000	125
890.000	117
891.000	128
892.000	125
893.000	131
894.000	128
895.000	127
896.000	133
897.000	135
898.000	143
899.000	140
900.000	145
901.000	144
902.000	146
903.000	147
904.000	154
905.000	154
906.000	158
907.000	156
908.000	164
909.000	163
910.000	159
911.000	168
912.000	160
913.000	164
914.000	172
915.000	166
916.000	169
917.000	163
918.000	169
919.000	172
920.000	171
921.000	173
922.000	170
923.000	172
924.000	169
925.000	175
926.000	171
927.000	182
928.000	190
929.000	189
930.000	189
931.000	198
932.000	194
933.000	203
934.000	205
935.000	221
936.000	228
937.000	226
938.000	233
939.000	237
940.000	249
941.000	248
942.000	258
943.000	254
944.000	262
945.000	243
946.000	255
947.000	238
948.000	232
949.000	237
950.000	225
951.000	215
952.000	209
953.000	207
954.000	186
955.000	193
956.000	189
957.000	179
958.000	173
959.000	182
960.000	173
961.000	169
962.000	170
963.000	176
964.000	176
965.000	170
966.000	176
967.000	170
968.000	181
969.000	190
970.000	190
971.000	183
972.000	183
973.000	189
974.000	185
975.000	177
976.000	172
977.000	180
978.000	178
979.000	173
980.000	172
981.000	174
982.000	170
983.000	157
984.000	164
985.000	165
986.000	158
987.000	152
988.000	149
989.000	148
990.000	147
991.000	147
992.000	140
993.000	149
994.000	144
995.000	140
996.000	139
997.000	132
998.000	136
999.000	134
1000.000	134
1001.000	138
1002.000	134
1003.000	131
1004.000	131
1005.000	131
1006.000	133
1007.000	139
1008.000	136
1009.000	134
1010.000	141
1011.000	129
1012.000	134
1013.000	136
1014.000	129
1015.000	130
1016.000	134
1017.000	133
1018.000	135
1019.000	135
1020.000	137
1021.000	136
1022.000	145
1023.000	138
1024.000	135
1025.000	140
1026.000	137
1027.000	143
1028.000	143
1029.000	142
1030.000	143
1031.000	142
1032.000	142
1033.000	142
1034.000	140
1035.000	141
1036.000	144
1037.000	140
1038.000	141
1039.000	144
1040.000	144
1041.000	146
1042.000	145
1043.000	150
1044.000	146
1045.000	151
1046.000	146
1047.000	153
1048.000	149
1049.000	152
1050.000	146
1051.000	148
1052.000	154
1053.000	148
1054.000	161
1055.000	152
1056.000	149
1057.000	154
1058.000	154
1059.000	149
1060.000	154
1061.000	155
1062.000	159
1063.000	149
1064.000	157
1065.000	153
1066.000	152
1067.000	155
1068.000	159
1069.000	155
1070.000	157
1071.000	156
1072.000	157
1073.000	157
1074.000	156
1075.000	158
1076.000	154
1077.000	158
1078.000	155
1079.000	157
1080.000	153
1081.000	154
1082.000	154
1083.000	147
1084.000	149
1085.000	161
1086.000	146
1087.000	154
1088.000	155
1089.000	161
1090.000	161
1091.000	162
1092.000	158
1093.000	159
1094.000	159
1095.000	172
1096.000	158
1097.000	159
1098.000	171
1099.000	163
1100.000	173
1101.000	174
1102.000	166
1103.000	162
1104.000	169
1105.000	171
1106.000	166
1107.000	168
1108.000	163
1109.000	159
1110.000	161
1111.000	161
1112.000	154
1113.000	158
1114.000	158
1115.000	162
1116.000	157
1117.000	155
1118.000	162
1119.000	157
1120.000	157
1121.000	150
1122.000	161
1123.000	160
1124.000	158
1125.000	157
1126.000	158
1127.000	161
1128.000	156
1129.000	158
1130.000	156
1131.000	159
1132.000	153
1133.000	157
1134.000	161
1135.000	157
1136.000	160
1137.000	160
1138.000	165
1139.000	158
1140.000	164
1141.000	161
1142.000	158
1143.000	159
1144.000	157
1145.000	156
1146.000	158
1147.000	160
1148.000	162
1149.000	159
1150.000	162
1151.000	164
1152.000	168
1153.000	163
1154.000	168
1155.000	170
1156.000	169
1157.000	172
1158.000	177
1159.000	180
1160.000	175
1161.000	179
1162.000	182
1163.000	180
1164.000	181
1165.000	186
1166.000	179
1167.000	167
1168.000	178
1169.000	173
1170.000	165
1171.000	165
1172.000	165
1173.000	159
1174.000	167
1175.000	160
1176.000	157
1177.000	164
1178.000	155
1179.000	157
1180.000	150
1181.000	154
1182.000	158
1183.000	154
1184.000	152
1185.000	155
1186.000	156
1187.000	155
1188.000	164
1189.000	153
1190.000	150
1191.000	156
1192.000	158
1193.000	157
1194.000	158
1195.000	153
1196.000	158
1197.000	152
1198.000	159
1199.000	155
1200.000	158
1201.000	158
1202.000	156
1203.000	159
1204.000	159
1205.000	162
1206.000	159
1207.000	155
1208.000	165
1209.000	157
1210.000	157
1211.000	161
1212.000	163
1213.000	167
1214.000	155
1215.000	157
1216.000	159
1217.000	154
1218.000	163
1219.000	166
1220.000	162
1221.000	168
1222.000	158
1223.000	157
1224.000	160
1225.000	157
1226.000	159
1227.000	163
1228.000	162
1229.000	167
1230.000	161
1231.000	163
1232.000	161
1233.000	166
1234.000	161
1235.000	167
1236.000	168
1237.000	167
1238.000	165
1239.000	162
1240.000	163
1241.000	170
1242.000	168
1243.000	166
1244.000	175
1245.000	167
1246.000	172
1247.000	170
1248.000	170
1249.000	167
1250.000	172
1251.000	167
1252.000	172
1253.000	166
1254.000	168
1255.000	166
1256.000	164
1257.000	163
1258.000	170
1259.000	167
1260.000	166
1261.000	162
1262.000	167
1263.000	164
1264.000	160
1265.000	163
1266.000	163
1267.000	165
1268.000	167
1269.000	171
1270.000	162
1271.000	161
1272.000	171
1273.000	164
1274.000	160
1275.000	170
1276.000	160
1277.000	161
1278.000	163
1279.000	164
1280.000	164
1281.000	172
1282.000	169
1283.000	174
1284.000	162
1285.000	168
1286.000	165
1287.000	165
1288.000	158
1289.000	172
1290.000	165
1291.000	171
1292.000	165
1293.000	172
1294.000	174
1295.000	173
1296.000	171
1297.000	179
1298.000	177
1299.000	182
1300.000	178
1301.000	180
1302.000	180
1303.000	191
1304.000	191
1305.000	186
1306.000	189
1307.000	182
1308.000	179
1309.000	180
1310.000	183
1311.000	182
1312.000	173
1313.000	173
1314.000	182
1315.000	175
1316.000	174
1317.000	168
1318.000	169
1319.000	168
1320.000	174
1321.000	169
1322.000	168
1323.000	172
1324.000	170
1325.000	179
1326.000	164
1327.000	165
1328.000	175
1329.000	176
1330.000	167
1331.000	173
1332.000	164
1333.000	173
1334.000	163
1335.000	174
1336.000	168
1337.000	167
1338.000	173
1339.000	176
1340.000	173
1341.000	161
1342.000	174
1343.000	167
1344.000	165
1345.000	174
1346.000	168
1347.000	172
1348.000	174
1349.000	175
1350.000	172
1351.000	173
1352.000	183
1353.000	182
1354.000	186
1355.000	184
1356.000	196
1357.000	193
1358.000	205
1359.000	216
1360.000	225
1361.000	248
1362.000	263
1363.000	280
1364.000	302
1365.000	333
1366.000	366
1367.000	394
1368.000	437
1369.000	477
1370.000	531
1371.000	565
1372.000	607
1373.000	654
1374.000	683
1375.000	743
1376.000	761
1377.000	778
1378.000	789
1379.000	794
1380.000	799
1381.000	796
1382.000	795
1383.000	763
1384.000	745
1385.000	696
1386.000	671
1387.000	621
1388.000	572
1389.000	521
1390.000	477
1391.000	426
1392.000	408
1393.000	369
1394.000	330
1395.000	297
1396.000	272
1397.000	249
1398.000	236
1399.000	219
1400.000	207
1401.000	194
1402.000	204
1403.000	176
1404.000	184
1405.000	171
1406.000	176
1407.000	167
1408.000	166
1409.000	160
1410.000	164
1411.000	167
1412.000	163
1413.000	171
1414.000	172
1415.000	170
1416.000	163
1417.000	164
1418.000	165
1419.000	163
1420.000	161
1421.000	172
1422.000	170
1423.000	168
1424.000	170
1425.000	160
1426.000	164
1427.000	171
1428.000	166
1429.000	163
1430.000	166
1431.000	170
1432.000	173
1433.000	165
1434.000	162
1435.000	173
1436.000	161
1437.000	163
1438.000	171
1439.000	169
1440.000	170
1441.000	169
1442.000	169
1443.000	178
1444.000	180
1445.000	178
1446.000	169
1447.000	174
1448.000	175
1449.000	173
1450.000	170
1451.000	177
1452.000	187
1453.000	179
1454.000	175
1455.000	172
1456.000	182
1457.000	180
1458.000	177
1459.000	187
1460.000	178
1461.000	176
1462.000	176
1463.000	192
1464.000	178
1465.000	182
1466.000	180
1467.000	175
1468.000	177
1469.000	178
1470.000	177
1471.000	174
1472.000	171
1473.000	164
1474.000	175
1475.000	171
1476.000	175
1477.000	176
1478.000	181
1479.000	176
1480.000	169
1481.000	165
1482.000	176
1483.000	174
1484.000	177
1485.000	168
1486.000	174
1487.000	176
1488.000	173
1489.000	177
1490.000	173
1491.000	173
1492.000	185
1493.000	172
1494.000	176
1495.000	175
1496.000	175
1497.000	179
1498.000	184
1499.000	168
1500.000	173
1501.000	175
1502.000	181
1503.000	180
1504.000	179
1505.000	176
1506.000	176
1507.000	173
1508.000	185
1509.000	178
1510.000	173
1511.000	178
1512.000	178
1513.000	186
1514.000	184
1515.000	191
1516.000	188
1517.000	189
1518.000	188
1519.000	193
1520.000	197
1521.000	192
1522.000	208
1523.000	202
1524.000	206
1525.000	215
1526.000	221
1527.000	220
1528.000	230
1529.000	239
1530.000	248
1531.000	253
1532.000	263
1533.000	265
1534.000	275
1535.000	284
1536.000	299
1537.000	302
1538.000	307
1539.000	319
1540.000	321
1541.000	322
1542.000	316
1543.000	322
1544.000	331
1545.000	321
1546.000	323
1547.000	319
1548.000	314
1549.000	307
1550.000	306
1551.000	313
1552.000	285
1553.000	289
1554.000	286
1555.000	275
1556.000	272
1557.000	264
1558.000	268
1559.000	263
1560.000	260
1561.000	262
1562.000	261
1563.000	259
1564.000	270
1565.000	265
1566.000	268
1567.000	280
1568.000	278
1569.000	277
1570.000	305
1571.000	295
1572.000	317
1573.000	307
1574.000	323
1575.000	320
1576.000	329
1577.000	330
1578.000	350
1579.000	360
1580.000	360
1581.000	376
1582.000	382
1583.000	395
1584.000	400
1585.000	406
1586.000	434
1587.000	427
1588.000	442
1589.000	453
1590.000	462
1591.000	474
1592.000	479
1593.000	500
1594.000	509
1595.000	522
1596.000	537
1597.000	539
1598.000	535
1599.000	559
1600.000	537
1601.000	562
1602.000	564
1603.000	568
1604.000	572
1605.000	588
1606.000	590
1607.000	588
1608.000	594
1609.000	602
1610.000	595
1611.000	584
1612.000	575
1613.000	579
1614.000	559
1615.000	585
1616.000	566
1617.000	564
1618.000	557
1619.000	555
1620.000	538
1621.000	513
1622.000	505
1623.000	516
1624.000	496
1625.000	481
1626.000	475
1627.000	461
1628.000	447
1629.000	436
1630.000	431
1631.000	424
1632.000	399
1633.000	404
1634.000	382
1635.000	375
1636.000	365
1637.000	346
1638.000	348
1639.000	330
1640.000	322
1641.000	314
1642.000	321
1643.000	298
1644.000	291
1645.000	279
1646.000	277
1647.000	266
1648.000	254
1649.000	248
1650.000	246
1651.000	241
1652.000	237
1653.000	227
1654.000	225
1655.000	218
1656.000	215
1657.000	209
1658.000	203
1659.000	209
1660.000	198
1661.000	211
1662.000	200
1663.000	191
1664.000	193
1665.000	191
1666.000	179
1667.000	182
1668.000	183
1669.000	179
1670.000	178
1671.000	179
1672.000	182
1673.000	173
1674.000	177
1675.000	180
1676.000	189
1677.000	188
1678.000	197
1679.000	200
1680.000	211
1681.000	225
1682.000	235
1683.000	245
1684.000	262
1685.000	277
1686.000	288
1687.000	320
1688.000	322
1689.000	356
1690.000	373
1691.000	404
1692.000	420
1693.000	446
1694.000	461
1695.000	478
1696.000	493
1697.000	503
1698.000	514
1699.000	528
1700.000	528
1701.000	535
1702.000	542
1703.000	523
1704.000	530
1705.000	511
1706.000	505
1707.000	491
1708.000	479
1709.000	451
1710.000	425
1711.000	390
1712.000	382
1713.000	347
1714.000	324
1715.000	321
1716.000	288
1717.000	265
1718.000	248
1719.000	228
1720.000	221
1721.000	197
1722.000	185
1723.000	180
1724.000	173
1725.000	165
1726.000	163
1727.000	153
1728.000	153
1729.000	146
1730.000	146
1731.000	142
1732.000	142
1733.000	140
1734.000	137
1735.000	140
1736.000	134
1737.000	140
1738.000	140
1739.000	139
1740.000	138
1741.000	141
1742.000	138
1743.000	146
1744.000	137
1745.000	139
1746.000	132
1747.000	139
1748.000	143
1749.000	146
1750.000	140
1751.000	145
1752.000	148
1753.000	142
1754.000	149
1755.000	151
1756.000	145
1757.000	148
1758.000	148
1759.000	148
1760.000	145
1761.000	148
1762.000	150
1763.000	152
1764.000	153
1765.000	155
1766.000	164
1767.000	160
1768.000	160
1769.000	167
1770.000	165
1771.000	168
1772.000	165
1773.000	163
1774.000	165
1775.000	167
1776.000	178
1777.000	173
1778.000	173
1779.000	181
1780.000	179
1781.000	173
1782.000	189
1783.000	181
1784.000	186
1785.000	183
1786.000	186
1787.000	183
1788.000	192
1789.000	189
1790.000	186
1791.000	192
1792.000	183
1793.000	187
1794.000	190
1795.000	186
1796.000	183
1797.000	190
1798.000	185
1799.000	189
1800.000	178
1801.000	188
1802.000	186
1803.000	181
1804.000	184
1805.000	181
1806.000	173
1807.000	173
1808.000	171
1809.000	171
1810.000	167
1811.000	171
1812.000	167
1813.000	164
1814.000	161
1815.000	164
1816.000	157
1817.000	150
1818.000	162
1819.000	160
1820.000	145
1821.000	146
1822.000	145
1823.000	147
1824.000	135
1825.000	141
1826.000	138
1827.000	136
1828.000	135
1829.000	128
1830.000	127
1831.000	123
1832.000	128
1833.000	124
1834.000	116
1835.000	118
1836.000	121
1837.000	114
1838.000	111
1839.000	113
1840.000	107
1841.000	111
1842.000	107
1843.000	106
1844.000	105
1845.000	101
1846.000	103
1847.000	99
1848.000	101
1849.000	100
1850.000	95
1851.000	95
1852.000	94
1853.000	93
1854.000	90
1855.000	88
1856.000	89
1857.000	83
1858.000	83
1859.000	88
1860.000	82
1861.000	88
1862.000	82
1863.000	84
1864.000	81
1865.000	82
1866.000	78
1867.000	85
1868.000	80
1869.000	77
1870.000	79
1871.000	78
1872.000	74
1873.000	80
1874.000	77
1875.000	69
1876.000	78
1877.000	80
1878.000	72
1879.000	74
1880.000	78
1881.000	74
1882.000	73
1883.000	74
1884.000	71
1885.000	71
1886.000	73
1887.000	75
1888.000	73
1889.000	76
1890.000	71
1891.000	78
1892.000	78
1893.000	76
1894.000	76
1895.000	82
1896.000	85
1897.000	81
1898.000	89
1899.000	95
1900.000	93
1901.000	97
1902.000	104
1903.000	103
1904.000	104
1905.000	111
1906.000	112
1907.000	117
1908.000	120
1909.000	119
1910.000	119
1911.000	123
1912.000	120
1913.000	118
1914.000	115
1915.000	117
1916.000	115
1917.000	108
1918.000	110
1919.000	104
1920.000	99
1921.000	96
1922.000	94
1923.000	90
1924.000	83
1925.000	82
1926.000	83
1927.000	79
1928.000	78
1929.000	72
1930.000	71
1931.000	68
1932.000	71
1933.000	69
1934.000	66
1935.000	71
1936.000	66
1937.000	68
1938.000	66
1939.000	65
1940.000	66
1941.000	69
1942.000	66
1943.000	66
1944.000	67
1945.000	64
1946.000	68
1947.000	62
1948.000	63
1949.000	65
1950.000	59
1951.000	64
1952.000	59
1953.000	62
1954.000	63
1955.000	63
1956.000	59
1957.000	56
1958.000	58
1959.000	57
1960.000	56
1961.000	56
1962.000	56
1963.000	55
1964.000	57
1965.000	51
1966.000	52
1967.000	49
1968.000	51
1969.000	53
1970.000	48
1971.000	49
1972.000	51
1973.000	53
1974.000	50
1975.000	52
1976.000	51
1977.000	48
1978.000	48
1979.000	49
1980.000	47
1981.000	51
1982.000	45
1983.000	49
1984.000	46
1985.000	50
1986.000	50
1987.000	51
1988.000	54
1989.000	49
1990.000	54
1991.000	48
1992.000	51
1993.000	51
1994.000	49
1995.000	49
1996.000	47
1997.000	45
1998.000	49
1999.000	45
2000.000	48
2001.000	44
2002.000	50
2003.000	48
2004.000	54
2005.000	46
2006.000	49
2007.000	47
2008.000	50
2009.000	47
2010.000	49
2011.000	51
2012.000	47
2013.000	50
2014.000	47
2015.000	46
2016.000	48
2017.000	46
2018.000	47
2019.000	49
2020.000	43
2021.000	47
2022.000	49
2023.000	45
2024.000	46
2025.000	46
2026.000	45
2027.000	49
2028.000	47
2029.000	45
2030.000	44
2031.000	45
2032.000	46
2033.000	47
2034.000	49
2035.000	45
2036.000	44
2037.000	48
2038.000	44
2039.000	45
2040.000	48
2041.000	46
2042.000	42
2043.000	46
2044.000	48
2045.000	45
2046.000	41
2047.000	47
2048.000	0
