Date:	23-Sep-20		Time:	11:32 PM		Version no:	0.00		Project name:	55		Sample name:	222		Section name:	section		Position	0.000000	mm	E0	0.000000	keV	E1	1.000000	keV/channel	sample surface	2.000000	cm	Tube anode:	Mo		Tube voltage:	30	kV	Tube current:	30	mA	gain	15		std. database			resultfile	result		matrix element	11		sample thickness	1.000000		air passage	0.560000	cm	comments	not in position		peaking_time	0.300000	m-sec	trigger_threshold	40.000000	V	mca_bin_width	2.000000	no:	number_mca_channels	2048.000000	no:	gap_time	2048.000000	m-sec	trigger_peaking_time	2048.000000	m-sec	GAINDAC	400		HIGHGAIN	400		TAURC	400		RCTAU	400		RCTAUFRAC	400		livetime	13.334824	seconds	runtime	15.000351	seconds	input_count_rate	47769.585089	cps	output_count_rate	42465.604889	cps	triggers	704307	seconds	events_in_run	618783	seconds	channel	content		1.000	0
2.000	0
3.000	0
4.000	0
5.000	0
6.000	0
7.000	0
8.000	0
9.000	0
10.000	0
11.000	0
12.000	0
13.000	0
14.000	0
15.000	0
16.000	0
17.000	0
18.000	0
19.000	0
20.000	0
21.000	0
22.000	0
23.000	0
24.000	0
25.000	0
26.000	0
27.000	0
28.000	0
29.000	0
30.000	0
31.000	0
32.000	0
33.000	1
34.000	0
35.000	1
36.000	1
37.000	0
38.000	0
39.000	0
40.000	0
41.000	0
42.000	0
43.000	1
44.000	0
45.000	0
46.000	0
47.000	0
48.000	1
49.000	1
50.000	2
51.000	2
52.000	2
53.000	3
54.000	3
55.000	6
56.000	7
57.000	7
58.000	13
59.000	18
60.000	22
61.000	29
62.000	28
63.000	32
64.000	29
65.000	30
66.000	30
67.000	27
68.000	23
69.000	23
70.000	26
71.000	23
72.000	23
73.000	27
74.000	25
75.000	27
76.000	25
77.000	26
78.000	24
79.000	27
80.000	25
81.000	23
82.000	24
83.000	25
84.000	26
85.000	25
86.000	25
87.000	25
88.000	26
89.000	25
90.000	24
91.000	24
92.000	22
93.000	24
94.000	23
95.000	21
96.000	18
97.000	24
98.000	23
99.000	18
100.000	19
101.000	20
102.000	20
103.000	18
104.000	19
105.000	21
106.000	18
107.000	20
108.000	18
109.000	20
110.000	17
111.000	21
112.000	18
113.000	20
114.000	18
115.000	18
116.000	18
117.000	18
118.000	18
119.000	17
120.000	17
121.000	18
122.000	18
123.000	19
124.000	18
125.000	18
126.000	18
127.000	16
128.000	14
129.000	16
130.000	17
131.000	16
132.000	16
133.000	17
134.000	17
135.000	15
136.000	17
137.000	16
138.000	17
139.000	16
140.000	19
141.000	20
142.000	20
143.000	23
144.000	24
145.000	24
146.000	28
147.000	26
148.000	24
149.000	24
150.000	19
151.000	21
152.000	15
153.000	20
154.000	19
155.000	16
156.000	15
157.000	16
158.000	15
159.000	15
160.000	15
161.000	14
162.000	15
163.000	17
164.000	18
165.000	20
166.000	26
167.000	31
168.000	38
169.000	39
170.000	43
171.000	43
172.000	42
173.000	43
174.000	38
175.000	30
176.000	27
177.000	28
178.000	29
179.000	30
180.000	34
181.000	36
182.000	46
183.000	61
184.000	78
185.000	106
186.000	142
187.000	183
188.000	234
189.000	262
190.000	292
191.000	298
192.000	295
193.000	264
194.000	218
195.000	177
196.000	131
197.000	95
198.000	68
199.000	49
200.000	36
201.000	27
202.000	20
203.000	16
204.000	16
205.000	18
206.000	17
207.000	19
208.000	18
209.000	19
210.000	18
211.000	20
212.000	22
213.000	19
214.000	24
215.000	26
216.000	26
217.000	33
218.000	39
219.000	42
220.000	46
221.000	51
222.000	55
223.000	52
224.000	56
225.000	49
226.000	47
227.000	42
228.000	35
229.000	29
230.000	26
231.000	22
232.000	18
233.000	15
234.000	15
235.000	16
236.000	17
237.000	15
238.000	14
239.000	14
240.000	13
241.000	14
242.000	15
243.000	16
244.000	14
245.000	16
246.000	19
247.000	22
248.000	27
249.000	38
250.000	54
251.000	68
252.000	87
253.000	115
254.000	139
255.000	152
256.000	172
257.000	174
258.000	163
259.000	151
260.000	132
261.000	115
262.000	87
263.000	69
264.000	56
265.000	41
266.000	34
267.000	26
268.000	25
269.000	28
270.000	25
271.000	28
272.000	28
273.000	26
274.000	32
275.000	34
276.000	35
277.000	35
278.000	32
279.000	34
280.000	34
281.000	32
282.000	36
283.000	40
284.000	47
285.000	53
286.000	68
287.000	73
288.000	84
289.000	90
290.000	85
291.000	86
292.000	81
293.000	72
294.000	61
295.000	53
296.000	45
297.000	37
298.000	32
299.000	29
300.000	26
301.000	24
302.000	24
303.000	30
304.000	26
305.000	26
306.000	30
307.000	30
308.000	32
309.000	36
310.000	38
311.000	38
312.000	42
313.000	42
314.000	46
315.000	56
316.000	66
317.000	75
318.000	85
319.000	109
320.000	134
321.000	144
322.000	163
323.000	168
324.000	190
325.000	183
326.000	180
327.000	166
328.000	144
329.000	124
330.000	106
331.000	86
332.000	63
333.000	53
334.000	44
335.000	37
336.000	37
337.000	37
338.000	38
339.000	42
340.000	52
341.000	60
342.000	76
343.000	91
344.000	116
345.000	161
346.000	242
347.000	361
348.000	572
349.000	903
350.000	1392
351.000	2201
352.000	3361
353.000	4906
354.000	6989
355.000	9588
356.000	12571
357.000	15745
358.000	18872
359.000	21555
360.000	23500
361.000	24472
362.000	24309
363.000	23130
364.000	20905
365.000	17948
366.000	14772
367.000	11658
368.000	8811
369.000	6254
370.000	4278
371.000	2834
372.000	1798
373.000	1104
374.000	677
375.000	429
376.000	282
377.000	217
378.000	198
379.000	215
380.000	259
381.000	328
382.000	444
383.000	614
384.000	821
385.000	1094
386.000	1444
387.000	1845
388.000	2277
389.000	2728
390.000	3092
391.000	3388
392.000	3583
393.000	3631
394.000	3524
395.000	3304
396.000	2919
397.000	2488
398.000	2021
399.000	1597
400.000	1175
401.000	861
402.000	598
403.000	398
404.000	262
405.000	157
406.000	100
407.000	60
408.000	34
409.000	24
410.000	16
411.000	14
412.000	10
413.000	9
414.000	8
415.000	7
416.000	7
417.000	8
418.000	9
419.000	6
420.000	6
421.000	9
422.000	7
423.000	9
424.000	11
425.000	11
426.000	10
427.000	11
428.000	13
429.000	17
430.000	24
431.000	29
432.000	37
433.000	50
434.000	66
435.000	81
436.000	96
437.000	111
438.000	131
439.000	137
440.000	152
441.000	152
442.000	151
443.000	146
444.000	130
445.000	117
446.000	102
447.000	82
448.000	65
449.000	57
450.000	47
451.000	37
452.000	36
453.000	29
454.000	26
455.000	24
456.000	21
457.000	23
458.000	20
459.000	22
460.000	18
461.000	17
462.000	15
463.000	11
464.000	16
465.000	11
466.000	12
467.000	15
468.000	13
469.000	15
470.000	14
471.000	17
472.000	17
473.000	19
474.000	19
475.000	20
476.000	24
477.000	27
478.000	31
479.000	31
480.000	34
481.000	42
482.000	36
483.000	37
484.000	35
485.000	34
486.000	35
487.000	32
488.000	28
489.000	29
490.000	21
491.000	22
492.000	18
493.000	17
494.000	17
495.000	16
496.000	14
497.000	13
498.000	13
499.000	14
500.000	15
501.000	14
502.000	15
503.000	16
504.000	17
505.000	17
506.000	16
507.000	16
508.000	17
509.000	18
510.000	19
511.000	18
512.000	19
513.000	21
514.000	19
515.000	21
516.000	22
517.000	22
518.000	25
519.000	23
520.000	28
521.000	28
522.000	30
523.000	32
524.000	34
525.000	38
526.000	38
527.000	40
528.000	43
529.000	44
530.000	43
531.000	40
532.000	40
533.000	36
534.000	35
535.000	30
536.000	26
537.000	25
538.000	27
539.000	21
540.000	19
541.000	20
542.000	20
543.000	22
544.000	20
545.000	21
546.000	18
547.000	20
548.000	21
549.000	22
550.000	22
551.000	20
552.000	23
553.000	25
554.000	23
555.000	23
556.000	26
557.000	27
558.000	26
559.000	26
560.000	32
561.000	32
562.000	32
563.000	30
564.000	38
565.000	39
566.000	43
567.000	44
568.000	52
569.000	56
570.000	63
571.000	65
572.000	69
573.000	80
574.000	84
575.000	78
576.000	79
577.000	83
578.000	75
579.000	76
580.000	71
581.000	65
582.000	59
583.000	54
584.000	48
585.000	40
586.000	38
587.000	38
588.000	30
589.000	29
590.000	25
591.000	27
592.000	24
593.000	26
594.000	27
595.000	27
596.000	28
597.000	27
598.000	25
599.000	26
600.000	30
601.000	30
602.000	32
603.000	34
604.000	34
605.000	45
606.000	51
607.000	62
608.000	72
609.000	101
610.000	130
611.000	177
612.000	260
613.000	362
614.000	487
615.000	652
616.000	854
617.000	1094
618.000	1379
619.000	1668
620.000	1973
621.000	2292
622.000	2506
623.000	2797
624.000	2921
625.000	3001
626.000	2950
627.000	2890
628.000	2674
629.000	2426
630.000	2134
631.000	1841
632.000	1554
633.000	1259
634.000	997
635.000	767
636.000	570
637.000	432
638.000	320
639.000	227
640.000	174
641.000	122
642.000	104
643.000	84
644.000	68
645.000	57
646.000	58
647.000	52
648.000	50
649.000	53
650.000	49
651.000	51
652.000	52
653.000	50
654.000	49
655.000	53
656.000	48
657.000	51
658.000	54
659.000	54
660.000	57
661.000	54
662.000	56
663.000	61
664.000	60
665.000	57
666.000	59
667.000	68
668.000	63
669.000	65
670.000	70
671.000	75
672.000	76
673.000	88
674.000	92
675.000	105
676.000	124
677.000	136
678.000	165
679.000	188
680.000	218
681.000	264
682.000	301
683.000	343
684.000	384
685.000	422
686.000	460
687.000	497
688.000	521
689.000	533
690.000	514
691.000	507
692.000	477
693.000	426
694.000	397
695.000	359
696.000	300
697.000	263
698.000	214
699.000	178
700.000	154
701.000	122
702.000	110
703.000	91
704.000	75
705.000	71
706.000	67
707.000	65
708.000	63
709.000	56
710.000	60
711.000	60
712.000	62
713.000	62
714.000	66
715.000	68
716.000	74
717.000	73
718.000	80
719.000	80
720.000	82
721.000	84
722.000	93
723.000	91
724.000	89
725.000	99
726.000	93
727.000	91
728.000	92
729.000	89
730.000	94
731.000	89
732.000	82
733.000	84
734.000	84
735.000	79
736.000	78
737.000	74
738.000	74
739.000	65
740.000	67
741.000	71
742.000	68
743.000	65
744.000	65
745.000	63
746.000	67
747.000	66
748.000	68
749.000	72
750.000	71
751.000	67
752.000	71
753.000	71
754.000	68
755.000	70
756.000	72
757.000	70
758.000	74
759.000	69
760.000	73
761.000	68
762.000	72
763.000	76
764.000	68
765.000	71
766.000	69
767.000	72
768.000	71
769.000	81
770.000	74
771.000	81
772.000	80
773.000	76
774.000	82
775.000	88
776.000	86
777.000	92
778.000	93
779.000	99
780.000	102
781.000	99
782.000	108
783.000	108
784.000	115
785.000	116
786.000	120
787.000	124
788.000	120
789.000	125
790.000	131
791.000	123
792.000	131
793.000	137
794.000	133
795.000	137
796.000	137
797.000	137
798.000	133
799.000	127
800.000	136
801.000	143
802.000	142
803.000	141
804.000	153
805.000	157
806.000	156
807.000	172
808.000	174
809.000	186
810.000	192
811.000	205
812.000	230
813.000	245
814.000	258
815.000	260
816.000	296
817.000	316
818.000	300
819.000	304
820.000	317
821.000	313
822.000	300
823.000	280
824.000	278
825.000	261
826.000	235
827.000	224
828.000	193
829.000	180
830.000	165
831.000	159
832.000	146
833.000	136
834.000	131
835.000	122
836.000	122
837.000	123
838.000	126
839.000	122
840.000	124
841.000	117
842.000	123
843.000	127
844.000	114
845.000	121
846.000	121
847.000	120
848.000	122
849.000	124
850.000	118
851.000	115
852.000	117
853.000	116
854.000	114
855.000	110
856.000	111
857.000	114
858.000	109
859.000	120
860.000	116
861.000	112
862.000	114
863.000	114
864.000	109
865.000	116
866.000	115
867.000	115
868.000	113
869.000	107
870.000	111
871.000	112
872.000	112
873.000	105
874.000	110
875.000	110
876.000	107
877.000	114
878.000	102
879.000	120
880.000	109
881.000	107
882.000	109
883.000	111
884.000	113
885.000	117
886.000	117
887.000	115
888.000	124
889.000	117
890.000	120
891.000	111
892.000	123
893.000	121
894.000	128
895.000	118
896.000	131
897.000	128
898.000	134
899.000	130
900.000	140
901.000	140
902.000	144
903.000	146
904.000	145
905.000	147
906.000	146
907.000	152
908.000	153
909.000	160
910.000	151
911.000	163
912.000	169
913.000	163
914.000	160
915.000	169
916.000	166
917.000	174
918.000	171
919.000	171
920.000	177
921.000	172
922.000	186
923.000	181
924.000	169
925.000	188
926.000	185
927.000	187
928.000	178
929.000	198
930.000	195
931.000	201
932.000	193
933.000	210
934.000	210
935.000	226
936.000	221
937.000	232
938.000	253
939.000	245
940.000	252
941.000	250
942.000	253
943.000	260
944.000	255
945.000	254
946.000	260
947.000	255
948.000	257
949.000	237
950.000	232
951.000	213
952.000	210
953.000	213
954.000	193
955.000	193
956.000	183
957.000	189
958.000	178
959.000	183
960.000	178
961.000	179
962.000	174
963.000	171
964.000	174
965.000	178
966.000	182
967.000	176
968.000	174
969.000	184
970.000	188
971.000	184
972.000	184
973.000	186
974.000	179
975.000	180
976.000	184
977.000	175
978.000	168
979.000	160
980.000	157
981.000	161
982.000	153
983.000	152
984.000	163
985.000	146
986.000	149
987.000	142
988.000	150
989.000	143
990.000	137
991.000	136
992.000	140
993.000	139
994.000	134
995.000	135
996.000	134
997.000	134
998.000	129
999.000	133
1000.000	126
1001.000	130
1002.000	132
1003.000	131
1004.000	126
1005.000	130
1006.000	135
1007.000	133
1008.000	123
1009.000	130
1010.000	128
1011.000	129
1012.000	129
1013.000	130
1014.000	128
1015.000	122
1016.000	135
1017.000	137
1018.000	134
1019.000	137
1020.000	133
1021.000	134
1022.000	128
1023.000	135
1024.000	136
1025.000	129
1026.000	133
1027.000	134
1028.000	140
1029.000	137
1030.000	135
1031.000	134
1032.000	134
1033.000	140
1034.000	143
1035.000	146
1036.000	149
1037.000	134
1038.000	144
1039.000	142
1040.000	134
1041.000	143
1042.000	146
1043.000	142
1044.000	141
1045.000	148
1046.000	150
1047.000	150
1048.000	148
1049.000	147
1050.000	153
1051.000	150
1052.000	146
1053.000	156
1054.000	148
1055.000	155
1056.000	154
1057.000	157
1058.000	149
1059.000	155
1060.000	155
1061.000	150
1062.000	154
1063.000	150
1064.000	156
1065.000	159
1066.000	156
1067.000	158
1068.000	166
1069.000	159
1070.000	166
1071.000	163
1072.000	157
1073.000	158
1074.000	160
1075.000	150
1076.000	152
1077.000	154
1078.000	150
1079.000	145
1080.000	154
1081.000	157
1082.000	150
1083.000	149
1084.000	149
1085.000	163
1086.000	148
1087.000	150
1088.000	156
1089.000	148
1090.000	156
1091.000	163
1092.000	162
1093.000	165
1094.000	165
1095.000	167
1096.000	168
1097.000	168
1098.000	164
1099.000	176
1100.000	171
1101.000	179
1102.000	168
1103.000	166
1104.000	174
1105.000	172
1106.000	168
1107.000	167
1108.000	164
1109.000	169
1110.000	165
1111.000	160
1112.000	152
1113.000	159
1114.000	161
1115.000	160
1116.000	153
1117.000	158
1118.000	158
1119.000	156
1120.000	154
1121.000	158
1122.000	160
1123.000	152
1124.000	159
1125.000	156
1126.000	161
1127.000	163
1128.000	162
1129.000	158
1130.000	162
1131.000	162
1132.000	158
1133.000	161
1134.000	155
1135.000	161
1136.000	158
1137.000	172
1138.000	164
1139.000	161
1140.000	155
1141.000	159
1142.000	162
1143.000	164
1144.000	167
1145.000	161
1146.000	163
1147.000	167
1148.000	168
1149.000	160
1150.000	174
1151.000	162
1152.000	167
1153.000	162
1154.000	171
1155.000	171
1156.000	175
1157.000	171
1158.000	180
1159.000	178
1160.000	181
1161.000	178
1162.000	175
1163.000	181
1164.000	172
1165.000	173
1166.000	181
1167.000	172
1168.000	174
1169.000	165
1170.000	174
1171.000	172
1172.000	165
1173.000	159
1174.000	166
1175.000	157
1176.000	158
1177.000	157
1178.000	158
1179.000	160
1180.000	160
1181.000	162
1182.000	154
1183.000	155
1184.000	159
1185.000	156
1186.000	155
1187.000	158
1188.000	151
1189.000	153
1190.000	160
1191.000	158
1192.000	151
1193.000	160
1194.000	156
1195.000	153
1196.000	162
1197.000	155
1198.000	160
1199.000	159
1200.000	163
1201.000	155
1202.000	159
1203.000	156
1204.000	155
1205.000	158
1206.000	162
1207.000	153
1208.000	156
1209.000	163
1210.000	165
1211.000	164
1212.000	166
1213.000	159
1214.000	166
1215.000	158
1216.000	159
1217.000	162
1218.000	164
1219.000	169
1220.000	156
1221.000	162
1222.000	165
1223.000	166
1224.000	162
1225.000	166
1226.000	169
1227.000	163
1228.000	163
1229.000	166
1230.000	171
1231.000	165
1232.000	162
1233.000	159
1234.000	161
1235.000	162
1236.000	167
1237.000	167
1238.000	170
1239.000	168
1240.000	164
1241.000	167
1242.000	164
1243.000	169
1244.000	176
1245.000	166
1246.000	168
1247.000	167
1248.000	164
1249.000	164
1250.000	155
1251.000	174
1252.000	164
1253.000	167
1254.000	169
1255.000	163
1256.000	168
1257.000	161
1258.000	166
1259.000	164
1260.000	160
1261.000	158
1262.000	158
1263.000	163
1264.000	158
1265.000	168
1266.000	157
1267.000	155
1268.000	165
1269.000	163
1270.000	166
1271.000	162
1272.000	172
1273.000	161
1274.000	161
1275.000	161
1276.000	162
1277.000	160
1278.000	164
1279.000	163
1280.000	164
1281.000	153
1282.000	164
1283.000	163
1284.000	166
1285.000	158
1286.000	171
1287.000	165
1288.000	170
1289.000	170
1290.000	167
1291.000	170
1292.000	168
1293.000	176
1294.000	166
1295.000	178
1296.000	167
1297.000	170
1298.000	177
1299.000	179
1300.000	179
1301.000	176
1302.000	169
1303.000	173
1304.000	174
1305.000	177
1306.000	176
1307.000	171
1308.000	170
1309.000	170
1310.000	171
1311.000	166
1312.000	172
1313.000	177
1314.000	170
1315.000	175
1316.000	177
1317.000	180
1318.000	172
1319.000	172
1320.000	179
1321.000	164
1322.000	176
1323.000	174
1324.000	163
1325.000	166
1326.000	166
1327.000	163
1328.000	172
1329.000	172
1330.000	171
1331.000	168
1332.000	162
1333.000	168
1334.000	162
1335.000	172
1336.000	166
1337.000	166
1338.000	165
1339.000	166
1340.000	174
1341.000	168
1342.000	180
1343.000	168
1344.000	175
1345.000	163
1346.000	179
1347.000	172
1348.000	172
1349.000	175
1350.000	180
1351.000	175
1352.000	170
1353.000	190
1354.000	193
1355.000	186
1356.000	197
1357.000	214
1358.000	220
1359.000	230
1360.000	244
1361.000	278
1362.000	302
1363.000	330
1364.000	363
1365.000	404
1366.000	451
1367.000	496
1368.000	556
1369.000	610
1370.000	674
1371.000	732
1372.000	799
1373.000	843
1374.000	914
1375.000	946
1376.000	970
1377.000	1008
1378.000	1056
1379.000	1064
1380.000	1057
1381.000	1054
1382.000	1035
1383.000	1005
1384.000	979
1385.000	932
1386.000	872
1387.000	789
1388.000	742
1389.000	674
1390.000	618
1391.000	550
1392.000	496
1393.000	444
1394.000	391
1395.000	354
1396.000	310
1397.000	286
1398.000	257
1399.000	249
1400.000	226
1401.000	218
1402.000	204
1403.000	186
1404.000	179
1405.000	173
1406.000	176
1407.000	174
1408.000	172
1409.000	169
1410.000	169
1411.000	165
1412.000	161
1413.000	165
1414.000	167
1415.000	168
1416.000	162
1417.000	160
1418.000	166
1419.000	163
1420.000	168
1421.000	170
1422.000	176
1423.000	171
1424.000	159
1425.000	177
1426.000	166
1427.000	171
1428.000	160
1429.000	170
1430.000	163
1431.000	172
1432.000	168
1433.000	161
1434.000	164
1435.000	169
1436.000	167
1437.000	166
1438.000	164
1439.000	168
1440.000	170
1441.000	166
1442.000	167
1443.000	164
1444.000	167
1445.000	167
1446.000	169
1447.000	169
1448.000	171
1449.000	172
1450.000	168
1451.000	174
1452.000	172
1453.000	168
1454.000	184
1455.000	171
1456.000	178
1457.000	174
1458.000	180
1459.000	177
1460.000	181
1461.000	174
1462.000	175
1463.000	177
1464.000	180
1465.000	177
1466.000	167
1467.000	172
1468.000	174
1469.000	174
1470.000	167
1471.000	170
1472.000	179
1473.000	169
1474.000	167
1475.000	172
1476.000	172
1477.000	173
1478.000	165
1479.000	175
1480.000	179
1481.000	166
1482.000	168
1483.000	170
1484.000	178
1485.000	172
1486.000	172
1487.000	178
1488.000	174
1489.000	176
1490.000	170
1491.000	169
1492.000	173
1493.000	175
1494.000	161
1495.000	182
1496.000	167
1497.000	170
1498.000	174
1499.000	178
1500.000	175
1501.000	173
1502.000	178
1503.000	178
1504.000	172
1505.000	180
1506.000	174
1507.000	181
1508.000	175
1509.000	174
1510.000	182
1511.000	178
1512.000	186
1513.000	187
1514.000	177
1515.000	184
1516.000	188
1517.000	179
1518.000	179
1519.000	188
1520.000	194
1521.000	189
1522.000	195
1523.000	188
1524.000	199
1525.000	199
1526.000	206
1527.000	211
1528.000	220
1529.000	223
1530.000	235
1531.000	244
1532.000	255
1533.000	260
1534.000	268
1535.000	283
1536.000	299
1537.000	294
1538.000	320
1539.000	330
1540.000	336
1541.000	338
1542.000	345
1543.000	360
1544.000	354
1545.000	350
1546.000	353
1547.000	346
1548.000	342
1549.000	332
1550.000	326
1551.000	308
1552.000	306
1553.000	306
1554.000	296
1555.000	296
1556.000	282
1557.000	274
1558.000	268
1559.000	271
1560.000	268
1561.000	267
1562.000	275
1563.000	266
1564.000	272
1565.000	270
1566.000	272
1567.000	268
1568.000	282
1569.000	289
1570.000	289
1571.000	286
1572.000	308
1573.000	311
1574.000	313
1575.000	320
1576.000	333
1577.000	338
1578.000	336
1579.000	360
1580.000	359
1581.000	358
1582.000	386
1583.000	386
1584.000	396
1585.000	407
1586.000	407
1587.000	421
1588.000	457
1589.000	438
1590.000	471
1591.000	492
1592.000	482
1593.000	493
1594.000	492
1595.000	520
1596.000	518
1597.000	524
1598.000	524
1599.000	542
1600.000	549
1601.000	562
1602.000	540
1603.000	568
1604.000	576
1605.000	574
1606.000	575
1607.000	577
1608.000	582
1609.000	577
1610.000	579
1611.000	579
1612.000	568
1613.000	557
1614.000	563
1615.000	554
1616.000	549
1617.000	552
1618.000	529
1619.000	518
1620.000	510
1621.000	504
1622.000	497
1623.000	487
1624.000	491
1625.000	452
1626.000	457
1627.000	448
1628.000	438
1629.000	419
1630.000	408
1631.000	407
1632.000	397
1633.000	385
1634.000	365
1635.000	352
1636.000	349
1637.000	339
1638.000	323
1639.000	310
1640.000	312
1641.000	301
1642.000	293
1643.000	291
1644.000	280
1645.000	273
1646.000	260
1647.000	257
1648.000	246
1649.000	243
1650.000	237
1651.000	230
1652.000	221
1653.000	226
1654.000	220
1655.000	206
1656.000	218
1657.000	199
1658.000	206
1659.000	199
1660.000	193
1661.000	194
1662.000	195
1663.000	187
1664.000	180
1665.000	186
1666.000	179
1667.000	181
1668.000	170
1669.000	178
1670.000	171
1671.000	168
1672.000	176
1673.000	180
1674.000	169
1675.000	179
1676.000	183
1677.000	190
1678.000	192
1679.000	194
1680.000	204
1681.000	216
1682.000	225
1683.000	232
1684.000	257
1685.000	273
1686.000	300
1687.000	308
1688.000	333
1689.000	348
1690.000	363
1691.000	390
1692.000	413
1693.000	439
1694.000	457
1695.000	478
1696.000	483
1697.000	518
1698.000	523
1699.000	527
1700.000	522
1701.000	544
1702.000	546
1703.000	546
1704.000	537
1705.000	523
1706.000	512
1707.000	480
1708.000	468
1709.000	444
1710.000	425
1711.000	400
1712.000	375
1713.000	349
1714.000	326
1715.000	304
1716.000	289
1717.000	254
1718.000	241
1719.000	217
1720.000	215
1721.000	186
1722.000	174
1723.000	171
1724.000	162
1725.000	157
1726.000	154
1727.000	152
1728.000	145
1729.000	145
1730.000	139
1731.000	136
1732.000	134
1733.000	141
1734.000	139
1735.000	126
1736.000	137
1737.000	138
1738.000	135
1739.000	138
1740.000	131
1741.000	138
1742.000	135
1743.000	137
1744.000	133
1745.000	135
1746.000	132
1747.000	136
1748.000	145
1749.000	142
1750.000	135
1751.000	140
1752.000	143
1753.000	140
1754.000	144
1755.000	143
1756.000	145
1757.000	144
1758.000	143
1759.000	146
1760.000	146
1761.000	157
1762.000	152
1763.000	159
1764.000	152
1765.000	157
1766.000	152
1767.000	154
1768.000	156
1769.000	156
1770.000	161
1771.000	161
1772.000	167
1773.000	172
1774.000	164
1775.000	173
1776.000	167
1777.000	174
1778.000	177
1779.000	166
1780.000	182
1781.000	180
1782.000	180
1783.000	182
1784.000	190
1785.000	189
1786.000	183
1787.000	175
1788.000	177
1789.000	193
1790.000	181
1791.000	181
1792.000	183
1793.000	179
1794.000	186
1795.000	183
1796.000	187
1797.000	181
1798.000	187
1799.000	187
1800.000	181
1801.000	183
1802.000	178
1803.000	180
1804.000	178
1805.000	178
1806.000	176
1807.000	171
1808.000	172
1809.000	173
1810.000	159
1811.000	166
1812.000	172
1813.000	163
1814.000	159
1815.000	157
1816.000	157
1817.000	152
1818.000	158
1819.000	150
1820.000	146
1821.000	136
1822.000	139
1823.000	136
1824.000	137
1825.000	142
1826.000	133
1827.000	137
1828.000	131
1829.000	127
1830.000	128
1831.000	123
1832.000	121
1833.000	122
1834.000	119
1835.000	116
1836.000	114
1837.000	111
1838.000	106
1839.000	114
1840.000	109
1841.000	100
1842.000	110
1843.000	99
1844.000	105
1845.000	103
1846.000	103
1847.000	97
1848.000	95
1849.000	97
1850.000	92
1851.000	95
1852.000	90
1853.000	86
1854.000	98
1855.000	86
1856.000	90
1857.000	92
1858.000	86
1859.000	85
1860.000	78
1861.000	84
1862.000	79
1863.000	80
1864.000	88
1865.000	77
1866.000	84
1867.000	75
1868.000	83
1869.000	79
1870.000	77
1871.000	83
1872.000	70
1873.000	73
1874.000	73
1875.000	69
1876.000	71
1877.000	74
1878.000	71
1879.000	71
1880.000	71
1881.000	66
1882.000	71
1883.000	70
1884.000	73
1885.000	72
1886.000	74
1887.000	74
1888.000	70
1889.000	69
1890.000	74
1891.000	70
1892.000	77
1893.000	76
1894.000	82
1895.000	75
1896.000	82
1897.000	84
1898.000	84
1899.000	89
1900.000	92
1901.000	99
1902.000	96
1903.000	106
1904.000	106
1905.000	113
1906.000	115
1907.000	120
1908.000	114
1909.000	114
1910.000	121
1911.000	122
1912.000	120
1913.000	117
1914.000	117
1915.000	111
1916.000	117
1917.000	112
1918.000	109
1919.000	100
1920.000	106
1921.000	98
1922.000	88
1923.000	89
1924.000	81
1925.000	86
1926.000	78
1927.000	77
1928.000	74
1929.000	67
1930.000	73
1931.000	70
1932.000	66
1933.000	68
1934.000	66
1935.000	67
1936.000	66
1937.000	58
1938.000	64
1939.000	65
1940.000	66
1941.000	65
1942.000	68
1943.000	66
1944.000	67
1945.000	69
1946.000	64
1947.000	66
1948.000	62
1949.000	66
1950.000	57
1951.000	60
1952.000	64
1953.000	61
1954.000	57
1955.000	59
1956.000	53
1957.000	57
1958.000	57
1959.000	59
1960.000	53
1961.000	53
1962.000	53
1963.000	52
1964.000	53
1965.000	54
1966.000	57
1967.000	52
1968.000	55
1969.000	46
1970.000	49
1971.000	50
1972.000	49
1973.000	52
1974.000	48
1975.000	49
1976.000	52
1977.000	49
1978.000	45
1979.000	52
1980.000	47
1981.000	49
1982.000	54
1983.000	49
1984.000	46
1985.000	48
1986.000	49
1987.000	47
1988.000	46
1989.000	46
1990.000	49
1991.000	49
1992.000	49
1993.000	46
1994.000	45
1995.000	50
1996.000	49
1997.000	47
1998.000	45
1999.000	48
2000.000	47
2001.000	47
2002.000	43
2003.000	49
2004.000	45
2005.000	48
2006.000	50
2007.000	46
2008.000	48
2009.000	49
2010.000	47
2011.000	43
2012.000	46
2013.000	48
2014.000	48
2015.000	45
2016.000	44
2017.000	43
2018.000	42
2019.000	50
2020.000	47
2021.000	49
2022.000	48
2023.000	44
2024.000	47
2025.000	46
2026.000	44
2027.000	44
2028.000	44
2029.000	44
2030.000	45
2031.000	44
2032.000	42
2033.000	48
2034.000	47
2035.000	42
2036.000	48
2037.000	46
2038.000	47
2039.000	45
2040.000	46
2041.000	44
2042.000	42
2043.000	44
2044.000	48
2045.000	39
2046.000	44
2047.000	42
2048.000	0
