Date:	23-Sep-20		Time:	11:32 PM		Version no:	0.00		Project name:	55		Sample name:	222		Section name:	section		Position	0.000000	mm	E0	0.000000	keV	E1	1.000000	keV/channel	sample surface	2.000000	cm	Tube anode:	Mo		Tube voltage:	30	kV	Tube current:	30	mA	gain	15		std. database			resultfile	result		matrix element	11		sample thickness	1.000000		air passage	0.560000	cm	comments	not in position		peaking_time	0.300000	m-sec	trigger_threshold	40.000000	V	mca_bin_width	2.000000	no:	number_mca_channels	2048.000000	no:	gap_time	2048.000000	m-sec	trigger_peaking_time	2048.000000	m-sec	GAINDAC	400		HIGHGAIN	400		TAURC	400		RCTAU	400		RCTAUFRAC	400		livetime	13.334824	seconds	runtime	15.000351	seconds	input_count_rate	47769.585089	cps	output_count_rate	42465.604889	cps	triggers	704307	seconds	events_in_run	618783	seconds	channel	content		1.000	0
2.000	0
3.000	0
4.000	0
5.000	0
6.000	0
7.000	0
8.000	0
9.000	0
10.000	0
11.000	0
12.000	0
13.000	0
14.000	0
15.000	0
16.000	0
17.000	0
18.000	0
19.000	0
20.000	0
21.000	0
22.000	0
23.000	0
24.000	0
25.000	0
26.000	0
27.000	0
28.000	0
29.000	0
30.000	0
31.000	0
32.000	0
33.000	1
34.000	0
35.000	1
36.000	1
37.000	1
38.000	0
39.000	0
40.000	1
41.000	0
42.000	0
43.000	0
44.000	0
45.000	1
46.000	1
47.000	1
48.000	1
49.000	1
50.000	1
51.000	1
52.000	2
53.000	2
54.000	3
55.000	5
56.000	6
57.000	9
58.000	12
59.000	16
60.000	21
61.000	31
62.000	28
63.000	33
64.000	30
65.000	30
66.000	27
67.000	28
68.000	25
69.000	28
70.000	27
71.000	29
72.000	25
73.000	24
74.000	24
75.000	26
76.000	25
77.000	25
78.000	24
79.000	28
80.000	23
81.000	25
82.000	26
83.000	27
84.000	28
85.000	27
86.000	27
87.000	26
88.000	26
89.000	26
90.000	27
91.000	23
92.000	26
93.000	21
94.000	23
95.000	23
96.000	23
97.000	23
98.000	21
99.000	20
100.000	21
101.000	21
102.000	22
103.000	22
104.000	21
105.000	20
106.000	21
107.000	24
108.000	23
109.000	21
110.000	18
111.000	20
112.000	20
113.000	21
114.000	19
115.000	19
116.000	21
117.000	18
118.000	21
119.000	20
120.000	19
121.000	16
122.000	19
123.000	18
124.000	18
125.000	19
126.000	18
127.000	18
128.000	16
129.000	18
130.000	16
131.000	18
132.000	17
133.000	16
134.000	14
135.000	15
136.000	15
137.000	16
138.000	18
139.000	15
140.000	17
141.000	23
142.000	24
143.000	22
144.000	26
145.000	25
146.000	23
147.000	25
148.000	20
149.000	22
150.000	21
151.000	20
152.000	17
153.000	16
154.000	16
155.000	18
156.000	15
157.000	14
158.000	15
159.000	14
160.000	15
161.000	14
162.000	15
163.000	15
164.000	19
165.000	19
166.000	22
167.000	22
168.000	30
169.000	32
170.000	34
171.000	34
172.000	34
173.000	30
174.000	30
175.000	29
176.000	26
177.000	27
178.000	29
179.000	33
180.000	36
181.000	42
182.000	48
183.000	64
184.000	81
185.000	112
186.000	154
187.000	188
188.000	244
189.000	270
190.000	301
191.000	320
192.000	303
193.000	262
194.000	233
195.000	183
196.000	135
197.000	100
198.000	67
199.000	50
200.000	34
201.000	29
202.000	25
203.000	20
204.000	17
205.000	17
206.000	18
207.000	20
208.000	20
209.000	22
210.000	19
211.000	19
212.000	20
213.000	20
214.000	24
215.000	28
216.000	29
217.000	32
218.000	41
219.000	45
220.000	52
221.000	56
222.000	59
223.000	62
224.000	61
225.000	57
226.000	57
227.000	46
228.000	42
229.000	36
230.000	29
231.000	25
232.000	23
233.000	19
234.000	19
235.000	17
236.000	16
237.000	17
238.000	14
239.000	16
240.000	17
241.000	16
242.000	16
243.000	19
244.000	17
245.000	19
246.000	25
247.000	29
248.000	32
249.000	48
250.000	56
251.000	82
252.000	115
253.000	139
254.000	172
255.000	187
256.000	208
257.000	203
258.000	208
259.000	194
260.000	173
261.000	142
262.000	112
263.000	88
264.000	62
265.000	45
266.000	39
267.000	29
268.000	24
269.000	24
270.000	28
271.000	29
272.000	33
273.000	35
274.000	35
275.000	40
276.000	39
277.000	41
278.000	37
279.000	36
280.000	35
281.000	35
282.000	37
283.000	43
284.000	43
285.000	59
286.000	63
287.000	74
288.000	79
289.000	82
290.000	91
291.000	87
292.000	79
293.000	69
294.000	60
295.000	52
296.000	43
297.000	41
298.000	35
299.000	28
300.000	27
301.000	26
302.000	26
303.000	25
304.000	27
305.000	30
306.000	28
307.000	30
308.000	34
309.000	34
310.000	38
311.000	37
312.000	40
313.000	44
314.000	47
315.000	51
316.000	58
317.000	70
318.000	79
319.000	93
320.000	107
321.000	127
322.000	134
323.000	154
324.000	151
325.000	150
326.000	150
327.000	135
328.000	122
329.000	105
330.000	88
331.000	68
332.000	58
333.000	46
334.000	44
335.000	39
336.000	42
337.000	37
338.000	40
339.000	45
340.000	52
341.000	60
342.000	69
343.000	90
344.000	113
345.000	170
346.000	249
347.000	375
348.000	589
349.000	937
350.000	1479
351.000	2331
352.000	3558
353.000	5246
354.000	7473
355.000	10245
356.000	13413
357.000	16864
358.000	20117
359.000	22999
360.000	25074
361.000	26123
362.000	25961
363.000	24646
364.000	22355
365.000	19171
366.000	15822
367.000	12471
368.000	9307
369.000	6673
370.000	4573
371.000	3030
372.000	1887
373.000	1176
374.000	719
375.000	454
376.000	314
377.000	234
378.000	209
379.000	226
380.000	277
381.000	357
382.000	476
383.000	657
384.000	878
385.000	1187
386.000	1547
387.000	1966
388.000	2444
389.000	2881
390.000	3316
391.000	3668
392.000	3859
393.000	3910
394.000	3790
395.000	3548
396.000	3149
397.000	2694
398.000	2173
399.000	1705
400.000	1273
401.000	916
402.000	616
403.000	423
404.000	266
405.000	166
406.000	98
407.000	60
408.000	37
409.000	23
410.000	17
411.000	11
412.000	12
413.000	12
414.000	8
415.000	7
416.000	9
417.000	7
418.000	6
419.000	7
420.000	8
421.000	8
422.000	8
423.000	7
424.000	9
425.000	9
426.000	10
427.000	10
428.000	10
429.000	15
430.000	14
431.000	20
432.000	28
433.000	31
434.000	39
435.000	48
436.000	63
437.000	63
438.000	79
439.000	85
440.000	89
441.000	90
442.000	90
443.000	88
444.000	81
445.000	67
446.000	65
447.000	54
448.000	40
449.000	37
450.000	31
451.000	29
452.000	22
453.000	20
454.000	20
455.000	20
456.000	20
457.000	17
458.000	17
459.000	14
460.000	15
461.000	14
462.000	13
463.000	14
464.000	14
465.000	11
466.000	11
467.000	13
468.000	11
469.000	13
470.000	13
471.000	15
472.000	15
473.000	15
474.000	17
475.000	17
476.000	19
477.000	20
478.000	23
479.000	25
480.000	22
481.000	27
482.000	25
483.000	27
484.000	26
485.000	25
486.000	27
487.000	23
488.000	21
489.000	19
490.000	19
491.000	14
492.000	14
493.000	15
494.000	14
495.000	14
496.000	13
497.000	11
498.000	13
499.000	14
500.000	14
501.000	15
502.000	16
503.000	16
504.000	13
505.000	15
506.000	15
507.000	14
508.000	16
509.000	18
510.000	19
511.000	15
512.000	17
513.000	20
514.000	18
515.000	21
516.000	23
517.000	23
518.000	22
519.000	23
520.000	22
521.000	26
522.000	28
523.000	29
524.000	35
525.000	31
526.000	37
527.000	41
528.000	33
529.000	38
530.000	37
531.000	40
532.000	32
533.000	35
534.000	33
535.000	30
536.000	27
537.000	24
538.000	25
539.000	20
540.000	22
541.000	19
542.000	20
543.000	21
544.000	19
545.000	18
546.000	20
547.000	21
548.000	20
549.000	22
550.000	23
551.000	20
552.000	24
553.000	22
554.000	26
555.000	28
556.000	27
557.000	26
558.000	26
559.000	28
560.000	30
561.000	30
562.000	32
563.000	36
564.000	36
565.000	41
566.000	47
567.000	49
568.000	55
569.000	65
570.000	67
571.000	80
572.000	87
573.000	94
574.000	102
575.000	106
576.000	103
577.000	106
578.000	104
579.000	95
580.000	87
581.000	80
582.000	74
583.000	66
584.000	58
585.000	48
586.000	43
587.000	35
588.000	33
589.000	30
590.000	29
591.000	27
592.000	25
593.000	23
594.000	23
595.000	24
596.000	25
597.000	25
598.000	24
599.000	26
600.000	27
601.000	24
602.000	25
603.000	29
604.000	31
605.000	34
606.000	39
607.000	46
608.000	51
609.000	69
610.000	90
611.000	126
612.000	160
613.000	226
614.000	302
615.000	396
616.000	510
617.000	661
618.000	821
619.000	1004
620.000	1187
621.000	1342
622.000	1528
623.000	1644
624.000	1735
625.000	1793
626.000	1798
627.000	1715
628.000	1611
629.000	1483
630.000	1309
631.000	1140
632.000	958
633.000	771
634.000	616
635.000	478
636.000	366
637.000	285
638.000	219
639.000	168
640.000	129
641.000	100
642.000	86
643.000	66
644.000	61
645.000	55
646.000	52
647.000	51
648.000	52
649.000	49
650.000	50
651.000	49
652.000	47
653.000	51
654.000	48
655.000	48
656.000	50
657.000	48
658.000	54
659.000	54
660.000	50
661.000	52
662.000	51
663.000	49
664.000	55
665.000	58
666.000	58
667.000	60
668.000	61
669.000	63
670.000	63
671.000	63
672.000	70
673.000	74
674.000	80
675.000	83
676.000	92
677.000	105
678.000	121
679.000	138
680.000	158
681.000	175
682.000	202
683.000	236
684.000	252
685.000	287
686.000	295
687.000	312
688.000	331
689.000	341
690.000	329
691.000	326
692.000	303
693.000	284
694.000	261
695.000	242
696.000	200
697.000	176
698.000	153
699.000	131
700.000	117
701.000	102
702.000	84
703.000	80
704.000	73
705.000	68
706.000	68
707.000	62
708.000	60
709.000	62
710.000	59
711.000	64
712.000	68
713.000	69
714.000	73
715.000	73
716.000	70
717.000	79
718.000	82
719.000	86
720.000	84
721.000	90
722.000	95
723.000	94
724.000	99
725.000	96
726.000	96
727.000	91
728.000	91
729.000	91
730.000	91
731.000	86
732.000	92
733.000	85
734.000	87
735.000	80
736.000	76
737.000	75
738.000	70
739.000	71
740.000	71
741.000	67
742.000	70
743.000	69
744.000	71
745.000	73
746.000	73
747.000	69
748.000	70
749.000	67
750.000	75
751.000	73
752.000	70
753.000	73
754.000	75
755.000	74
756.000	72
757.000	70
758.000	76
759.000	76
760.000	74
761.000	74
762.000	70
763.000	71
764.000	71
765.000	71
766.000	71
767.000	69
768.000	76
769.000	78
770.000	77
771.000	74
772.000	82
773.000	84
774.000	85
775.000	83
776.000	89
777.000	97
778.000	95
779.000	96
780.000	97
781.000	103
782.000	107
783.000	109
784.000	112
785.000	116
786.000	121
787.000	119
788.000	126
789.000	128
790.000	130
791.000	129
792.000	132
793.000	133
794.000	139
795.000	141
796.000	133
797.000	143
798.000	139
799.000	139
800.000	141
801.000	143
802.000	147
803.000	147
804.000	149
805.000	149
806.000	157
807.000	167
808.000	178
809.000	186
810.000	197
811.000	209
812.000	230
813.000	248
814.000	260
815.000	276
816.000	293
817.000	302
818.000	300
819.000	306
820.000	315
821.000	310
822.000	293
823.000	287
824.000	275
825.000	252
826.000	232
827.000	226
828.000	195
829.000	188
830.000	171
831.000	164
832.000	143
833.000	138
834.000	128
835.000	131
836.000	121
837.000	125
838.000	124
839.000	126
840.000	118
841.000	120
842.000	125
843.000	125
844.000	121
845.000	122
846.000	116
847.000	122
848.000	125
849.000	118
850.000	124
851.000	124
852.000	117
853.000	117
854.000	116
855.000	120
856.000	115
857.000	119
858.000	116
859.000	113
860.000	123
861.000	117
862.000	112
863.000	119
864.000	111
865.000	116
866.000	117
867.000	119
868.000	111
869.000	114
870.000	115
871.000	114
872.000	117
873.000	118
874.000	110
875.000	110
876.000	115
877.000	117
878.000	117
879.000	111
880.000	109
881.000	113
882.000	114
883.000	116
884.000	115
885.000	108
886.000	115
887.000	120
888.000	117
889.000	122
890.000	118
891.000	121
892.000	117
893.000	124
894.000	128
895.000	125
896.000	131
897.000	136
898.000	133
899.000	134
900.000	132
901.000	140
902.000	141
903.000	148
904.000	147
905.000	147
906.000	145
907.000	157
908.000	154
909.000	157
910.000	161
911.000	160
912.000	165
913.000	167
914.000	168
915.000	169
916.000	163
917.000	168
918.000	173
919.000	179
920.000	176
921.000	182
922.000	177
923.000	167
924.000	183
925.000	185
926.000	183
927.000	194
928.000	184
929.000	198
930.000	195
931.000	203
932.000	204
933.000	202
934.000	213
935.000	226
936.000	237
937.000	236
938.000	243
939.000	251
940.000	251
941.000	264
942.000	264
943.000	263
944.000	266
945.000	265
946.000	261
947.000	255
948.000	251
949.000	248
950.000	227
951.000	226
952.000	213
953.000	205
954.000	206
955.000	189
956.000	189
957.000	180
958.000	189
959.000	183
960.000	177
961.000	177
962.000	179
963.000	176
964.000	186
965.000	181
966.000	183
967.000	193
968.000	173
969.000	191
970.000	191
971.000	186
972.000	192
973.000	179
974.000	176
975.000	179
976.000	177
977.000	171
978.000	170
979.000	162
980.000	170
981.000	162
982.000	161
983.000	153
984.000	150
985.000	156
986.000	147
987.000	150
988.000	145
989.000	145
990.000	147
991.000	138
992.000	139
993.000	143
994.000	141
995.000	140
996.000	135
997.000	135
998.000	136
999.000	134
1000.000	136
1001.000	136
1002.000	136
1003.000	130
1004.000	129
1005.000	133
1006.000	131
1007.000	134
1008.000	131
1009.000	133
1010.000	132
1011.000	129
1012.000	130
1013.000	133
1014.000	132
1015.000	130
1016.000	130
1017.000	129
1018.000	128
1019.000	133
1020.000	138
1021.000	144
1022.000	139
1023.000	134
1024.000	136
1025.000	137
1026.000	143
1027.000	138
1028.000	135
1029.000	138
1030.000	139
1031.000	135
1032.000	140
1033.000	134
1034.000	150
1035.000	142
1036.000	142
1037.000	141
1038.000	147
1039.000	145
1040.000	150
1041.000	147
1042.000	143
1043.000	146
1044.000	144
1045.000	145
1046.000	153
1047.000	154
1048.000	152
1049.000	149
1050.000	152
1051.000	159
1052.000	153
1053.000	155
1054.000	156
1055.000	159
1056.000	154
1057.000	154
1058.000	154
1059.000	155
1060.000	158
1061.000	158
1062.000	165
1063.000	156
1064.000	163
1065.000	156
1066.000	158
1067.000	157
1068.000	164
1069.000	159
1070.000	154
1071.000	163
1072.000	159
1073.000	160
1074.000	162
1075.000	157
1076.000	161
1077.000	158
1078.000	155
1079.000	162
1080.000	164
1081.000	159
1082.000	153
1083.000	155
1084.000	162
1085.000	154
1086.000	152
1087.000	157
1088.000	162
1089.000	157
1090.000	161
1091.000	168
1092.000	168
1093.000	163
1094.000	169
1095.000	168
1096.000	162
1097.000	172
1098.000	173
1099.000	167
1100.000	169
1101.000	174
1102.000	173
1103.000	175
1104.000	167
1105.000	170
1106.000	171
1107.000	162
1108.000	162
1109.000	167
1110.000	174
1111.000	164
1112.000	168
1113.000	169
1114.000	168
1115.000	169
1116.000	161
1117.000	163
1118.000	156
1119.000	156
1120.000	161
1121.000	158
1122.000	160
1123.000	158
1124.000	155
1125.000	162
1126.000	162
1127.000	157
1128.000	165
1129.000	156
1130.000	160
1131.000	163
1132.000	172
1133.000	164
1134.000	168
1135.000	171
1136.000	164
1137.000	167
1138.000	169
1139.000	164
1140.000	164
1141.000	169
1142.000	168
1143.000	165
1144.000	165
1145.000	164
1146.000	165
1147.000	170
1148.000	166
1149.000	175
1150.000	165
1151.000	172
1152.000	175
1153.000	178
1154.000	186
1155.000	175
1156.000	175
1157.000	182
1158.000	185
1159.000	185
1160.000	182
1161.000	175
1162.000	187
1163.000	182
1164.000	184
1165.000	184
1166.000	183
1167.000	178
1168.000	179
1169.000	177
1170.000	172
1171.000	174
1172.000	176
1173.000	171
1174.000	163
1175.000	171
1176.000	167
1177.000	178
1178.000	157
1179.000	166
1180.000	164
1181.000	167
1182.000	160
1183.000	161
1184.000	153
1185.000	160
1186.000	166
1187.000	160
1188.000	160
1189.000	162
1190.000	154
1191.000	163
1192.000	151
1193.000	162
1194.000	162
1195.000	156
1196.000	157
1197.000	161
1198.000	161
1199.000	158
1200.000	162
1201.000	164
1202.000	158
1203.000	165
1204.000	162
1205.000	168
1206.000	165
1207.000	171
1208.000	155
1209.000	165
1210.000	161
1211.000	173
1212.000	160
1213.000	167
1214.000	157
1215.000	171
1216.000	167
1217.000	164
1218.000	168
1219.000	167
1220.000	166
1221.000	169
1222.000	167
1223.000	169
1224.000	172
1225.000	172
1226.000	171
1227.000	173
1228.000	168
1229.000	164
1230.000	176
1231.000	169
1232.000	166
1233.000	160
1234.000	160
1235.000	168
1236.000	170
1237.000	176
1238.000	175
1239.000	166
1240.000	166
1241.000	177
1242.000	164
1243.000	174
1244.000	170
1245.000	171
1246.000	166
1247.000	163
1248.000	170
1249.000	169
1250.000	162
1251.000	175
1252.000	166
1253.000	169
1254.000	170
1255.000	172
1256.000	164
1257.000	162
1258.000	165
1259.000	169
1260.000	168
1261.000	165
1262.000	167
1263.000	165
1264.000	159
1265.000	161
1266.000	169
1267.000	160
1268.000	170
1269.000	172
1270.000	165
1271.000	160
1272.000	160
1273.000	169
1274.000	158
1275.000	175
1276.000	162
1277.000	161
1278.000	161
1279.000	167
1280.000	170
1281.000	162
1282.000	168
1283.000	164
1284.000	165
1285.000	167
1286.000	172
1287.000	163
1288.000	168
1289.000	175
1290.000	173
1291.000	174
1292.000	173
1293.000	173
1294.000	170
1295.000	177
1296.000	175
1297.000	168
1298.000	177
1299.000	170
1300.000	175
1301.000	180
1302.000	177
1303.000	170
1304.000	182
1305.000	177
1306.000	174
1307.000	172
1308.000	174
1309.000	173
1310.000	173
1311.000	178
1312.000	180
1313.000	174
1314.000	170
1315.000	175
1316.000	171
1317.000	176
1318.000	175
1319.000	169
1320.000	181
1321.000	179
1322.000	169
1323.000	175
1324.000	170
1325.000	170
1326.000	170
1327.000	175
1328.000	168
1329.000	170
1330.000	174
1331.000	175
1332.000	171
1333.000	167
1334.000	172
1335.000	176
1336.000	177
1337.000	170
1338.000	178
1339.000	169
1340.000	178
1341.000	170
1342.000	167
1343.000	173
1344.000	176
1345.000	179
1346.000	173
1347.000	171
1348.000	176
1349.000	181
1350.000	183
1351.000	179
1352.000	184
1353.000	183
1354.000	198
1355.000	190
1356.000	200
1357.000	214
1358.000	224
1359.000	231
1360.000	250
1361.000	274
1362.000	310
1363.000	330
1364.000	365
1365.000	403
1366.000	440
1367.000	496
1368.000	548
1369.000	608
1370.000	664
1371.000	726
1372.000	796
1373.000	832
1374.000	890
1375.000	959
1376.000	999
1377.000	1024
1378.000	1046
1379.000	1070
1380.000	1054
1381.000	1051
1382.000	1039
1383.000	993
1384.000	966
1385.000	909
1386.000	869
1387.000	806
1388.000	742
1389.000	675
1390.000	623
1391.000	561
1392.000	496
1393.000	439
1394.000	401
1395.000	364
1396.000	320
1397.000	284
1398.000	269
1399.000	242
1400.000	232
1401.000	216
1402.000	198
1403.000	187
1404.000	188
1405.000	182
1406.000	182
1407.000	172
1408.000	175
1409.000	170
1410.000	172
1411.000	173
1412.000	169
1413.000	170
1414.000	168
1415.000	161
1416.000	164
1417.000	160
1418.000	177
1419.000	161
1420.000	174
1421.000	175
1422.000	175
1423.000	163
1424.000	172
1425.000	168
1426.000	170
1427.000	167
1428.000	163
1429.000	170
1430.000	165
1431.000	168
1432.000	163
1433.000	173
1434.000	165
1435.000	172
1436.000	175
1437.000	163
1438.000	172
1439.000	165
1440.000	161
1441.000	171
1442.000	169
1443.000	172
1444.000	174
1445.000	175
1446.000	176
1447.000	169
1448.000	170
1449.000	179
1450.000	179
1451.000	174
1452.000	186
1453.000	176
1454.000	166
1455.000	189
1456.000	177
1457.000	167
1458.000	176
1459.000	175
1460.000	167
1461.000	178
1462.000	180
1463.000	173
1464.000	175
1465.000	179
1466.000	181
1467.000	172
1468.000	176
1469.000	169
1470.000	175
1471.000	176
1472.000	173
1473.000	183
1474.000	179
1475.000	175
1476.000	171
1477.000	178
1478.000	173
1479.000	178
1480.000	174
1481.000	175
1482.000	176
1483.000	167
1484.000	178
1485.000	170
1486.000	178
1487.000	176
1488.000	171
1489.000	175
1490.000	177
1491.000	172
1492.000	173
1493.000	175
1494.000	178
1495.000	176
1496.000	177
1497.000	181
1498.000	171
1499.000	180
1500.000	178
1501.000	178
1502.000	178
1503.000	185
1504.000	173
1505.000	179
1506.000	178
1507.000	180
1508.000	184
1509.000	182
1510.000	182
1511.000	183
1512.000	178
1513.000	180
1514.000	175
1515.000	183
1516.000	185
1517.000	189
1518.000	192
1519.000	189
1520.000	192
1521.000	196
1522.000	195
1523.000	200
1524.000	201
1525.000	194
1526.000	218
1527.000	218
1528.000	221
1529.000	216
1530.000	225
1531.000	245
1532.000	245
1533.000	261
1534.000	281
1535.000	278
1536.000	289
1537.000	302
1538.000	299
1539.000	331
1540.000	329
1541.000	338
1542.000	349
1543.000	359
1544.000	351
1545.000	350
1546.000	339
1547.000	344
1548.000	344
1549.000	334
1550.000	326
1551.000	320
1552.000	315
1553.000	318
1554.000	301
1555.000	300
1556.000	286
1557.000	276
1558.000	290
1559.000	276
1560.000	276
1561.000	266
1562.000	266
1563.000	277
1564.000	266
1565.000	275
1566.000	282
1567.000	281
1568.000	286
1569.000	293
1570.000	288
1571.000	307
1572.000	312
1573.000	314
1574.000	325
1575.000	327
1576.000	337
1577.000	336
1578.000	354
1579.000	356
1580.000	362
1581.000	374
1582.000	388
1583.000	391
1584.000	412
1585.000	409
1586.000	426
1587.000	437
1588.000	448
1589.000	454
1590.000	455
1591.000	478
1592.000	494
1593.000	488
1594.000	518
1595.000	523
1596.000	522
1597.000	539
1598.000	546
1599.000	564
1600.000	564
1601.000	559
1602.000	583
1603.000	584
1604.000	576
1605.000	573
1606.000	586
1607.000	600
1608.000	588
1609.000	585
1610.000	592
1611.000	591
1612.000	580
1613.000	583
1614.000	570
1615.000	557
1616.000	552
1617.000	550
1618.000	553
1619.000	548
1620.000	527
1621.000	522
1622.000	511
1623.000	501
1624.000	484
1625.000	475
1626.000	472
1627.000	450
1628.000	445
1629.000	433
1630.000	431
1631.000	407
1632.000	407
1633.000	398
1634.000	376
1635.000	366
1636.000	352
1637.000	350
1638.000	341
1639.000	324
1640.000	325
1641.000	308
1642.000	305
1643.000	288
1644.000	280
1645.000	283
1646.000	269
1647.000	258
1648.000	250
1649.000	244
1650.000	244
1651.000	238
1652.000	230
1653.000	226
1654.000	229
1655.000	211
1656.000	212
1657.000	207
1658.000	204
1659.000	195
1660.000	193
1661.000	192
1662.000	195
1663.000	189
1664.000	185
1665.000	183
1666.000	179
1667.000	180
1668.000	183
1669.000	180
1670.000	172
1671.000	175
1672.000	177
1673.000	172
1674.000	181
1675.000	175
1676.000	181
1677.000	183
1678.000	197
1679.000	204
1680.000	209
1681.000	221
1682.000	236
1683.000	243
1684.000	262
1685.000	274
1686.000	285
1687.000	315
1688.000	344
1689.000	346
1690.000	378
1691.000	403
1692.000	410
1693.000	444
1694.000	467
1695.000	476
1696.000	485
1697.000	506
1698.000	526
1699.000	538
1700.000	551
1701.000	540
1702.000	552
1703.000	538
1704.000	537
1705.000	528
1706.000	512
1707.000	491
1708.000	479
1709.000	459
1710.000	429
1711.000	393
1712.000	376
1713.000	342
1714.000	327
1715.000	306
1716.000	287
1717.000	261
1718.000	240
1719.000	230
1720.000	211
1721.000	200
1722.000	183
1723.000	181
1724.000	170
1725.000	164
1726.000	151
1727.000	149
1728.000	143
1729.000	141
1730.000	139
1731.000	140
1732.000	138
1733.000	135
1734.000	137
1735.000	133
1736.000	141
1737.000	135
1738.000	133
1739.000	142
1740.000	130
1741.000	133
1742.000	137
1743.000	140
1744.000	142
1745.000	139
1746.000	143
1747.000	134
1748.000	139
1749.000	142
1750.000	139
1751.000	145
1752.000	148
1753.000	138
1754.000	143
1755.000	143
1756.000	144
1757.000	144
1758.000	150
1759.000	155
1760.000	149
1761.000	147
1762.000	150
1763.000	148
1764.000	154
1765.000	160
1766.000	148
1767.000	163
1768.000	153
1769.000	176
1770.000	167
1771.000	161
1772.000	168
1773.000	166
1774.000	169
1775.000	174
1776.000	167
1777.000	175
1778.000	176
1779.000	180
1780.000	185
1781.000	183
1782.000	186
1783.000	180
1784.000	185
1785.000	182
1786.000	181
1787.000	190
1788.000	184
1789.000	186
1790.000	193
1791.000	185
1792.000	187
1793.000	194
1794.000	186
1795.000	189
1796.000	191
1797.000	193
1798.000	180
1799.000	184
1800.000	184
1801.000	187
1802.000	181
1803.000	183
1804.000	174
1805.000	176
1806.000	174
1807.000	179
1808.000	178
1809.000	173
1810.000	174
1811.000	164
1812.000	166
1813.000	161
1814.000	170
1815.000	154
1816.000	158
1817.000	158
1818.000	150
1819.000	146
1820.000	152
1821.000	152
1822.000	142
1823.000	147
1824.000	141
1825.000	142
1826.000	139
1827.000	132
1828.000	129
1829.000	121
1830.000	124
1831.000	130
1832.000	122
1833.000	121
1834.000	121
1835.000	114
1836.000	120
1837.000	124
1838.000	114
1839.000	113
1840.000	111
1841.000	113
1842.000	103
1843.000	105
1844.000	103
1845.000	98
1846.000	100
1847.000	99
1848.000	100
1849.000	96
1850.000	97
1851.000	99
1852.000	90
1853.000	93
1854.000	91
1855.000	90
1856.000	90
1857.000	86
1858.000	86
1859.000	85
1860.000	82
1861.000	83
1862.000	87
1863.000	83
1864.000	75
1865.000	81
1866.000	79
1867.000	83
1868.000	75
1869.000	83
1870.000	76
1871.000	73
1872.000	77
1873.000	75
1874.000	80
1875.000	73
1876.000	77
1877.000	75
1878.000	72
1879.000	73
1880.000	69
1881.000	78
1882.000	72
1883.000	73
1884.000	74
1885.000	71
1886.000	74
1887.000	73
1888.000	70
1889.000	75
1890.000	72
1891.000	76
1892.000	76
1893.000	81
1894.000	76
1895.000	80
1896.000	80
1897.000	88
1898.000	86
1899.000	98
1900.000	97
1901.000	97
1902.000	100
1903.000	106
1904.000	106
1905.000	109
1906.000	110
1907.000	117
1908.000	118
1909.000	117
1910.000	121
1911.000	115
1912.000	116
1913.000	113
1914.000	121
1915.000	110
1916.000	116
1917.000	109
1918.000	107
1919.000	98
1920.000	99
1921.000	97
1922.000	93
1923.000	91
1924.000	85
1925.000	87
1926.000	80
1927.000	75
1928.000	80
1929.000	69
1930.000	74
1931.000	71
1932.000	76
1933.000	65
1934.000	65
1935.000	66
1936.000	62
1937.000	70
1938.000	65
1939.000	65
1940.000	62
1941.000	65
1942.000	65
1943.000	65
1944.000	68
1945.000	66
1946.000	65
1947.000	61
1948.000	64
1949.000	65
1950.000	63
1951.000	61
1952.000	62
1953.000	59
1954.000	62
1955.000	58
1956.000	60
1957.000	58
1958.000	56
1959.000	55
1960.000	52
1961.000	55
1962.000	52
1963.000	55
1964.000	54
1965.000	53
1966.000	55
1967.000	56
1968.000	47
1969.000	53
1970.000	49
1971.000	50
1972.000	50
1973.000	52
1974.000	50
1975.000	49
1976.000	51
1977.000	51
1978.000	48
1979.000	50
1980.000	50
1981.000	51
1982.000	47
1983.000	51
1984.000	50
1985.000	52
1986.000	48
1987.000	45
1988.000	49
1989.000	47
1990.000	50
1991.000	50
1992.000	45
1993.000	48
1994.000	49
1995.000	47
1996.000	46
1997.000	49
1998.000	46
1999.000	50
2000.000	47
2001.000	47
2002.000	44
2003.000	50
2004.000	50
2005.000	49
2006.000	43
2007.000	46
2008.000	48
2009.000	44
2010.000	48
2011.000	47
2012.000	47
2013.000	45
2014.000	48
2015.000	47
2016.000	46
2017.000	46
2018.000	49
2019.000	50
2020.000	46
2021.000	50
2022.000	45
2023.000	47
2024.000	45
2025.000	44
2026.000	45
2027.000	48
2028.000	48
2029.000	43
2030.000	47
2031.000	46
2032.000	50
2033.000	41
2034.000	47
2035.000	44
2036.000	46
2037.000	42
2038.000	43
2039.000	46
2040.000	45
2041.000	48
2042.000	44
2043.000	45
2044.000	46
2045.000	47
2046.000	46
2047.000	44
2048.000	0
