Date:	22-Sep-20		Time:	10:49 PM		Version no:	0.00		Project name:	55		Sample name:	222		Section name:	section		Position	0.000000	mm	E0	0.000000	keV	E1	1.000000	keV/channel	sample surface	2.000000	cm	Tube anode:	Mo		Tube voltage:	30	kV	Tube current:	30	mA	gain	15		std. database			resultfile	result		matrix element	11		sample thickness	1.000000		air passage	0.560000	cm	comments	not in position		peaking_time	0.300000	m-sec	trigger_threshold	40.000000	V	mca_bin_width	2.000000	no:	number_mca_channels	2048.000000	no:	gap_time	2048.000000	m-sec	trigger_peaking_time	2048.000000	m-sec	GAINDAC	400		HIGHGAIN	400		TAURC	400		RCTAU	400		RCTAUFRAC	400		livetime	12.778311	seconds	runtime	15.000098	seconds	input_count_rate	8453.386602	cps	output_count_rate	7201.286285	cps	triggers	126178	seconds	events_in_run	98622	seconds	channel	content		1.000	0
2.000	0
3.000	0
4.000	0
5.000	0
6.000	0
7.000	0
8.000	0
9.000	0
10.000	0
11.000	0
12.000	0
13.000	0
14.000	0
15.000	0
16.000	0
17.000	0
18.000	0
19.000	0
20.000	0
21.000	0
22.000	0
23.000	0
24.000	0
25.000	0
26.000	0
27.000	0
28.000	0
29.000	0
30.000	0
31.000	0
32.000	0
33.000	0
34.000	1
35.000	0
36.000	0
37.000	0
38.000	0
39.000	0
40.000	0
41.000	1
42.000	0
43.000	0
44.000	0
45.000	0
46.000	0
47.000	0
48.000	1
49.000	1
50.000	1
51.000	2
52.000	1
53.000	2
54.000	4
55.000	6
56.000	7
57.000	8
58.000	13
59.000	16
60.000	22
61.000	28
62.000	32
63.000	29
64.000	28
65.000	29
66.000	28
67.000	27
68.000	28
69.000	26
70.000	24
71.000	26
72.000	23
73.000	25
74.000	22
75.000	26
76.000	26
77.000	24
78.000	24
79.000	21
80.000	25
81.000	23
82.000	25
83.000	24
84.000	22
85.000	26
86.000	24
87.000	25
88.000	24
89.000	23
90.000	24
91.000	23
92.000	19
93.000	21
94.000	18
95.000	22
96.000	20
97.000	19
98.000	19
99.000	19
100.000	20
101.000	20
102.000	18
103.000	19
104.000	22
105.000	17
106.000	18
107.000	18
108.000	19
109.000	20
110.000	20
111.000	18
112.000	19
113.000	17
114.000	14
115.000	17
116.000	18
117.000	17
118.000	17
119.000	17
120.000	15
121.000	17
122.000	16
123.000	16
124.000	17
125.000	15
126.000	16
127.000	16
128.000	17
129.000	14
130.000	14
131.000	13
132.000	15
133.000	13
134.000	15
135.000	15
136.000	15
137.000	16
138.000	16
139.000	15
140.000	18
141.000	18
142.000	19
143.000	20
144.000	24
145.000	23
146.000	24
147.000	26
148.000	24
149.000	23
150.000	21
151.000	18
152.000	17
153.000	18
154.000	17
155.000	15
156.000	16
157.000	15
158.000	12
159.000	15
160.000	13
161.000	12
162.000	14
163.000	15
164.000	22
165.000	26
166.000	32
167.000	37
168.000	48
169.000	54
170.000	54
171.000	56
172.000	57
173.000	52
174.000	49
175.000	38
176.000	33
177.000	30
178.000	31
179.000	26
180.000	24
181.000	32
182.000	36
183.000	44
184.000	61
185.000	82
186.000	105
187.000	135
188.000	163
189.000	191
190.000	212
191.000	220
192.000	207
193.000	189
194.000	163
195.000	126
196.000	99
197.000	72
198.000	52
199.000	38
200.000	30
201.000	21
202.000	19
203.000	17
204.000	17
205.000	13
206.000	16
207.000	14
208.000	16
209.000	13
210.000	16
211.000	15
212.000	18
213.000	19
214.000	19
215.000	20
216.000	22
217.000	24
218.000	28
219.000	35
220.000	36
221.000	45
222.000	41
223.000	40
224.000	41
225.000	40
226.000	37
227.000	31
228.000	28
229.000	24
230.000	19
231.000	17
232.000	15
233.000	13
234.000	14
235.000	12
236.000	12
237.000	12
238.000	11
239.000	13
240.000	13
241.000	13
242.000	12
243.000	12
244.000	16
245.000	14
246.000	18
247.000	22
248.000	30
249.000	38
250.000	55
251.000	76
252.000	99
253.000	124
254.000	143
255.000	170
256.000	183
257.000	191
258.000	188
259.000	174
260.000	153
261.000	124
262.000	99
263.000	73
264.000	57
265.000	39
266.000	30
267.000	26
268.000	22
269.000	21
270.000	24
271.000	25
272.000	26
273.000	33
274.000	31
275.000	34
276.000	33
277.000	31
278.000	29
279.000	29
280.000	29
281.000	28
282.000	32
283.000	32
284.000	38
285.000	43
286.000	46
287.000	53
288.000	54
289.000	56
290.000	62
291.000	62
292.000	58
293.000	58
294.000	43
295.000	38
296.000	31
297.000	27
298.000	26
299.000	20
300.000	22
301.000	20
302.000	21
303.000	22
304.000	21
305.000	22
306.000	22
307.000	24
308.000	26
309.000	28
310.000	28
311.000	30
312.000	34
313.000	39
314.000	48
315.000	51
316.000	68
317.000	79
318.000	103
319.000	132
320.000	164
321.000	194
322.000	219
323.000	252
324.000	246
325.000	251
326.000	248
327.000	227
328.000	195
329.000	167
330.000	124
331.000	102
332.000	74
333.000	58
334.000	48
335.000	40
336.000	33
337.000	30
338.000	33
339.000	34
340.000	40
341.000	47
342.000	56
343.000	70
344.000	86
345.000	129
346.000	174
347.000	271
348.000	413
349.000	649
350.000	1038
351.000	1593
352.000	2457
353.000	3608
354.000	5117
355.000	7025
356.000	9212
357.000	11482
358.000	13734
359.000	15692
360.000	17117
361.000	17990
362.000	17795
363.000	16834
364.000	15180
365.000	13202
366.000	10814
367.000	8515
368.000	6369
369.000	4601
370.000	3159
371.000	2053
372.000	1318
373.000	814
374.000	505
375.000	320
376.000	205
377.000	159
378.000	149
379.000	152
380.000	199
381.000	242
382.000	332
383.000	438
384.000	597
385.000	803
386.000	1068
387.000	1352
388.000	1649
389.000	1982
390.000	2262
391.000	2497
392.000	2628
393.000	2661
394.000	2599
395.000	2430
396.000	2138
397.000	1820
398.000	1501
399.000	1176
400.000	897
401.000	618
402.000	448
403.000	292
404.000	184
405.000	115
406.000	75
407.000	44
408.000	26
409.000	18
410.000	13
411.000	11
412.000	10
413.000	8
414.000	7
415.000	6
416.000	8
417.000	8
418.000	7
419.000	7
420.000	6
421.000	8
422.000	8
423.000	7
424.000	9
425.000	12
426.000	10
427.000	11
428.000	18
429.000	22
430.000	29
431.000	38
432.000	54
433.000	74
434.000	94
435.000	122
436.000	151
437.000	180
438.000	202
439.000	229
440.000	239
441.000	249
442.000	249
443.000	225
444.000	211
445.000	177
446.000	153
447.000	131
448.000	105
449.000	87
450.000	68
451.000	57
452.000	44
453.000	41
454.000	39
455.000	36
456.000	31
457.000	29
458.000	27
459.000	23
460.000	22
461.000	20
462.000	19
463.000	15
464.000	13
465.000	15
466.000	18
467.000	16
468.000	15
469.000	18
470.000	19
471.000	18
472.000	20
473.000	25
474.000	29
475.000	31
476.000	32
477.000	38
478.000	43
479.000	46
480.000	50
481.000	52
482.000	57
483.000	54
484.000	58
485.000	50
486.000	45
487.000	47
488.000	35
489.000	35
490.000	30
491.000	26
492.000	19
493.000	19
494.000	14
495.000	17
496.000	14
497.000	14
498.000	15
499.000	14
500.000	15
501.000	13
502.000	17
503.000	15
504.000	17
505.000	16
506.000	16
507.000	17
508.000	16
509.000	18
510.000	19
511.000	18
512.000	21
513.000	20
514.000	20
515.000	21
516.000	21
517.000	23
518.000	24
519.000	28
520.000	26
521.000	29
522.000	34
523.000	32
524.000	36
525.000	37
526.000	41
527.000	41
528.000	41
529.000	43
530.000	45
531.000	44
532.000	39
533.000	34
534.000	35
535.000	38
536.000	29
537.000	27
538.000	26
539.000	24
540.000	22
541.000	20
542.000	21
543.000	19
544.000	17
545.000	21
546.000	20
547.000	19
548.000	19
549.000	19
550.000	19
551.000	20
552.000	20
553.000	21
554.000	20
555.000	22
556.000	20
557.000	25
558.000	25
559.000	25
560.000	26
561.000	28
562.000	28
563.000	30
564.000	35
565.000	38
566.000	41
567.000	51
568.000	53
569.000	60
570.000	69
571.000	73
572.000	83
573.000	92
574.000	100
575.000	101
576.000	101
577.000	103
578.000	100
579.000	93
580.000	88
581.000	85
582.000	71
583.000	62
584.000	59
585.000	54
586.000	43
587.000	40
588.000	35
589.000	33
590.000	33
591.000	29
592.000	27
593.000	28
594.000	28
595.000	25
596.000	30
597.000	31
598.000	32
599.000	34
600.000	34
601.000	35
602.000	36
603.000	41
604.000	42
605.000	50
606.000	66
607.000	79
608.000	106
609.000	145
610.000	205
611.000	288
612.000	402
613.000	563
614.000	809
615.000	1069
616.000	1443
617.000	1841
618.000	2310
619.000	2838
620.000	3351
621.000	3871
622.000	4344
623.000	4718
624.000	4937
625.000	5130
626.000	5048
627.000	4919
628.000	4569
629.000	4153
630.000	3668
631.000	3168
632.000	2621
633.000	2139
634.000	1681
635.000	1281
636.000	963
637.000	713
638.000	511
639.000	363
640.000	260
641.000	191
642.000	136
643.000	105
644.000	82
645.000	70
646.000	68
647.000	58
648.000	58
649.000	52
650.000	51
651.000	54
652.000	51
653.000	51
654.000	53
655.000	54
656.000	52
657.000	52
658.000	52
659.000	52
660.000	52
661.000	52
662.000	59
663.000	58
664.000	57
665.000	65
666.000	66
667.000	65
668.000	68
669.000	70
670.000	80
671.000	86
672.000	92
673.000	101
674.000	117
675.000	138
676.000	161
677.000	191
678.000	234
679.000	274
680.000	327
681.000	384
682.000	474
683.000	533
684.000	623
685.000	705
686.000	764
687.000	810
688.000	845
689.000	859
690.000	849
691.000	826
692.000	780
693.000	716
694.000	640
695.000	559
696.000	475
697.000	403
698.000	326
699.000	274
700.000	220
701.000	180
702.000	141
703.000	112
704.000	98
705.000	83
706.000	72
707.000	64
708.000	63
709.000	60
710.000	56
711.000	55
712.000	57
713.000	52
714.000	59
715.000	58
716.000	63
717.000	64
718.000	66
719.000	71
720.000	75
721.000	78
722.000	79
723.000	76
724.000	79
725.000	85
726.000	80
727.000	86
728.000	91
729.000	83
730.000	86
731.000	83
732.000	78
733.000	76
734.000	80
735.000	76
736.000	76
737.000	71
738.000	67
739.000	70
740.000	68
741.000	64
742.000	64
743.000	66
744.000	61
745.000	61
746.000	61
747.000	63
748.000	61
749.000	63
750.000	62
751.000	66
752.000	64
753.000	67
754.000	65
755.000	62
756.000	64
757.000	63
758.000	67
759.000	66
760.000	64
761.000	61
762.000	67
763.000	66
764.000	65
765.000	65
766.000	69
767.000	65
768.000	69
769.000	70
770.000	69
771.000	77
772.000	72
773.000	75
774.000	81
775.000	77
776.000	80
777.000	86
778.000	90
779.000	93
780.000	101
781.000	98
782.000	103
783.000	109
784.000	111
785.000	111
786.000	122
787.000	124
788.000	125
789.000	129
790.000	124
791.000	127
792.000	126
793.000	134
794.000	131
795.000	124
796.000	122
797.000	131
798.000	128
799.000	130
800.000	128
801.000	136
802.000	131
803.000	135
804.000	130
805.000	137
806.000	151
807.000	147
808.000	158
809.000	158
810.000	172
811.000	189
812.000	197
813.000	212
814.000	221
815.000	230
816.000	246
817.000	250
818.000	257
819.000	257
820.000	266
821.000	261
822.000	264
823.000	244
824.000	233
825.000	209
826.000	205
827.000	183
828.000	167
829.000	155
830.000	149
831.000	144
832.000	130
833.000	121
834.000	122
835.000	120
836.000	120
837.000	116
838.000	111
839.000	122
840.000	118
841.000	118
842.000	118
843.000	121
844.000	115
845.000	119
846.000	116
847.000	127
848.000	123
849.000	118
850.000	116
851.000	110
852.000	113
853.000	109
854.000	111
855.000	105
856.000	112
857.000	108
858.000	109
859.000	106
860.000	107
861.000	109
862.000	106
863.000	102
864.000	105
865.000	109
866.000	109
867.000	105
868.000	109
869.000	110
870.000	110
871.000	110
872.000	113
873.000	113
874.000	109
875.000	111
876.000	108
877.000	107
878.000	112
879.000	105
880.000	111
881.000	108
882.000	110
883.000	106
884.000	110
885.000	111
886.000	107
887.000	107
888.000	114
889.000	119
890.000	117
891.000	115
892.000	115
893.000	123
894.000	117
895.000	116
896.000	129
897.000	125
898.000	122
899.000	126
900.000	134
901.000	127
902.000	133
903.000	138
904.000	140
905.000	141
906.000	146
907.000	146
908.000	149
909.000	149
910.000	143
911.000	150
912.000	151
913.000	148
914.000	149
915.000	159
916.000	156
917.000	161
918.000	154
919.000	153
920.000	162
921.000	162
922.000	171
923.000	169
924.000	165
925.000	165
926.000	169
927.000	166
928.000	175
929.000	174
930.000	185
931.000	189
932.000	192
933.000	199
934.000	200
935.000	204
936.000	207
937.000	212
938.000	224
939.000	227
940.000	235
941.000	236
942.000	246
943.000	237
944.000	242
945.000	239
946.000	238
947.000	242
948.000	235
949.000	231
950.000	216
951.000	204
952.000	198
953.000	194
954.000	181
955.000	190
956.000	176
957.000	177
958.000	176
959.000	173
960.000	164
961.000	166
962.000	165
963.000	164
964.000	170
965.000	166
966.000	168
967.000	169
968.000	166
969.000	175
970.000	166
971.000	175
972.000	177
973.000	173
974.000	177
975.000	170
976.000	168
977.000	168
978.000	161
979.000	165
980.000	159
981.000	158
982.000	149
983.000	149
984.000	139
985.000	144
986.000	142
987.000	143
988.000	132
989.000	140
990.000	140
991.000	139
992.000	132
993.000	131
994.000	135
995.000	132
996.000	125
997.000	131
998.000	129
999.000	130
1000.000	126
1001.000	130
1002.000	125
1003.000	126
1004.000	127
1005.000	125
1006.000	125
1007.000	127
1008.000	126
1009.000	130
1010.000	127
1011.000	122
1012.000	132
1013.000	123
1014.000	125
1015.000	131
1016.000	126
1017.000	127
1018.000	126
1019.000	137
1020.000	133
1021.000	136
1022.000	132
1023.000	133
1024.000	140
1025.000	137
1026.000	141
1027.000	136
1028.000	146
1029.000	140
1030.000	138
1031.000	141
1032.000	147
1033.000	148
1034.000	138
1035.000	140
1036.000	145
1037.000	143
1038.000	139
1039.000	146
1040.000	150
1041.000	141
1042.000	141
1043.000	143
1044.000	141
1045.000	139
1046.000	148
1047.000	135
1048.000	140
1049.000	141
1050.000	139
1051.000	136
1052.000	149
1053.000	142
1054.000	144
1055.000	144
1056.000	145
1057.000	147
1058.000	146
1059.000	155
1060.000	145
1061.000	149
1062.000	154
1063.000	153
1064.000	153
1065.000	150
1066.000	147
1067.000	154
1068.000	156
1069.000	154
1070.000	150
1071.000	149
1072.000	150
1073.000	146
1074.000	155
1075.000	147
1076.000	147
1077.000	151
1078.000	147
1079.000	151
1080.000	148
1081.000	144
1082.000	142
1083.000	146
1084.000	148
1085.000	150
1086.000	152
1087.000	150
1088.000	159
1089.000	155
1090.000	150
1091.000	156
1092.000	148
1093.000	148
1094.000	150
1095.000	155
1096.000	159
1097.000	158
1098.000	161
1099.000	162
1100.000	167
1101.000	166
1102.000	161
1103.000	164
1104.000	166
1105.000	158
1106.000	163
1107.000	158
1108.000	154
1109.000	157
1110.000	154
1111.000	152
1112.000	154
1113.000	156
1114.000	146
1115.000	149
1116.000	151
1117.000	156
1118.000	159
1119.000	150
1120.000	147
1121.000	150
1122.000	151
1123.000	144
1124.000	155
1125.000	151
1126.000	151
1127.000	151
1128.000	149
1129.000	154
1130.000	153
1131.000	156
1132.000	158
1133.000	150
1134.000	153
1135.000	153
1136.000	152
1137.000	154
1138.000	153
1139.000	159
1140.000	154
1141.000	155
1142.000	156
1143.000	153
1144.000	154
1145.000	155
1146.000	153
1147.000	155
1148.000	160
1149.000	153
1150.000	159
1151.000	166
1152.000	162
1153.000	160
1154.000	166
1155.000	166
1156.000	165
1157.000	168
1158.000	165
1159.000	173
1160.000	174
1161.000	178
1162.000	183
1163.000	172
1164.000	177
1165.000	182
1166.000	177
1167.000	169
1168.000	171
1169.000	162
1170.000	159
1171.000	162
1172.000	169
1173.000	166
1174.000	155
1175.000	157
1176.000	160
1177.000	158
1178.000	159
1179.000	163
1180.000	155
1181.000	153
1182.000	156
1183.000	145
1184.000	150
1185.000	152
1186.000	152
1187.000	151
1188.000	152
1189.000	151
1190.000	153
1191.000	145
1192.000	153
1193.000	155
1194.000	151
1195.000	146
1196.000	147
1197.000	148
1198.000	154
1199.000	152
1200.000	153
1201.000	154
1202.000	152
1203.000	155
1204.000	151
1205.000	155
1206.000	153
1207.000	157
1208.000	154
1209.000	154
1210.000	152
1211.000	157
1212.000	154
1213.000	159
1214.000	157
1215.000	153
1216.000	157
1217.000	156
1218.000	159
1219.000	159
1220.000	156
1221.000	161
1222.000	161
1223.000	158
1224.000	167
1225.000	164
1226.000	167
1227.000	173
1228.000	177
1229.000	165
1230.000	165
1231.000	163
1232.000	169
1233.000	168
1234.000	167
1235.000	170
1236.000	171
1237.000	165
1238.000	165
1239.000	168
1240.000	162
1241.000	165
1242.000	166
1243.000	165
1244.000	163
1245.000	162
1246.000	167
1247.000	157
1248.000	162
1249.000	161
1250.000	158
1251.000	155
1252.000	166
1253.000	161
1254.000	157
1255.000	156
1256.000	163
1257.000	164
1258.000	159
1259.000	158
1260.000	162
1261.000	161
1262.000	156
1263.000	163
1264.000	158
1265.000	164
1266.000	161
1267.000	163
1268.000	157
1269.000	154
1270.000	165
1271.000	159
1272.000	156
1273.000	163
1274.000	157
1275.000	156
1276.000	159
1277.000	159
1278.000	160
1279.000	161
1280.000	158
1281.000	150
1282.000	166
1283.000	157
1284.000	160
1285.000	157
1286.000	162
1287.000	161
1288.000	165
1289.000	161
1290.000	167
1291.000	164
1292.000	166
1293.000	180
1294.000	165
1295.000	167
1296.000	169
1297.000	172
1298.000	167
1299.000	174
1300.000	180
1301.000	179
1302.000	182
1303.000	179
1304.000	170
1305.000	178
1306.000	181
1307.000	175
1308.000	170
1309.000	175
1310.000	176
1311.000	173
1312.000	178
1313.000	171
1314.000	172
1315.000	167
1316.000	171
1317.000	166
1318.000	169
1319.000	157
1320.000	170
1321.000	168
1322.000	156
1323.000	173
1324.000	164
1325.000	161
1326.000	169
1327.000	154
1328.000	166
1329.000	161
1330.000	162
1331.000	155
1332.000	167
1333.000	154
1334.000	166
1335.000	165
1336.000	164
1337.000	174
1338.000	165
1339.000	159
1340.000	168
1341.000	169
1342.000	166
1343.000	163
1344.000	167
1345.000	161
1346.000	168
1347.000	170
1348.000	170
1349.000	169
1350.000	170
1351.000	175
1352.000	177
1353.000	177
1354.000	180
1355.000	182
1356.000	194
1357.000	204
1358.000	196
1359.000	217
1360.000	229
1361.000	254
1362.000	267
1363.000	279
1364.000	308
1365.000	347
1366.000	374
1367.000	413
1368.000	457
1369.000	500
1370.000	538
1371.000	594
1372.000	633
1373.000	670
1374.000	716
1375.000	758
1376.000	792
1377.000	801
1378.000	833
1379.000	835
1380.000	842
1381.000	824
1382.000	815
1383.000	794
1384.000	759
1385.000	727
1386.000	689
1387.000	657
1388.000	594
1389.000	545
1390.000	513
1391.000	453
1392.000	411
1393.000	376
1394.000	340
1395.000	302
1396.000	286
1397.000	257
1398.000	241
1399.000	218
1400.000	207
1401.000	190
1402.000	185
1403.000	182
1404.000	178
1405.000	172
1406.000	166
1407.000	183
1408.000	163
1409.000	170
1410.000	160
1411.000	161
1412.000	166
1413.000	163
1414.000	164
1415.000	160
1416.000	159
1417.000	162
1418.000	161
1419.000	165
1420.000	157
1421.000	159
1422.000	164
1423.000	169
1424.000	167
1425.000	166
1426.000	157
1427.000	167
1428.000	166
1429.000	166
1430.000	162
1431.000	163
1432.000	169
1433.000	160
1434.000	167
1435.000	165
1436.000	164
1437.000	163
1438.000	167
1439.000	170
1440.000	172
1441.000	169
1442.000	166
1443.000	169
1444.000	166
1445.000	171
1446.000	166
1447.000	162
1448.000	169
1449.000	169
1450.000	170
1451.000	169
1452.000	170
1453.000	176
1454.000	177
1455.000	175
1456.000	173
1457.000	188
1458.000	177
1459.000	179
1460.000	173
1461.000	182
1462.000	175
1463.000	172
1464.000	170
1465.000	172
1466.000	174
1467.000	180
1468.000	172
1469.000	173
1470.000	169
1471.000	169
1472.000	173
1473.000	169
1474.000	171
1475.000	163
1476.000	171
1477.000	170
1478.000	168
1479.000	172
1480.000	168
1481.000	167
1482.000	164
1483.000	174
1484.000	168
1485.000	172
1486.000	174
1487.000	162
1488.000	169
1489.000	172
1490.000	172
1491.000	167
1492.000	170
1493.000	165
1494.000	163
1495.000	171
1496.000	168
1497.000	167
1498.000	170
1499.000	174
1500.000	170
1501.000	172
1502.000	171
1503.000	171
1504.000	171
1505.000	175
1506.000	173
1507.000	179
1508.000	172
1509.000	173
1510.000	177
1511.000	178
1512.000	174
1513.000	179
1514.000	175
1515.000	186
1516.000	175
1517.000	181
1518.000	174
1519.000	184
1520.000	187
1521.000	187
1522.000	188
1523.000	193
1524.000	195
1525.000	197
1526.000	206
1527.000	215
1528.000	213
1529.000	222
1530.000	229
1531.000	239
1532.000	244
1533.000	252
1534.000	262
1535.000	267
1536.000	268
1537.000	290
1538.000	292
1539.000	300
1540.000	303
1541.000	317
1542.000	324
1543.000	319
1544.000	322
1545.000	326
1546.000	324
1547.000	319
1548.000	318
1549.000	316
1550.000	296
1551.000	301
1552.000	290
1553.000	277
1554.000	275
1555.000	271
1556.000	264
1557.000	263
1558.000	253
1559.000	266
1560.000	256
1561.000	261
1562.000	263
1563.000	254
1564.000	258
1565.000	268
1566.000	269
1567.000	269
1568.000	274
1569.000	281
1570.000	276
1571.000	284
1572.000	286
1573.000	299
1574.000	302
1575.000	319
1576.000	325
1577.000	321
1578.000	334
1579.000	343
1580.000	349
1581.000	365
1582.000	370
1583.000	382
1584.000	376
1585.000	396
1586.000	408
1587.000	413
1588.000	431
1589.000	438
1590.000	457
1591.000	460
1592.000	481
1593.000	495
1594.000	495
1595.000	498
1596.000	530
1597.000	525
1598.000	546
1599.000	543
1600.000	539
1601.000	572
1602.000	571
1603.000	571
1604.000	560
1605.000	570
1606.000	577
1607.000	579
1608.000	580
1609.000	573
1610.000	587
1611.000	575
1612.000	573
1613.000	572
1614.000	571
1615.000	556
1616.000	537
1617.000	553
1618.000	547
1619.000	543
1620.000	525
1621.000	522
1622.000	516
1623.000	500
1624.000	485
1625.000	482
1626.000	466
1627.000	452
1628.000	441
1629.000	440
1630.000	413
1631.000	395
1632.000	410
1633.000	391
1634.000	378
1635.000	376
1636.000	362
1637.000	341
1638.000	330
1639.000	319
1640.000	324
1641.000	313
1642.000	288
1643.000	285
1644.000	281
1645.000	267
1646.000	272
1647.000	259
1648.000	254
1649.000	245
1650.000	237
1651.000	237
1652.000	229
1653.000	228
1654.000	224
1655.000	215
1656.000	214
1657.000	199
1658.000	204
1659.000	202
1660.000	194
1661.000	190
1662.000	185
1663.000	189
1664.000	190
1665.000	182
1666.000	179
1667.000	179
1668.000	174
1669.000	186
1670.000	176
1671.000	180
1672.000	183
1673.000	172
1674.000	176
1675.000	177
1676.000	182
1677.000	188
1678.000	196
1679.000	198
1680.000	211
1681.000	213
1682.000	220
1683.000	243
1684.000	250
1685.000	273
1686.000	290
1687.000	299
1688.000	320
1689.000	344
1690.000	361
1691.000	398
1692.000	403
1693.000	434
1694.000	455
1695.000	475
1696.000	485
1697.000	503
1698.000	508
1699.000	522
1700.000	523
1701.000	536
1702.000	526
1703.000	528
1704.000	516
1705.000	512
1706.000	489
1707.000	479
1708.000	468
1709.000	439
1710.000	421
1711.000	404
1712.000	368
1713.000	340
1714.000	320
1715.000	298
1716.000	277
1717.000	254
1718.000	245
1719.000	228
1720.000	215
1721.000	199
1722.000	179
1723.000	178
1724.000	171
1725.000	159
1726.000	147
1727.000	150
1728.000	143
1729.000	142
1730.000	138
1731.000	140
1732.000	138
1733.000	137
1734.000	138
1735.000	137
1736.000	137
1737.000	137
1738.000	137
1739.000	134
1740.000	138
1741.000	138
1742.000	136
1743.000	135
1744.000	131
1745.000	139
1746.000	136
1747.000	139
1748.000	136
1749.000	136
1750.000	141
1751.000	138
1752.000	137
1753.000	140
1754.000	141
1755.000	145
1756.000	146
1757.000	138
1758.000	145
1759.000	142
1760.000	152
1761.000	150
1762.000	150
1763.000	152
1764.000	151
1765.000	153
1766.000	157
1767.000	157
1768.000	155
1769.000	156
1770.000	154
1771.000	160
1772.000	165
1773.000	172
1774.000	166
1775.000	172
1776.000	169
1777.000	175
1778.000	171
1779.000	172
1780.000	174
1781.000	176
1782.000	172
1783.000	185
1784.000	175
1785.000	187
1786.000	173
1787.000	186
1788.000	188
1789.000	181
1790.000	186
1791.000	186
1792.000	184
1793.000	193
1794.000	189
1795.000	190
1796.000	188
1797.000	184
1798.000	189
1799.000	187
1800.000	180
1801.000	173
1802.000	191
1803.000	179
1804.000	176
1805.000	181
1806.000	185
1807.000	179
1808.000	176
1809.000	167
1810.000	168
1811.000	167
1812.000	169
1813.000	162
1814.000	164
1815.000	165
1816.000	155
1817.000	157
1818.000	160
1819.000	154
1820.000	156
1821.000	152
1822.000	143
1823.000	142
1824.000	144
1825.000	134
1826.000	139
1827.000	135
1828.000	129
1829.000	129
1830.000	132
1831.000	125
1832.000	127
1833.000	124
1834.000	121
1835.000	118
1836.000	123
1837.000	112
1838.000	114
1839.000	115
1840.000	116
1841.000	112
1842.000	107
1843.000	105
1844.000	100
1845.000	100
1846.000	107
1847.000	94
1848.000	102
1849.000	105
1850.000	91
1851.000	93
1852.000	88
1853.000	91
1854.000	90
1855.000	92
1856.000	86
1857.000	91
1858.000	87
1859.000	84
1860.000	89
1861.000	87
1862.000	84
1863.000	83
1864.000	80
1865.000	78
1866.000	84
1867.000	79
1868.000	74
1869.000	82
1870.000	77
1871.000	75
1872.000	79
1873.000	69
1874.000	74
1875.000	70
1876.000	70
1877.000	73
1878.000	75
1879.000	77
1880.000	78
1881.000	73
1882.000	70
1883.000	74
1884.000	67
1885.000	69
1886.000	66
1887.000	71
1888.000	69
1889.000	74
1890.000	76
1891.000	76
1892.000	71
1893.000	82
1894.000	78
1895.000	77
1896.000	88
1897.000	87
1898.000	84
1899.000	88
1900.000	91
1901.000	96
1902.000	98
1903.000	97
1904.000	111
1905.000	106
1906.000	107
1907.000	113
1908.000	127
1909.000	122
1910.000	118
1911.000	119
1912.000	120
1913.000	120
1914.000	120
1915.000	118
1916.000	111
1917.000	111
1918.000	105
1919.000	107
1920.000	104
1921.000	97
1922.000	92
1923.000	85
1924.000	87
1925.000	81
1926.000	77
1927.000	80
1928.000	72
1929.000	74
1930.000	71
1931.000	70
1932.000	69
1933.000	67
1934.000	69
1935.000	69
1936.000	67
1937.000	65
1938.000	69
1939.000	62
1940.000	65
1941.000	61
1942.000	68
1943.000	67
1944.000	65
1945.000	60
1946.000	62
1947.000	64
1948.000	64
1949.000	64
1950.000	63
1951.000	63
1952.000	61
1953.000	60
1954.000	63
1955.000	55
1956.000	57
1957.000	54
1958.000	60
1959.000	54
1960.000	56
1961.000	54
1962.000	56
1963.000	56
1964.000	52
1965.000	54
1966.000	51
1967.000	51
1968.000	54
1969.000	50
1970.000	49
1971.000	47
1972.000	47
1973.000	47
1974.000	51
1975.000	48
1976.000	54
1977.000	50
1978.000	53
1979.000	53
1980.000	54
1981.000	50
1982.000	50
1983.000	49
1984.000	48
1985.000	47
1986.000	48
1987.000	46
1988.000	51
1989.000	48
1990.000	48
1991.000	47
1992.000	45
1993.000	48
1994.000	46
1995.000	51
1996.000	51
1997.000	46
1998.000	47
1999.000	48
2000.000	49
2001.000	50
2002.000	48
2003.000	45
2004.000	48
2005.000	46
2006.000	46
2007.000	49
2008.000	49
2009.000	51
2010.000	49
2011.000	44
2012.000	49
2013.000	47
2014.000	49
2015.000	45
2016.000	47
2017.000	47
2018.000	49
2019.000	48
2020.000	47
2021.000	46
2022.000	47
2023.000	42
2024.000	46
2025.000	44
2026.000	46
2027.000	44
2028.000	47
2029.000	43
2030.000	50
2031.000	43
2032.000	45
2033.000	43
2034.000	46
2035.000	48
2036.000	47
2037.000	50
2038.000	44
2039.000	46
2040.000	45
2041.000	41
2042.000	44
2043.000	43
2044.000	45
2045.000	42
2046.000	45
2047.000	42
2048.000	0
