Date:	22-Sep-20		Time:	10:49 PM		Version no:	0.00		Project name:	55		Sample name:	222		Section name:	section		Position	0.000000	mm	E0	0.000000	keV	E1	1.000000	keV/channel	sample surface	2.000000	cm	Tube anode:	Mo		Tube voltage:	30	kV	Tube current:	30	mA	gain	15		std. database			resultfile	result		matrix element	11		sample thickness	1.000000		air passage	0.560000	cm	comments	not in position		peaking_time	0.300000	m-sec	trigger_threshold	40.000000	V	mca_bin_width	2.000000	no:	number_mca_channels	2048.000000	no:	gap_time	2048.000000	m-sec	trigger_peaking_time	2048.000000	m-sec	GAINDAC	400		HIGHGAIN	400		TAURC	400		RCTAU	400		RCTAUFRAC	400		livetime	12.778311	seconds	runtime	15.000098	seconds	input_count_rate	8453.386602	cps	output_count_rate	7201.286285	cps	triggers	126178	seconds	events_in_run	98622	seconds	channel	content		1.000	0
2.000	0
3.000	0
4.000	0
5.000	0
6.000	0
7.000	0
8.000	0
9.000	0
10.000	0
11.000	0
12.000	0
13.000	0
14.000	0
15.000	0
16.000	0
17.000	0
18.000	0
19.000	0
20.000	0
21.000	0
22.000	0
23.000	0
24.000	0
25.000	0
26.000	0
27.000	0
28.000	0
29.000	0
30.000	0
31.000	0
32.000	0
33.000	0
34.000	0
35.000	0
36.000	0
37.000	0
38.000	0
39.000	0
40.000	1
41.000	0
42.000	1
43.000	0
44.000	0
45.000	0
46.000	1
47.000	0
48.000	1
49.000	1
50.000	1
51.000	1
52.000	2
53.000	3
54.000	4
55.000	5
56.000	7
57.000	9
58.000	10
59.000	19
60.000	23
61.000	28
62.000	28
63.000	27
64.000	28
65.000	33
66.000	28
67.000	27
68.000	27
69.000	26
70.000	23
71.000	27
72.000	22
73.000	24
74.000	22
75.000	23
76.000	23
77.000	23
78.000	24
79.000	23
80.000	24
81.000	22
82.000	22
83.000	21
84.000	23
85.000	23
86.000	24
87.000	24
88.000	20
89.000	24
90.000	20
91.000	18
92.000	22
93.000	20
94.000	19
95.000	23
96.000	19
97.000	21
98.000	20
99.000	19
100.000	20
101.000	21
102.000	19
103.000	20
104.000	18
105.000	22
106.000	19
107.000	19
108.000	18
109.000	16
110.000	18
111.000	16
112.000	19
113.000	19
114.000	17
115.000	18
116.000	18
117.000	15
118.000	18
119.000	19
120.000	17
121.000	15
122.000	14
123.000	18
124.000	15
125.000	17
126.000	15
127.000	17
128.000	15
129.000	16
130.000	14
131.000	16
132.000	15
133.000	13
134.000	14
135.000	15
136.000	15
137.000	14
138.000	15
139.000	16
140.000	18
141.000	19
142.000	22
143.000	24
144.000	23
145.000	26
146.000	27
147.000	28
148.000	23
149.000	22
150.000	21
151.000	22
152.000	17
153.000	18
154.000	17
155.000	19
156.000	16
157.000	15
158.000	14
159.000	15
160.000	13
161.000	14
162.000	14
163.000	17
164.000	20
165.000	26
166.000	30
167.000	41
168.000	45
169.000	57
170.000	57
171.000	61
172.000	56
173.000	53
174.000	47
175.000	40
176.000	29
177.000	28
178.000	26
179.000	28
180.000	28
181.000	33
182.000	40
183.000	49
184.000	63
185.000	81
186.000	106
187.000	133
188.000	169
189.000	188
190.000	207
191.000	214
192.000	209
193.000	192
194.000	164
195.000	135
196.000	100
197.000	65
198.000	51
199.000	38
200.000	26
201.000	22
202.000	17
203.000	15
204.000	13
205.000	15
206.000	14
207.000	14
208.000	12
209.000	16
210.000	15
211.000	14
212.000	16
213.000	16
214.000	19
215.000	17
216.000	21
217.000	25
218.000	30
219.000	34
220.000	38
221.000	41
222.000	42
223.000	41
224.000	41
225.000	39
226.000	36
227.000	33
228.000	31
229.000	22
230.000	20
231.000	18
232.000	18
233.000	13
234.000	13
235.000	12
236.000	12
237.000	13
238.000	13
239.000	12
240.000	13
241.000	13
242.000	14
243.000	12
244.000	14
245.000	15
246.000	16
247.000	20
248.000	25
249.000	33
250.000	46
251.000	59
252.000	78
253.000	95
254.000	119
255.000	130
256.000	153
257.000	150
258.000	155
259.000	142
260.000	115
261.000	97
262.000	84
263.000	58
264.000	51
265.000	36
266.000	24
267.000	25
268.000	19
269.000	18
270.000	19
271.000	24
272.000	26
273.000	29
274.000	27
275.000	29
276.000	32
277.000	32
278.000	29
279.000	28
280.000	23
281.000	28
282.000	25
283.000	28
284.000	34
285.000	36
286.000	41
287.000	50
288.000	54
289.000	61
290.000	56
291.000	56
292.000	53
293.000	48
294.000	41
295.000	33
296.000	31
297.000	28
298.000	26
299.000	21
300.000	20
301.000	18
302.000	19
303.000	18
304.000	19
305.000	18
306.000	21
307.000	22
308.000	27
309.000	29
310.000	26
311.000	33
312.000	34
313.000	40
314.000	42
315.000	58
316.000	69
317.000	90
318.000	115
319.000	144
320.000	181
321.000	217
322.000	244
323.000	270
324.000	289
325.000	284
326.000	265
327.000	251
328.000	220
329.000	181
330.000	142
331.000	114
332.000	84
333.000	67
334.000	44
335.000	35
336.000	34
337.000	32
338.000	32
339.000	33
340.000	40
341.000	44
342.000	59
343.000	71
344.000	89
345.000	130
346.000	182
347.000	276
348.000	417
349.000	662
350.000	1038
351.000	1614
352.000	2488
353.000	3588
354.000	5151
355.000	6984
356.000	9225
357.000	11530
358.000	13761
359.000	15775
360.000	17218
361.000	17886
362.000	17850
363.000	16823
364.000	15282
365.000	13097
366.000	10809
367.000	8475
368.000	6412
369.000	4575
370.000	3143
371.000	2057
372.000	1324
373.000	811
374.000	496
375.000	313
376.000	208
377.000	161
378.000	143
379.000	153
380.000	190
381.000	246
382.000	323
383.000	441
384.000	619
385.000	810
386.000	1049
387.000	1360
388.000	1671
389.000	1996
390.000	2291
391.000	2519
392.000	2645
393.000	2719
394.000	2586
395.000	2452
396.000	2137
397.000	1846
398.000	1503
399.000	1159
400.000	881
401.000	634
402.000	443
403.000	302
404.000	185
405.000	114
406.000	75
407.000	46
408.000	26
409.000	19
410.000	14
411.000	9
412.000	8
413.000	9
414.000	8
415.000	8
416.000	8
417.000	8
418.000	8
419.000	8
420.000	8
421.000	7
422.000	7
423.000	7
424.000	8
425.000	9
426.000	11
427.000	15
428.000	17
429.000	23
430.000	30
431.000	41
432.000	52
433.000	66
434.000	84
435.000	109
436.000	138
437.000	163
438.000	184
439.000	199
440.000	209
441.000	217
442.000	213
443.000	212
444.000	180
445.000	159
446.000	143
447.000	121
448.000	94
449.000	75
450.000	65
451.000	49
452.000	44
453.000	38
454.000	36
455.000	32
456.000	31
457.000	27
458.000	28
459.000	24
460.000	23
461.000	22
462.000	19
463.000	17
464.000	17
465.000	17
466.000	15
467.000	16
468.000	18
469.000	18
470.000	19
471.000	17
472.000	20
473.000	26
474.000	29
475.000	30
476.000	37
477.000	37
478.000	40
479.000	45
480.000	46
481.000	50
482.000	49
483.000	51
484.000	53
485.000	48
486.000	44
487.000	40
488.000	36
489.000	32
490.000	27
491.000	24
492.000	21
493.000	18
494.000	15
495.000	17
496.000	14
497.000	14
498.000	14
499.000	15
500.000	15
501.000	14
502.000	14
503.000	18
504.000	16
505.000	17
506.000	17
507.000	17
508.000	18
509.000	18
510.000	18
511.000	22
512.000	21
513.000	19
514.000	19
515.000	24
516.000	21
517.000	24
518.000	27
519.000	28
520.000	28
521.000	29
522.000	32
523.000	38
524.000	33
525.000	36
526.000	38
527.000	42
528.000	41
529.000	41
530.000	38
531.000	40
532.000	37
533.000	36
534.000	34
535.000	32
536.000	31
537.000	26
538.000	25
539.000	25
540.000	24
541.000	20
542.000	20
543.000	20
544.000	19
545.000	20
546.000	18
547.000	21
548.000	19
549.000	24
550.000	21
551.000	21
552.000	22
553.000	21
554.000	18
555.000	21
556.000	23
557.000	23
558.000	26
559.000	23
560.000	24
561.000	29
562.000	30
563.000	32
564.000	37
565.000	41
566.000	44
567.000	51
568.000	60
569.000	73
570.000	74
571.000	87
572.000	101
573.000	111
574.000	121
575.000	118
576.000	125
577.000	118
578.000	116
579.000	112
580.000	101
581.000	99
582.000	81
583.000	74
584.000	66
585.000	57
586.000	47
587.000	47
588.000	39
589.000	32
590.000	31
591.000	31
592.000	26
593.000	29
594.000	28
595.000	28
596.000	30
597.000	29
598.000	32
599.000	30
600.000	36
601.000	33
602.000	34
603.000	38
604.000	44
605.000	51
606.000	59
607.000	76
608.000	99
609.000	135
610.000	196
611.000	279
612.000	396
613.000	561
614.000	745
615.000	1012
616.000	1354
617.000	1750
618.000	2168
619.000	2701
620.000	3146
621.000	3660
622.000	4120
623.000	4452
624.000	4754
625.000	4848
626.000	4806
627.000	4614
628.000	4299
629.000	3938
630.000	3483
631.000	2973
632.000	2488
633.000	2014
634.000	1579
635.000	1208
636.000	913
637.000	683
638.000	489
639.000	345
640.000	247
641.000	184
642.000	133
643.000	102
644.000	90
645.000	75
646.000	69
647.000	60
648.000	62
649.000	55
650.000	56
651.000	51
652.000	49
653.000	54
654.000	51
655.000	53
656.000	55
657.000	49
658.000	52
659.000	60
660.000	53
661.000	55
662.000	55
663.000	57
664.000	60
665.000	63
666.000	63
667.000	64
668.000	65
669.000	71
670.000	78
671.000	82
672.000	90
673.000	101
674.000	111
675.000	127
676.000	153
677.000	178
678.000	213
679.000	258
680.000	315
681.000	377
682.000	456
683.000	537
684.000	603
685.000	654
686.000	722
687.000	771
688.000	812
689.000	813
690.000	816
691.000	783
692.000	742
693.000	686
694.000	615
695.000	534
696.000	452
697.000	382
698.000	316
699.000	265
700.000	213
701.000	174
702.000	133
703.000	114
704.000	93
705.000	80
706.000	66
707.000	64
708.000	57
709.000	57
710.000	56
711.000	58
712.000	52
713.000	57
714.000	61
715.000	62
716.000	60
717.000	63
718.000	69
719.000	72
720.000	77
721.000	75
722.000	76
723.000	76
724.000	78
725.000	84
726.000	82
727.000	83
728.000	85
729.000	84
730.000	84
731.000	83
732.000	79
733.000	79
734.000	82
735.000	82
736.000	73
737.000	66
738.000	70
739.000	68
740.000	68
741.000	66
742.000	63
743.000	62
744.000	65
745.000	69
746.000	62
747.000	66
748.000	67
749.000	68
750.000	61
751.000	62
752.000	64
753.000	65
754.000	70
755.000	63
756.000	64
757.000	62
758.000	69
759.000	62
760.000	63
761.000	64
762.000	66
763.000	68
764.000	66
765.000	69
766.000	66
767.000	72
768.000	68
769.000	72
770.000	73
771.000	68
772.000	76
773.000	81
774.000	76
775.000	79
776.000	86
777.000	89
778.000	91
779.000	97
780.000	105
781.000	106
782.000	106
783.000	112
784.000	112
785.000	116
786.000	122
787.000	127
788.000	124
789.000	122
790.000	119
791.000	133
792.000	132
793.000	126
794.000	131
795.000	132
796.000	130
797.000	128
798.000	131
799.000	127
800.000	142
801.000	135
802.000	130
803.000	138
804.000	132
805.000	141
806.000	139
807.000	154
808.000	153
809.000	167
810.000	170
811.000	178
812.000	202
813.000	209
814.000	224
815.000	234
816.000	243
817.000	255
818.000	257
819.000	268
820.000	266
821.000	259
822.000	247
823.000	238
824.000	229
825.000	225
826.000	202
827.000	192
828.000	180
829.000	157
830.000	155
831.000	138
832.000	132
833.000	129
834.000	123
835.000	123
836.000	123
837.000	121
838.000	119
839.000	127
840.000	115
841.000	117
842.000	122
843.000	126
844.000	115
845.000	116
846.000	117
847.000	119
848.000	116
849.000	117
850.000	113
851.000	110
852.000	113
853.000	112
854.000	109
855.000	112
856.000	110
857.000	107
858.000	109
859.000	114
860.000	113
861.000	110
862.000	109
863.000	109
864.000	111
865.000	112
866.000	112
867.000	111
868.000	109
869.000	111
870.000	112
871.000	111
872.000	109
873.000	111
874.000	109
875.000	114
876.000	109
877.000	112
878.000	112
879.000	112
880.000	107
881.000	111
882.000	114
883.000	110
884.000	114
885.000	111
886.000	113
887.000	112
888.000	114
889.000	112
890.000	114
891.000	116
892.000	121
893.000	113
894.000	119
895.000	121
896.000	123
897.000	128
898.000	126
899.000	133
900.000	127
901.000	127
902.000	138
903.000	135
904.000	139
905.000	143
906.000	147
907.000	141
908.000	148
909.000	150
910.000	155
911.000	148
912.000	159
913.000	157
914.000	147
915.000	160
916.000	160
917.000	159
918.000	153
919.000	163
920.000	160
921.000	160
922.000	163
923.000	163
924.000	162
925.000	172
926.000	170
927.000	169
928.000	171
929.000	178
930.000	183
931.000	185
932.000	186
933.000	192
934.000	202
935.000	197
936.000	214
937.000	220
938.000	222
939.000	225
940.000	243
941.000	229
942.000	239
943.000	251
944.000	255
945.000	237
946.000	241
947.000	238
948.000	241
949.000	226
950.000	216
951.000	209
952.000	196
953.000	194
954.000	189
955.000	188
956.000	174
957.000	171
958.000	165
959.000	166
960.000	169
961.000	167
962.000	167
963.000	173
964.000	166
965.000	171
966.000	168
967.000	167
968.000	174
969.000	176
970.000	177
971.000	180
972.000	167
973.000	171
974.000	179
975.000	171
976.000	176
977.000	162
978.000	161
979.000	167
980.000	154
981.000	155
982.000	151
983.000	159
984.000	148
985.000	147
986.000	138
987.000	144
988.000	134
989.000	134
990.000	136
991.000	132
992.000	138
993.000	129
994.000	128
995.000	134
996.000	138
997.000	132
998.000	120
999.000	135
1000.000	124
1001.000	133
1002.000	127
1003.000	132
1004.000	133
1005.000	117
1006.000	125
1007.000	122
1008.000	121
1009.000	131
1010.000	128
1011.000	127
1012.000	121
1013.000	127
1014.000	127
1015.000	124
1016.000	129
1017.000	131
1018.000	130
1019.000	135
1020.000	129
1021.000	124
1022.000	136
1023.000	133
1024.000	134
1025.000	136
1026.000	131
1027.000	130
1028.000	139
1029.000	137
1030.000	136
1031.000	139
1032.000	131
1033.000	132
1034.000	135
1035.000	140
1036.000	143
1037.000	134
1038.000	140
1039.000	141
1040.000	146
1041.000	137
1042.000	137
1043.000	129
1044.000	139
1045.000	146
1046.000	143
1047.000	145
1048.000	136
1049.000	141
1050.000	141
1051.000	142
1052.000	145
1053.000	152
1054.000	146
1055.000	155
1056.000	144
1057.000	136
1058.000	147
1059.000	152
1060.000	149
1061.000	145
1062.000	152
1063.000	144
1064.000	150
1065.000	153
1066.000	156
1067.000	153
1068.000	152
1069.000	152
1070.000	160
1071.000	157
1072.000	153
1073.000	151
1074.000	152
1075.000	142
1076.000	151
1077.000	156
1078.000	152
1079.000	147
1080.000	144
1081.000	151
1082.000	150
1083.000	143
1084.000	146
1085.000	156
1086.000	152
1087.000	148
1088.000	151
1089.000	160
1090.000	154
1091.000	159
1092.000	154
1093.000	158
1094.000	164
1095.000	157
1096.000	158
1097.000	155
1098.000	163
1099.000	167
1100.000	163
1101.000	162
1102.000	168
1103.000	165
1104.000	160
1105.000	168
1106.000	161
1107.000	162
1108.000	166
1109.000	164
1110.000	156
1111.000	153
1112.000	150
1113.000	151
1114.000	154
1115.000	146
1116.000	153
1117.000	146
1118.000	147
1119.000	142
1120.000	148
1121.000	150
1122.000	146
1123.000	146
1124.000	148
1125.000	152
1126.000	152
1127.000	148
1128.000	153
1129.000	147
1130.000	152
1131.000	149
1132.000	143
1133.000	156
1134.000	160
1135.000	154
1136.000	153
1137.000	156
1138.000	152
1139.000	152
1140.000	165
1141.000	163
1142.000	159
1143.000	154
1144.000	155
1145.000	163
1146.000	160
1147.000	157
1148.000	158
1149.000	157
1150.000	160
1151.000	162
1152.000	157
1153.000	164
1154.000	173
1155.000	166
1156.000	170
1157.000	168
1158.000	182
1159.000	174
1160.000	177
1161.000	182
1162.000	179
1163.000	177
1164.000	177
1165.000	174
1166.000	176
1167.000	175
1168.000	176
1169.000	165
1170.000	163
1171.000	169
1172.000	170
1173.000	162
1174.000	162
1175.000	163
1176.000	162
1177.000	155
1178.000	153
1179.000	156
1180.000	160
1181.000	156
1182.000	152
1183.000	149
1184.000	152
1185.000	154
1186.000	154
1187.000	150
1188.000	149
1189.000	150
1190.000	147
1191.000	153
1192.000	156
1193.000	153
1194.000	160
1195.000	152
1196.000	150
1197.000	155
1198.000	159
1199.000	154
1200.000	151
1201.000	154
1202.000	155
1203.000	155
1204.000	160
1205.000	152
1206.000	152
1207.000	165
1208.000	151
1209.000	155
1210.000	157
1211.000	165
1212.000	155
1213.000	163
1214.000	151
1215.000	161
1216.000	155
1217.000	163
1218.000	161
1219.000	164
1220.000	159
1221.000	157
1222.000	159
1223.000	155
1224.000	154
1225.000	168
1226.000	165
1227.000	166
1228.000	166
1229.000	170
1230.000	168
1231.000	169
1232.000	164
1233.000	165
1234.000	162
1235.000	161
1236.000	160
1237.000	163
1238.000	160
1239.000	162
1240.000	164
1241.000	155
1242.000	165
1243.000	158
1244.000	161
1245.000	159
1246.000	169
1247.000	158
1248.000	160
1249.000	163
1250.000	164
1251.000	168
1252.000	157
1253.000	162
1254.000	161
1255.000	161
1256.000	169
1257.000	164
1258.000	160
1259.000	164
1260.000	160
1261.000	160
1262.000	158
1263.000	165
1264.000	162
1265.000	161
1266.000	159
1267.000	160
1268.000	160
1269.000	163
1270.000	162
1271.000	163
1272.000	155
1273.000	157
1274.000	164
1275.000	168
1276.000	160
1277.000	154
1278.000	162
1279.000	161
1280.000	164
1281.000	157
1282.000	161
1283.000	158
1284.000	162
1285.000	161
1286.000	158
1287.000	167
1288.000	158
1289.000	171
1290.000	166
1291.000	166
1292.000	173
1293.000	170
1294.000	169
1295.000	174
1296.000	178
1297.000	172
1298.000	182
1299.000	180
1300.000	188
1301.000	177
1302.000	177
1303.000	183
1304.000	183
1305.000	176
1306.000	187
1307.000	186
1308.000	180
1309.000	185
1310.000	179
1311.000	173
1312.000	177
1313.000	172
1314.000	177
1315.000	169
1316.000	175
1317.000	182
1318.000	166
1319.000	167
1320.000	164
1321.000	174
1322.000	173
1323.000	164
1324.000	168
1325.000	170
1326.000	169
1327.000	164
1328.000	165
1329.000	163
1330.000	165
1331.000	166
1332.000	162
1333.000	169
1334.000	162
1335.000	163
1336.000	162
1337.000	175
1338.000	167
1339.000	170
1340.000	163
1341.000	173
1342.000	167
1343.000	168
1344.000	174
1345.000	173
1346.000	177
1347.000	169
1348.000	174
1349.000	173
1350.000	174
1351.000	171
1352.000	175
1353.000	175
1354.000	182
1355.000	182
1356.000	199
1357.000	200
1358.000	199
1359.000	219
1360.000	237
1361.000	241
1362.000	256
1363.000	294
1364.000	317
1365.000	348
1366.000	390
1367.000	422
1368.000	464
1369.000	499
1370.000	563
1371.000	595
1372.000	642
1373.000	702
1374.000	731
1375.000	772
1376.000	795
1377.000	826
1378.000	845
1379.000	861
1380.000	875
1381.000	859
1382.000	839
1383.000	825
1384.000	781
1385.000	752
1386.000	708
1387.000	654
1388.000	614
1389.000	567
1390.000	516
1391.000	470
1392.000	427
1393.000	386
1394.000	343
1395.000	308
1396.000	291
1397.000	257
1398.000	242
1399.000	227
1400.000	205
1401.000	199
1402.000	191
1403.000	185
1404.000	184
1405.000	168
1406.000	176
1407.000	178
1408.000	175
1409.000	177
1410.000	163
1411.000	163
1412.000	169
1413.000	169
1414.000	162
1415.000	171
1416.000	163
1417.000	164
1418.000	161
1419.000	163
1420.000	159
1421.000	166
1422.000	164
1423.000	171
1424.000	170
1425.000	167
1426.000	164
1427.000	169
1428.000	164
1429.000	167
1430.000	165
1431.000	166
1432.000	165
1433.000	165
1434.000	162
1435.000	165
1436.000	168
1437.000	164
1438.000	164
1439.000	169
1440.000	165
1441.000	164
1442.000	163
1443.000	165
1444.000	171
1445.000	170
1446.000	175
1447.000	165
1448.000	170
1449.000	169
1450.000	176
1451.000	173
1452.000	177
1453.000	181
1454.000	177
1455.000	179
1456.000	176
1457.000	178
1458.000	180
1459.000	178
1460.000	179
1461.000	177
1462.000	176
1463.000	180
1464.000	175
1465.000	176
1466.000	177
1467.000	172
1468.000	180
1469.000	173
1470.000	179
1471.000	175
1472.000	174
1473.000	172
1474.000	168
1475.000	175
1476.000	170
1477.000	167
1478.000	168
1479.000	170
1480.000	166
1481.000	181
1482.000	178
1483.000	168
1484.000	168
1485.000	172
1486.000	164
1487.000	172
1488.000	175
1489.000	170
1490.000	179
1491.000	174
1492.000	171
1493.000	175
1494.000	169
1495.000	173
1496.000	180
1497.000	173
1498.000	175
1499.000	170
1500.000	176
1501.000	176
1502.000	177
1503.000	171
1504.000	175
1505.000	176
1506.000	176
1507.000	178
1508.000	186
1509.000	180
1510.000	178
1511.000	181
1512.000	175
1513.000	176
1514.000	179
1515.000	181
1516.000	192
1517.000	188
1518.000	186
1519.000	188
1520.000	189
1521.000	193
1522.000	188
1523.000	198
1524.000	198
1525.000	205
1526.000	211
1527.000	220
1528.000	219
1529.000	224
1530.000	231
1531.000	244
1532.000	249
1533.000	251
1534.000	268
1535.000	277
1536.000	288
1537.000	293
1538.000	308
1539.000	303
1540.000	320
1541.000	320
1542.000	320
1543.000	329
1544.000	333
1545.000	333
1546.000	327
1547.000	312
1548.000	317
1549.000	313
1550.000	299
1551.000	300
1552.000	303
1553.000	292
1554.000	273
1555.000	277
1556.000	269
1557.000	271
1558.000	259
1559.000	254
1560.000	258
1561.000	258
1562.000	264
1563.000	257
1564.000	271
1565.000	274
1566.000	271
1567.000	277
1568.000	283
1569.000	284
1570.000	291
1571.000	285
1572.000	308
1573.000	308
1574.000	309
1575.000	319
1576.000	326
1577.000	334
1578.000	337
1579.000	337
1580.000	365
1581.000	363
1582.000	382
1583.000	389
1584.000	398
1585.000	394
1586.000	413
1587.000	425
1588.000	436
1589.000	444
1590.000	463
1591.000	486
1592.000	486
1593.000	497
1594.000	505
1595.000	512
1596.000	523
1597.000	540
1598.000	548
1599.000	550
1600.000	562
1601.000	556
1602.000	579
1603.000	563
1604.000	578
1605.000	584
1606.000	591
1607.000	595
1608.000	596
1609.000	603
1610.000	581
1611.000	603
1612.000	586
1613.000	582
1614.000	578
1615.000	579
1616.000	580
1617.000	558
1618.000	550
1619.000	553
1620.000	547
1621.000	537
1622.000	510
1623.000	502
1624.000	499
1625.000	493
1626.000	472
1627.000	462
1628.000	457
1629.000	455
1630.000	435
1631.000	420
1632.000	413
1633.000	404
1634.000	399
1635.000	378
1636.000	371
1637.000	360
1638.000	338
1639.000	326
1640.000	320
1641.000	315
1642.000	299
1643.000	297
1644.000	294
1645.000	277
1646.000	281
1647.000	268
1648.000	264
1649.000	260
1650.000	256
1651.000	242
1652.000	233
1653.000	233
1654.000	224
1655.000	219
1656.000	213
1657.000	220
1658.000	208
1659.000	197
1660.000	205
1661.000	203
1662.000	191
1663.000	198
1664.000	187
1665.000	189
1666.000	182
1667.000	184
1668.000	175
1669.000	178
1670.000	179
1671.000	173
1672.000	169
1673.000	179
1674.000	182
1675.000	178
1676.000	184
1677.000	196
1678.000	197
1679.000	205
1680.000	219
1681.000	223
1682.000	230
1683.000	240
1684.000	260
1685.000	273
1686.000	298
1687.000	310
1688.000	333
1689.000	348
1690.000	354
1691.000	396
1692.000	422
1693.000	431
1694.000	451
1695.000	465
1696.000	477
1697.000	506
1698.000	519
1699.000	535
1700.000	530
1701.000	530
1702.000	546
1703.000	540
1704.000	534
1705.000	518
1706.000	500
1707.000	489
1708.000	482
1709.000	452
1710.000	429
1711.000	397
1712.000	372
1713.000	358
1714.000	325
1715.000	302
1716.000	284
1717.000	261
1718.000	242
1719.000	228
1720.000	203
1721.000	192
1722.000	185
1723.000	182
1724.000	165
1725.000	166
1726.000	157
1727.000	154
1728.000	149
1729.000	145
1730.000	136
1731.000	144
1732.000	138
1733.000	142
1734.000	139
1735.000	139
1736.000	145
1737.000	133
1738.000	135
1739.000	135
1740.000	145
1741.000	140
1742.000	139
1743.000	134
1744.000	135
1745.000	136
1746.000	137
1747.000	143
1748.000	138
1749.000	150
1750.000	145
1751.000	142
1752.000	144
1753.000	152
1754.000	142
1755.000	142
1756.000	147
1757.000	145
1758.000	147
1759.000	149
1760.000	145
1761.000	159
1762.000	150
1763.000	150
1764.000	145
1765.000	159
1766.000	154
1767.000	169
1768.000	164
1769.000	155
1770.000	162
1771.000	168
1772.000	169
1773.000	168
1774.000	172
1775.000	172
1776.000	173
1777.000	166
1778.000	179
1779.000	168
1780.000	183
1781.000	176
1782.000	182
1783.000	176
1784.000	189
1785.000	192
1786.000	183
1787.000	194
1788.000	193
1789.000	185
1790.000	189
1791.000	193
1792.000	191
1793.000	195
1794.000	183
1795.000	193
1796.000	196
1797.000	195
1798.000	196
1799.000	181
1800.000	191
1801.000	184
1802.000	185
1803.000	190
1804.000	178
1805.000	177
1806.000	177
1807.000	169
1808.000	178
1809.000	182
1810.000	172
1811.000	176
1812.000	164
1813.000	169
1814.000	174
1815.000	163
1816.000	169
1817.000	158
1818.000	155
1819.000	152
1820.000	149
1821.000	152
1822.000	152
1823.000	144
1824.000	146
1825.000	144
1826.000	141
1827.000	132
1828.000	133
1829.000	131
1830.000	134
1831.000	125
1832.000	125
1833.000	123
1834.000	122
1835.000	120
1836.000	121
1837.000	114
1838.000	113
1839.000	115
1840.000	114
1841.000	110
1842.000	108
1843.000	109
1844.000	109
1845.000	104
1846.000	106
1847.000	96
1848.000	104
1849.000	100
1850.000	96
1851.000	97
1852.000	98
1853.000	94
1854.000	88
1855.000	93
1856.000	89
1857.000	87
1858.000	91
1859.000	87
1860.000	89
1861.000	90
1862.000	83
1863.000	83
1864.000	89
1865.000	82
1866.000	82
1867.000	86
1868.000	80
1869.000	77
1870.000	85
1871.000	82
1872.000	75
1873.000	79
1874.000	74
1875.000	79
1876.000	75
1877.000	76
1878.000	77
1879.000	75
1880.000	76
1881.000	73
1882.000	75
1883.000	73
1884.000	76
1885.000	74
1886.000	74
1887.000	74
1888.000	75
1889.000	72
1890.000	77
1891.000	78
1892.000	74
1893.000	82
1894.000	82
1895.000	83
1896.000	85
1897.000	83
1898.000	86
1899.000	91
1900.000	94
1901.000	95
1902.000	105
1903.000	109
1904.000	109
1905.000	107
1906.000	116
1907.000	112
1908.000	116
1909.000	122
1910.000	120
1911.000	125
1912.000	125
1913.000	125
1914.000	125
1915.000	116
1916.000	123
1917.000	108
1918.000	110
1919.000	106
1920.000	102
1921.000	91
1922.000	93
1923.000	88
1924.000	88
1925.000	84
1926.000	82
1927.000	77
1928.000	77
1929.000	76
1930.000	70
1931.000	65
1932.000	69
1933.000	69
1934.000	68
1935.000	65
1936.000	64
1937.000	70
1938.000	67
1939.000	64
1940.000	66
1941.000	66
1942.000	65
1943.000	68
1944.000	70
1945.000	67
1946.000	65
1947.000	64
1948.000	64
1949.000	63
1950.000	61
1951.000	61
1952.000	58
1953.000	62
1954.000	59
1955.000	56
1956.000	56
1957.000	62
1958.000	58
1959.000	58
1960.000	56
1961.000	52
1962.000	55
1963.000	57
1964.000	53
1965.000	52
1966.000	52
1967.000	54
1968.000	49
1969.000	54
1970.000	54
1971.000	51
1972.000	53
1973.000	49
1974.000	54
1975.000	51
1976.000	52
1977.000	51
1978.000	49
1979.000	54
1980.000	51
1981.000	54
1982.000	49
1983.000	48
1984.000	51
1985.000	47
1986.000	47
1987.000	50
1988.000	49
1989.000	54
1990.000	47
1991.000	48
1992.000	54
1993.000	49
1994.000	51
1995.000	52
1996.000	51
1997.000	49
1998.000	47
1999.000	52
2000.000	51
2001.000	48
2002.000	51
2003.000	49
2004.000	47
2005.000	48
2006.000	48
2007.000	51
2008.000	47
2009.000	47
2010.000	50
2011.000	48
2012.000	49
2013.000	50
2014.000	45
2015.000	48
2016.000	51
2017.000	46
2018.000	47
2019.000	45
2020.000	46
2021.000	47
2022.000	46
2023.000	45
2024.000	48
2025.000	45
2026.000	49
2027.000	50
2028.000	49
2029.000	48
2030.000	49
2031.000	46
2032.000	48
2033.000	48
2034.000	44
2035.000	46
2036.000	47
2037.000	46
2038.000	47
2039.000	44
2040.000	45
2041.000	48
2042.000	50
2043.000	47
2044.000	44
2045.000	48
2046.000	47
2047.000	48
2048.000	0
