Date:	23-Sep-20		Time:	11:32 PM		Version no:	0.00		Project name:	55		Sample name:	222		Section name:	section		Position	0.000000	mm	E0	0.000000	keV	E1	1.000000	keV/channel	sample surface	2.000000	cm	Tube anode:	Mo		Tube voltage:	30	kV	Tube current:	30	mA	gain	15		std. database			resultfile	result		matrix element	11		sample thickness	1.000000		air passage	0.560000	cm	comments	not in position		peaking_time	0.300000	m-sec	trigger_threshold	40.000000	V	mca_bin_width	2.000000	no:	number_mca_channels	2048.000000	no:	gap_time	2048.000000	m-sec	trigger_peaking_time	2048.000000	m-sec	GAINDAC	400		HIGHGAIN	400		TAURC	400		RCTAU	400		RCTAUFRAC	400		livetime	13.334824	seconds	runtime	15.000351	seconds	input_count_rate	47769.585089	cps	output_count_rate	42465.604889	cps	triggers	704307	seconds	events_in_run	618783	seconds	channel	content		1.000	0
2.000	0
3.000	0
4.000	0
5.000	0
6.000	0
7.000	0
8.000	0
9.000	0
10.000	0
11.000	0
12.000	0
13.000	0
14.000	0
15.000	0
16.000	0
17.000	0
18.000	0
19.000	0
20.000	0
21.000	0
22.000	0
23.000	0
24.000	0
25.000	0
26.000	0
27.000	0
28.000	0
29.000	0
30.000	0
31.000	0
32.000	0
33.000	1
34.000	1
35.000	0
36.000	0
37.000	1
38.000	0
39.000	0
40.000	0
41.000	0
42.000	1
43.000	0
44.000	0
45.000	1
46.000	0
47.000	1
48.000	1
49.000	1
50.000	1
51.000	1
52.000	2
53.000	4
54.000	4
55.000	5
56.000	5
57.000	9
58.000	12
59.000	17
60.000	22
61.000	26
62.000	33
63.000	28
64.000	29
65.000	29
66.000	28
67.000	28
68.000	27
69.000	24
70.000	23
71.000	27
72.000	26
73.000	27
74.000	25
75.000	24
76.000	25
77.000	25
78.000	25
79.000	24
80.000	26
81.000	23
82.000	25
83.000	29
84.000	27
85.000	25
86.000	28
87.000	27
88.000	27
89.000	25
90.000	26
91.000	22
92.000	23
93.000	23
94.000	23
95.000	21
96.000	20
97.000	21
98.000	22
99.000	19
100.000	21
101.000	19
102.000	22
103.000	18
104.000	21
105.000	20
106.000	20
107.000	19
108.000	21
109.000	17
110.000	18
111.000	18
112.000	19
113.000	20
114.000	20
115.000	19
116.000	17
117.000	18
118.000	18
119.000	17
120.000	22
121.000	17
122.000	15
123.000	18
124.000	16
125.000	18
126.000	17
127.000	18
128.000	16
129.000	19
130.000	14
131.000	15
132.000	16
133.000	15
134.000	16
135.000	13
136.000	15
137.000	14
138.000	16
139.000	16
140.000	21
141.000	20
142.000	22
143.000	26
144.000	23
145.000	27
146.000	28
147.000	24
148.000	24
149.000	20
150.000	20
151.000	17
152.000	19
153.000	17
154.000	15
155.000	15
156.000	14
157.000	17
158.000	15
159.000	13
160.000	16
161.000	13
162.000	16
163.000	18
164.000	16
165.000	23
166.000	25
167.000	29
168.000	34
169.000	39
170.000	40
171.000	44
172.000	40
173.000	36
174.000	33
175.000	32
176.000	28
177.000	23
178.000	27
179.000	28
180.000	33
181.000	41
182.000	49
183.000	59
184.000	76
185.000	105
186.000	137
187.000	178
188.000	220
189.000	259
190.000	282
191.000	295
192.000	279
193.000	263
194.000	220
195.000	171
196.000	129
197.000	93
198.000	62
199.000	44
200.000	32
201.000	28
202.000	22
203.000	17
204.000	17
205.000	16
206.000	17
207.000	17
208.000	15
209.000	15
210.000	20
211.000	18
212.000	19
213.000	21
214.000	22
215.000	25
216.000	29
217.000	32
218.000	39
219.000	41
220.000	49
221.000	52
222.000	59
223.000	55
224.000	53
225.000	54
226.000	57
227.000	43
228.000	37
229.000	30
230.000	29
231.000	25
232.000	20
233.000	17
234.000	18
235.000	15
236.000	15
237.000	14
238.000	17
239.000	15
240.000	14
241.000	16
242.000	16
243.000	17
244.000	18
245.000	19
246.000	24
247.000	35
248.000	46
249.000	59
250.000	88
251.000	118
252.000	158
253.000	195
254.000	249
255.000	282
256.000	310
257.000	326
258.000	311
259.000	283
260.000	254
261.000	211
262.000	162
263.000	122
264.000	91
265.000	60
266.000	49
267.000	38
268.000	33
269.000	31
270.000	34
271.000	36
272.000	35
273.000	42
274.000	47
275.000	52
276.000	53
277.000	53
278.000	48
279.000	43
280.000	42
281.000	40
282.000	41
283.000	46
284.000	49
285.000	59
286.000	67
287.000	72
288.000	84
289.000	88
290.000	84
291.000	86
292.000	79
293.000	70
294.000	62
295.000	55
296.000	45
297.000	41
298.000	31
299.000	28
300.000	25
301.000	25
302.000	27
303.000	24
304.000	23
305.000	28
306.000	26
307.000	33
308.000	32
309.000	33
310.000	37
311.000	38
312.000	43
313.000	43
314.000	50
315.000	53
316.000	61
317.000	70
318.000	84
319.000	104
320.000	126
321.000	140
322.000	164
323.000	175
324.000	180
325.000	186
326.000	177
327.000	157
328.000	143
329.000	116
330.000	95
331.000	79
332.000	64
333.000	50
334.000	44
335.000	34
336.000	34
337.000	35
338.000	40
339.000	42
340.000	51
341.000	58
342.000	69
343.000	91
344.000	117
345.000	163
346.000	236
347.000	347
348.000	560
349.000	871
350.000	1392
351.000	2167
352.000	3296
353.000	4892
354.000	6981
355.000	9459
356.000	12443
357.000	15571
358.000	18560
359.000	21253
360.000	23239
361.000	24060
362.000	23939
363.000	22645
364.000	20526
365.000	17745
366.000	14576
367.000	11491
368.000	8626
369.000	6217
370.000	4239
371.000	2794
372.000	1783
373.000	1084
374.000	678
375.000	409
376.000	289
377.000	215
378.000	203
379.000	210
380.000	259
381.000	337
382.000	446
383.000	600
384.000	814
385.000	1103
386.000	1441
387.000	1849
388.000	2242
389.000	2681
390.000	3075
391.000	3364
392.000	3573
393.000	3592
394.000	3504
395.000	3240
396.000	2896
397.000	2460
398.000	1998
399.000	1554
400.000	1170
401.000	851
402.000	590
403.000	373
404.000	247
405.000	151
406.000	93
407.000	59
408.000	39
409.000	23
410.000	13
411.000	12
412.000	12
413.000	11
414.000	9
415.000	9
416.000	8
417.000	9
418.000	6
419.000	8
420.000	8
421.000	10
422.000	9
423.000	7
424.000	9
425.000	9
426.000	9
427.000	11
428.000	13
429.000	16
430.000	20
431.000	27
432.000	34
433.000	42
434.000	57
435.000	69
436.000	85
437.000	99
438.000	111
439.000	119
440.000	131
441.000	132
442.000	126
443.000	120
444.000	112
445.000	97
446.000	76
447.000	72
448.000	61
449.000	46
450.000	39
451.000	33
452.000	31
453.000	28
454.000	25
455.000	22
456.000	23
457.000	20
458.000	20
459.000	18
460.000	17
461.000	18
462.000	14
463.000	12
464.000	16
465.000	13
466.000	12
467.000	12
468.000	12
469.000	15
470.000	14
471.000	15
472.000	15
473.000	17
474.000	19
475.000	20
476.000	24
477.000	25
478.000	25
479.000	30
480.000	33
481.000	32
482.000	33
483.000	32
484.000	33
485.000	31
486.000	29
487.000	28
488.000	26
489.000	21
490.000	21
491.000	18
492.000	17
493.000	15
494.000	14
495.000	14
496.000	13
497.000	14
498.000	13
499.000	13
500.000	13
501.000	14
502.000	15
503.000	18
504.000	16
505.000	15
506.000	16
507.000	15
508.000	16
509.000	19
510.000	16
511.000	16
512.000	18
513.000	20
514.000	20
515.000	22
516.000	20
517.000	23
518.000	23
519.000	23
520.000	26
521.000	30
522.000	28
523.000	34
524.000	35
525.000	37
526.000	38
527.000	41
528.000	38
529.000	40
530.000	39
531.000	40
532.000	39
533.000	34
534.000	34
535.000	31
536.000	26
537.000	27
538.000	23
539.000	23
540.000	20
541.000	21
542.000	18
543.000	20
544.000	22
545.000	20
546.000	22
547.000	22
548.000	23
549.000	19
550.000	22
551.000	24
552.000	24
553.000	23
554.000	26
555.000	26
556.000	26
557.000	27
558.000	27
559.000	30
560.000	30
561.000	32
562.000	31
563.000	33
564.000	35
565.000	38
566.000	44
567.000	44
568.000	49
569.000	56
570.000	58
571.000	62
572.000	68
573.000	73
574.000	77
575.000	78
576.000	79
577.000	82
578.000	79
579.000	75
580.000	71
581.000	65
582.000	60
583.000	53
584.000	46
585.000	44
586.000	36
587.000	33
588.000	30
589.000	26
590.000	28
591.000	26
592.000	27
593.000	24
594.000	29
595.000	25
596.000	24
597.000	25
598.000	25
599.000	28
600.000	32
601.000	34
602.000	31
603.000	34
604.000	37
605.000	40
606.000	52
607.000	59
608.000	72
609.000	89
610.000	129
611.000	175
612.000	232
613.000	321
614.000	454
615.000	607
616.000	786
617.000	1019
618.000	1286
619.000	1547
620.000	1830
621.000	2111
622.000	2384
623.000	2541
624.000	2702
625.000	2784
626.000	2746
627.000	2703
628.000	2454
629.000	2236
630.000	1957
631.000	1698
632.000	1427
633.000	1163
634.000	925
635.000	714
636.000	549
637.000	403
638.000	305
639.000	216
640.000	165
641.000	124
642.000	96
643.000	73
644.000	67
645.000	61
646.000	56
647.000	56
648.000	49
649.000	53
650.000	51
651.000	52
652.000	53
653.000	48
654.000	50
655.000	54
656.000	50
657.000	51
658.000	51
659.000	55
660.000	55
661.000	57
662.000	54
663.000	55
664.000	62
665.000	60
666.000	62
667.000	61
668.000	65
669.000	66
670.000	70
671.000	76
672.000	71
673.000	78
674.000	94
675.000	101
676.000	113
677.000	132
678.000	150
679.000	175
680.000	208
681.000	236
682.000	273
683.000	327
684.000	357
685.000	392
686.000	435
687.000	475
688.000	488
689.000	494
690.000	473
691.000	468
692.000	434
693.000	414
694.000	367
695.000	318
696.000	284
697.000	241
698.000	207
699.000	170
700.000	148
701.000	126
702.000	106
703.000	87
704.000	77
705.000	68
706.000	61
707.000	63
708.000	63
709.000	61
710.000	60
711.000	63
712.000	65
713.000	66
714.000	62
715.000	66
716.000	70
717.000	78
718.000	80
719.000	86
720.000	81
721.000	86
722.000	89
723.000	93
724.000	92
725.000	95
726.000	95
727.000	93
728.000	90
729.000	92
730.000	94
731.000	89
732.000	87
733.000	88
734.000	83
735.000	77
736.000	73
737.000	71
738.000	75
739.000	71
740.000	69
741.000	67
742.000	67
743.000	66
744.000	68
745.000	71
746.000	65
747.000	71
748.000	70
749.000	68
750.000	67
751.000	69
752.000	71
753.000	67
754.000	70
755.000	68
756.000	71
757.000	68
758.000	69
759.000	69
760.000	72
761.000	73
762.000	74
763.000	65
764.000	73
765.000	73
766.000	77
767.000	71
768.000	73
769.000	78
770.000	74
771.000	77
772.000	77
773.000	80
774.000	83
775.000	78
776.000	86
777.000	90
778.000	97
779.000	104
780.000	101
781.000	103
782.000	106
783.000	110
784.000	113
785.000	115
786.000	123
787.000	122
788.000	129
789.000	133
790.000	129
791.000	133
792.000	129
793.000	137
794.000	132
795.000	131
796.000	136
797.000	133
798.000	136
799.000	133
800.000	146
801.000	139
802.000	140
803.000	147
804.000	155
805.000	153
806.000	162
807.000	168
808.000	174
809.000	185
810.000	197
811.000	217
812.000	227
813.000	250
814.000	263
815.000	279
816.000	284
817.000	310
818.000	306
819.000	311
820.000	307
821.000	314
822.000	300
823.000	289
824.000	270
825.000	257
826.000	234
827.000	221
828.000	201
829.000	192
830.000	175
831.000	169
832.000	153
833.000	148
834.000	139
835.000	147
836.000	144
837.000	145
838.000	147
839.000	145
840.000	150
841.000	155
842.000	144
843.000	150
844.000	150
845.000	148
846.000	147
847.000	147
848.000	149
849.000	137
850.000	135
851.000	133
852.000	133
853.000	122
854.000	121
855.000	118
856.000	113
857.000	128
858.000	116
859.000	110
860.000	115
861.000	111
862.000	115
863.000	113
864.000	119
865.000	120
866.000	114
867.000	113
868.000	111
869.000	113
870.000	116
871.000	113
872.000	110
873.000	118
874.000	110
875.000	114
876.000	113
877.000	113
878.000	117
879.000	110
880.000	113
881.000	107
882.000	114
883.000	109
884.000	115
885.000	114
886.000	113
887.000	118
888.000	117
889.000	116
890.000	119
891.000	123
892.000	127
893.000	124
894.000	120
895.000	125
896.000	130
897.000	130
898.000	135
899.000	125
900.000	140
901.000	132
902.000	138
903.000	148
904.000	140
905.000	146
906.000	150
907.000	153
908.000	160
909.000	153
910.000	159
911.000	158
912.000	157
913.000	173
914.000	164
915.000	166
916.000	166
917.000	165
918.000	168
919.000	169
920.000	176
921.000	173
922.000	179
923.000	178
924.000	183
925.000	183
926.000	185
927.000	189
928.000	184
929.000	192
930.000	194
931.000	197
932.000	205
933.000	210
934.000	219
935.000	220
936.000	224
937.000	239
938.000	243
939.000	251
940.000	248
941.000	253
942.000	264
943.000	263
944.000	268
945.000	269
946.000	255
947.000	250
948.000	245
949.000	234
950.000	227
951.000	222
952.000	209
953.000	209
954.000	201
955.000	192
956.000	191
957.000	183
958.000	183
959.000	179
960.000	175
961.000	172
962.000	172
963.000	173
964.000	171
965.000	180
966.000	182
967.000	180
968.000	183
969.000	186
970.000	178
971.000	185
972.000	179
973.000	191
974.000	173
975.000	189
976.000	177
977.000	173
978.000	166
979.000	163
980.000	158
981.000	157
982.000	156
983.000	157
984.000	157
985.000	148
986.000	146
987.000	141
988.000	140
989.000	140
990.000	133
991.000	144
992.000	137
993.000	139
994.000	132
995.000	142
996.000	135
997.000	131
998.000	130
999.000	134
1000.000	130
1001.000	132
1002.000	128
1003.000	130
1004.000	136
1005.000	132
1006.000	133
1007.000	131
1008.000	131
1009.000	126
1010.000	128
1011.000	124
1012.000	130
1013.000	138
1014.000	132
1015.000	128
1016.000	131
1017.000	137
1018.000	129
1019.000	130
1020.000	140
1021.000	132
1022.000	132
1023.000	137
1024.000	136
1025.000	141
1026.000	141
1027.000	136
1028.000	136
1029.000	141
1030.000	136
1031.000	141
1032.000	145
1033.000	138
1034.000	144
1035.000	142
1036.000	139
1037.000	138
1038.000	142
1039.000	145
1040.000	147
1041.000	142
1042.000	146
1043.000	144
1044.000	146
1045.000	146
1046.000	151
1047.000	144
1048.000	147
1049.000	155
1050.000	150
1051.000	152
1052.000	150
1053.000	154
1054.000	152
1055.000	154
1056.000	158
1057.000	153
1058.000	154
1059.000	154
1060.000	154
1061.000	154
1062.000	158
1063.000	156
1064.000	155
1065.000	156
1066.000	150
1067.000	158
1068.000	158
1069.000	156
1070.000	149
1071.000	157
1072.000	156
1073.000	157
1074.000	154
1075.000	156
1076.000	161
1077.000	160
1078.000	152
1079.000	153
1080.000	150
1081.000	155
1082.000	151
1083.000	154
1084.000	153
1085.000	158
1086.000	161
1087.000	157
1088.000	156
1089.000	163
1090.000	157
1091.000	161
1092.000	171
1093.000	163
1094.000	165
1095.000	167
1096.000	166
1097.000	167
1098.000	172
1099.000	164
1100.000	170
1101.000	166
1102.000	167
1103.000	169
1104.000	166
1105.000	166
1106.000	164
1107.000	165
1108.000	161
1109.000	165
1110.000	161
1111.000	163
1112.000	161
1113.000	160
1114.000	154
1115.000	160
1116.000	159
1117.000	164
1118.000	157
1119.000	158
1120.000	165
1121.000	151
1122.000	161
1123.000	155
1124.000	157
1125.000	169
1126.000	153
1127.000	156
1128.000	166
1129.000	161
1130.000	160
1131.000	155
1132.000	161
1133.000	162
1134.000	161
1135.000	163
1136.000	159
1137.000	166
1138.000	160
1139.000	164
1140.000	165
1141.000	157
1142.000	161
1143.000	168
1144.000	159
1145.000	168
1146.000	155
1147.000	171
1148.000	163
1149.000	160
1150.000	172
1151.000	163
1152.000	171
1153.000	173
1154.000	177
1155.000	169
1156.000	171
1157.000	172
1158.000	172
1159.000	175
1160.000	178
1161.000	181
1162.000	179
1163.000	181
1164.000	173
1165.000	174
1166.000	171
1167.000	176
1168.000	169
1169.000	173
1170.000	171
1171.000	169
1172.000	165
1173.000	164
1174.000	164
1175.000	164
1176.000	162
1177.000	158
1178.000	159
1179.000	154
1180.000	160
1181.000	154
1182.000	155
1183.000	157
1184.000	163
1185.000	155
1186.000	148
1187.000	155
1188.000	155
1189.000	163
1190.000	155
1191.000	161
1192.000	156
1193.000	156
1194.000	160
1195.000	156
1196.000	155
1197.000	158
1198.000	160
1199.000	156
1200.000	162
1201.000	156
1202.000	154
1203.000	161
1204.000	156
1205.000	165
1206.000	157
1207.000	154
1208.000	161
1209.000	156
1210.000	163
1211.000	166
1212.000	163
1213.000	158
1214.000	165
1215.000	159
1216.000	163
1217.000	164
1218.000	169
1219.000	165
1220.000	163
1221.000	169
1222.000	162
1223.000	169
1224.000	164
1225.000	160
1226.000	168
1227.000	163
1228.000	171
1229.000	167
1230.000	168
1231.000	165
1232.000	166
1233.000	167
1234.000	165
1235.000	162
1236.000	168
1237.000	170
1238.000	171
1239.000	160
1240.000	167
1241.000	163
1242.000	158
1243.000	166
1244.000	172
1245.000	161
1246.000	159
1247.000	161
1248.000	167
1249.000	162
1250.000	153
1251.000	165
1252.000	166
1253.000	160
1254.000	165
1255.000	167
1256.000	167
1257.000	156
1258.000	159
1259.000	165
1260.000	156
1261.000	160
1262.000	162
1263.000	159
1264.000	169
1265.000	160
1266.000	164
1267.000	165
1268.000	163
1269.000	163
1270.000	162
1271.000	170
1272.000	159
1273.000	170
1274.000	159
1275.000	160
1276.000	164
1277.000	159
1278.000	163
1279.000	166
1280.000	159
1281.000	162
1282.000	164
1283.000	162
1284.000	166
1285.000	164
1286.000	164
1287.000	166
1288.000	167
1289.000	172
1290.000	162
1291.000	161
1292.000	165
1293.000	174
1294.000	168
1295.000	173
1296.000	169
1297.000	178
1298.000	172
1299.000	166
1300.000	172
1301.000	174
1302.000	175
1303.000	174
1304.000	181
1305.000	181
1306.000	179
1307.000	175
1308.000	175
1309.000	173
1310.000	177
1311.000	173
1312.000	179
1313.000	179
1314.000	175
1315.000	173
1316.000	170
1317.000	172
1318.000	171
1319.000	180
1320.000	173
1321.000	172
1322.000	166
1323.000	172
1324.000	166
1325.000	171
1326.000	173
1327.000	174
1328.000	164
1329.000	162
1330.000	167
1331.000	170
1332.000	164
1333.000	175
1334.000	170
1335.000	165
1336.000	176
1337.000	170
1338.000	167
1339.000	165
1340.000	167
1341.000	172
1342.000	175
1343.000	175
1344.000	167
1345.000	171
1346.000	169
1347.000	174
1348.000	180
1349.000	172
1350.000	170
1351.000	177
1352.000	180
1353.000	187
1354.000	180
1355.000	198
1356.000	198
1357.000	210
1358.000	223
1359.000	236
1360.000	258
1361.000	279
1362.000	300
1363.000	327
1364.000	362
1365.000	402
1366.000	450
1367.000	498
1368.000	559
1369.000	604
1370.000	681
1371.000	735
1372.000	783
1373.000	853
1374.000	906
1375.000	961
1376.000	994
1377.000	1036
1378.000	1063
1379.000	1064
1380.000	1084
1381.000	1075
1382.000	1047
1383.000	1003
1384.000	966
1385.000	929
1386.000	868
1387.000	819
1388.000	760
1389.000	698
1390.000	630
1391.000	560
1392.000	496
1393.000	448
1394.000	409
1395.000	365
1396.000	319
1397.000	280
1398.000	264
1399.000	237
1400.000	235
1401.000	214
1402.000	202
1403.000	187
1404.000	176
1405.000	180
1406.000	179
1407.000	169
1408.000	176
1409.000	177
1410.000	174
1411.000	164
1412.000	163
1413.000	167
1414.000	160
1415.000	166
1416.000	166
1417.000	169
1418.000	162
1419.000	162
1420.000	173
1421.000	165
1422.000	171
1423.000	166
1424.000	166
1425.000	163
1426.000	171
1427.000	164
1428.000	173
1429.000	171
1430.000	163
1431.000	169
1432.000	171
1433.000	170
1434.000	168
1435.000	164
1436.000	169
1437.000	165
1438.000	165
1439.000	174
1440.000	167
1441.000	168
1442.000	178
1443.000	169
1444.000	169
1445.000	176
1446.000	164
1447.000	177
1448.000	166
1449.000	173
1450.000	172
1451.000	173
1452.000	170
1453.000	169
1454.000	173
1455.000	177
1456.000	169
1457.000	177
1458.000	174
1459.000	175
1460.000	179
1461.000	177
1462.000	179
1463.000	174
1464.000	178
1465.000	172
1466.000	172
1467.000	170
1468.000	173
1469.000	172
1470.000	171
1471.000	176
1472.000	170
1473.000	173
1474.000	180
1475.000	173
1476.000	178
1477.000	173
1478.000	168
1479.000	173
1480.000	171
1481.000	172
1482.000	169
1483.000	173
1484.000	172
1485.000	167
1486.000	179
1487.000	170
1488.000	176
1489.000	171
1490.000	184
1491.000	172
1492.000	174
1493.000	173
1494.000	181
1495.000	170
1496.000	175
1497.000	173
1498.000	178
1499.000	173
1500.000	171
1501.000	174
1502.000	175
1503.000	169
1504.000	183
1505.000	172
1506.000	170
1507.000	173
1508.000	177
1509.000	173
1510.000	183
1511.000	172
1512.000	183
1513.000	185
1514.000	187
1515.000	178
1516.000	185
1517.000	178
1518.000	188
1519.000	195
1520.000	185
1521.000	190
1522.000	197
1523.000	195
1524.000	200
1525.000	198
1526.000	214
1527.000	204
1528.000	227
1529.000	223
1530.000	235
1531.000	239
1532.000	255
1533.000	256
1534.000	269
1535.000	279
1536.000	294
1537.000	302
1538.000	321
1539.000	333
1540.000	334
1541.000	337
1542.000	355
1543.000	353
1544.000	353
1545.000	356
1546.000	354
1547.000	341
1548.000	347
1549.000	332
1550.000	323
1551.000	321
1552.000	318
1553.000	311
1554.000	303
1555.000	288
1556.000	285
1557.000	290
1558.000	271
1559.000	278
1560.000	268
1561.000	267
1562.000	264
1563.000	277
1564.000	277
1565.000	281
1566.000	275
1567.000	276
1568.000	277
1569.000	289
1570.000	295
1571.000	302
1572.000	308
1573.000	301
1574.000	319
1575.000	329
1576.000	330
1577.000	338
1578.000	354
1579.000	344
1580.000	353
1581.000	365
1582.000	387
1583.000	396
1584.000	410
1585.000	402
1586.000	411
1587.000	430
1588.000	450
1589.000	441
1590.000	471
1591.000	473
1592.000	483
1593.000	494
1594.000	500
1595.000	514
1596.000	521
1597.000	530
1598.000	541
1599.000	545
1600.000	546
1601.000	556
1602.000	556
1603.000	563
1604.000	564
1605.000	570
1606.000	580
1607.000	572
1608.000	589
1609.000	571
1610.000	581
1611.000	582
1612.000	573
1613.000	561
1614.000	562
1615.000	556
1616.000	555
1617.000	539
1618.000	523
1619.000	526
1620.000	540
1621.000	500
1622.000	492
1623.000	485
1624.000	487
1625.000	467
1626.000	463
1627.000	442
1628.000	443
1629.000	420
1630.000	420
1631.000	396
1632.000	397
1633.000	385
1634.000	371
1635.000	362
1636.000	348
1637.000	329
1638.000	325
1639.000	323
1640.000	311
1641.000	305
1642.000	295
1643.000	285
1644.000	277
1645.000	264
1646.000	263
1647.000	259
1648.000	255
1649.000	242
1650.000	228
1651.000	234
1652.000	224
1653.000	218
1654.000	216
1655.000	222
1656.000	201
1657.000	205
1658.000	202
1659.000	202
1660.000	197
1661.000	197
1662.000	187
1663.000	186
1664.000	176
1665.000	186
1666.000	176
1667.000	177
1668.000	176
1669.000	176
1670.000	169
1671.000	174
1672.000	176
1673.000	176
1674.000	174
1675.000	190
1676.000	184
1677.000	185
1678.000	197
1679.000	188
1680.000	206
1681.000	214
1682.000	237
1683.000	245
1684.000	257
1685.000	268
1686.000	294
1687.000	314
1688.000	320
1689.000	360
1690.000	363
1691.000	386
1692.000	425
1693.000	425
1694.000	437
1695.000	476
1696.000	481
1697.000	504
1698.000	519
1699.000	539
1700.000	546
1701.000	542
1702.000	538
1703.000	530
1704.000	530
1705.000	521
1706.000	509
1707.000	482
1708.000	460
1709.000	452
1710.000	427
1711.000	404
1712.000	382
1713.000	344
1714.000	315
1715.000	309
1716.000	290
1717.000	266
1718.000	244
1719.000	227
1720.000	212
1721.000	194
1722.000	195
1723.000	173
1724.000	173
1725.000	153
1726.000	155
1727.000	145
1728.000	141
1729.000	137
1730.000	137
1731.000	140
1732.000	138
1733.000	138
1734.000	136
1735.000	135
1736.000	136
1737.000	133
1738.000	136
1739.000	135
1740.000	132
1741.000	135
1742.000	137
1743.000	133
1744.000	140
1745.000	136
1746.000	136
1747.000	140
1748.000	137
1749.000	138
1750.000	138
1751.000	136
1752.000	139
1753.000	136
1754.000	146
1755.000	143
1756.000	141
1757.000	147
1758.000	152
1759.000	150
1760.000	148
1761.000	144
1762.000	146
1763.000	156
1764.000	144
1765.000	147
1766.000	158
1767.000	156
1768.000	156
1769.000	167
1770.000	164
1771.000	159
1772.000	169
1773.000	171
1774.000	178
1775.000	174
1776.000	170
1777.000	173
1778.000	170
1779.000	177
1780.000	175
1781.000	176
1782.000	178
1783.000	175
1784.000	182
1785.000	179
1786.000	187
1787.000	190
1788.000	180
1789.000	186
1790.000	191
1791.000	182
1792.000	187
1793.000	187
1794.000	190
1795.000	191
1796.000	182
1797.000	184
1798.000	183
1799.000	188
1800.000	179
1801.000	187
1802.000	185
1803.000	181
1804.000	178
1805.000	175
1806.000	171
1807.000	173
1808.000	178
1809.000	168
1810.000	166
1811.000	167
1812.000	167
1813.000	165
1814.000	163
1815.000	156
1816.000	151
1817.000	153
1818.000	153
1819.000	144
1820.000	147
1821.000	144
1822.000	147
1823.000	139
1824.000	134
1825.000	137
1826.000	132
1827.000	134
1828.000	134
1829.000	134
1830.000	122
1831.000	127
1832.000	120
1833.000	118
1834.000	112
1835.000	120
1836.000	109
1837.000	109
1838.000	112
1839.000	115
1840.000	106
1841.000	107
1842.000	102
1843.000	102
1844.000	100
1845.000	106
1846.000	97
1847.000	98
1848.000	94
1849.000	94
1850.000	93
1851.000	94
1852.000	87
1853.000	90
1854.000	90
1855.000	87
1856.000	84
1857.000	85
1858.000	88
1859.000	86
1860.000	84
1861.000	84
1862.000	83
1863.000	83
1864.000	80
1865.000	78
1866.000	78
1867.000	82
1868.000	77
1869.000	74
1870.000	75
1871.000	74
1872.000	75
1873.000	75
1874.000	78
1875.000	78
1876.000	73
1877.000	72
1878.000	79
1879.000	73
1880.000	70
1881.000	68
1882.000	69
1883.000	68
1884.000	68
1885.000	67
1886.000	70
1887.000	68
1888.000	78
1889.000	72
1890.000	74
1891.000	74
1892.000	76
1893.000	78
1894.000	84
1895.000	80
1896.000	77
1897.000	88
1898.000	88
1899.000	92
1900.000	99
1901.000	105
1902.000	104
1903.000	102
1904.000	103
1905.000	114
1906.000	114
1907.000	117
1908.000	115
1909.000	110
1910.000	122
1911.000	118
1912.000	116
1913.000	111
1914.000	120
1915.000	119
1916.000	113
1917.000	110
1918.000	108
1919.000	107
1920.000	104
1921.000	93
1922.000	98
1923.000	88
1924.000	86
1925.000	80
1926.000	81
1927.000	78
1928.000	71
1929.000	73
1930.000	72
1931.000	67
1932.000	68
1933.000	70
1934.000	66
1935.000	66
1936.000	66
1937.000	66
1938.000	62
1939.000	65
1940.000	63
1941.000	66
1942.000	64
1943.000	65
1944.000	66
1945.000	66
1946.000	68
1947.000	65
1948.000	64
1949.000	64
1950.000	64
1951.000	63
1952.000	61
1953.000	63
1954.000	61
1955.000	58
1956.000	57
1957.000	57
1958.000	58
1959.000	54
1960.000	57
1961.000	51
1962.000	55
1963.000	55
1964.000	53
1965.000	50
1966.000	52
1967.000	58
1968.000	46
1969.000	49
1970.000	53
1971.000	51
1972.000	51
1973.000	50
1974.000	49
1975.000	46
1976.000	50
1977.000	49
1978.000	48
1979.000	49
1980.000	48
1981.000	50
1982.000	48
1983.000	50
1984.000	49
1985.000	46
1986.000	47
1987.000	48
1988.000	50
1989.000	44
1990.000	47
1991.000	48
1992.000	51
1993.000	48
1994.000	48
1995.000	48
1996.000	51
1997.000	50
1998.000	49
1999.000	46
2000.000	47
2001.000	49
2002.000	49
2003.000	51
2004.000	42
2005.000	47
2006.000	45
2007.000	47
2008.000	47
2009.000	48
2010.000	47
2011.000	43
2012.000	47
2013.000	46
2014.000	45
2015.000	46
2016.000	47
2017.000	46
2018.000	48
2019.000	47
2020.000	46
2021.000	46
2022.000	46
2023.000	45
2024.000	47
2025.000	48
2026.000	43
2027.000	44
2028.000	46
2029.000	44
2030.000	47
2031.000	47
2032.000	42
2033.000	45
2034.000	47
2035.000	43
2036.000	48
2037.000	42
2038.000	45
2039.000	46
2040.000	44
2041.000	48
2042.000	45
2043.000	48
2044.000	43
2045.000	45
2046.000	41
2047.000	43
2048.000	0
