Date:	23-Sep-20		Time:	11:32 PM		Version no:	0.00		Project name:	55		Sample name:	222		Section name:	section		Position	0.000000	mm	E0	0.000000	keV	E1	1.000000	keV/channel	sample surface	2.000000	cm	Tube anode:	Mo		Tube voltage:	30	kV	Tube current:	30	mA	gain	15		std. database			resultfile	result		matrix element	11		sample thickness	1.000000		air passage	0.560000	cm	comments	not in position		peaking_time	0.300000	m-sec	trigger_threshold	40.000000	V	mca_bin_width	2.000000	no:	number_mca_channels	2048.000000	no:	gap_time	2048.000000	m-sec	trigger_peaking_time	2048.000000	m-sec	GAINDAC	400		HIGHGAIN	400		TAURC	400		RCTAU	400		RCTAUFRAC	400		livetime	13.334824	seconds	runtime	15.000351	seconds	input_count_rate	47769.585089	cps	output_count_rate	42465.604889	cps	triggers	704307	seconds	events_in_run	618783	seconds	channel	content		1.000	0
2.000	0
3.000	0
4.000	0
5.000	0
6.000	0
7.000	0
8.000	0
9.000	0
10.000	0
11.000	0
12.000	0
13.000	0
14.000	0
15.000	0
16.000	0
17.000	0
18.000	0
19.000	0
20.000	0
21.000	0
22.000	0
23.000	0
24.000	0
25.000	0
26.000	0
27.000	0
28.000	0
29.000	0
30.000	0
31.000	0
32.000	0
33.000	0
34.000	0
35.000	0
36.000	0
37.000	0
38.000	0
39.000	0
40.000	0
41.000	0
42.000	0
43.000	0
44.000	0
45.000	0
46.000	1
47.000	0
48.000	1
49.000	1
50.000	1
51.000	1
52.000	2
53.000	2
54.000	5
55.000	5
56.000	5
57.000	10
58.000	14
59.000	21
60.000	24
61.000	26
62.000	29
63.000	31
64.000	31
65.000	30
66.000	29
67.000	27
68.000	28
69.000	26
70.000	24
71.000	26
72.000	24
73.000	24
74.000	25
75.000	26
76.000	21
77.000	23
78.000	23
79.000	25
80.000	26
81.000	22
82.000	25
83.000	26
84.000	25
85.000	23
86.000	24
87.000	25
88.000	24
89.000	24
90.000	22
91.000	22
92.000	23
93.000	22
94.000	22
95.000	23
96.000	22
97.000	20
98.000	20
99.000	24
100.000	22
101.000	20
102.000	19
103.000	20
104.000	22
105.000	21
106.000	20
107.000	18
108.000	20
109.000	19
110.000	19
111.000	19
112.000	18
113.000	16
114.000	17
115.000	20
116.000	17
117.000	20
118.000	18
119.000	18
120.000	20
121.000	19
122.000	17
123.000	18
124.000	18
125.000	17
126.000	17
127.000	18
128.000	18
129.000	16
130.000	16
131.000	16
132.000	15
133.000	15
134.000	13
135.000	16
136.000	12
137.000	15
138.000	14
139.000	15
140.000	18
141.000	19
142.000	19
143.000	21
144.000	25
145.000	23
146.000	24
147.000	24
148.000	24
149.000	19
150.000	22
151.000	21
152.000	19
153.000	17
154.000	16
155.000	16
156.000	15
157.000	17
158.000	15
159.000	13
160.000	14
161.000	15
162.000	13
163.000	19
164.000	20
165.000	22
166.000	31
167.000	39
168.000	46
169.000	46
170.000	52
171.000	53
172.000	52
173.000	47
174.000	43
175.000	36
176.000	32
177.000	30
178.000	29
179.000	27
180.000	31
181.000	33
182.000	43
183.000	55
184.000	70
185.000	93
186.000	122
187.000	160
188.000	192
189.000	219
190.000	241
191.000	250
192.000	243
193.000	226
194.000	187
195.000	150
196.000	111
197.000	83
198.000	60
199.000	37
200.000	30
201.000	23
202.000	19
203.000	17
204.000	16
205.000	15
206.000	15
207.000	17
208.000	17
209.000	15
210.000	16
211.000	19
212.000	16
213.000	19
214.000	20
215.000	23
216.000	24
217.000	27
218.000	30
219.000	37
220.000	40
221.000	42
222.000	46
223.000	51
224.000	46
225.000	44
226.000	42
227.000	32
228.000	30
229.000	26
230.000	22
231.000	21
232.000	17
233.000	18
234.000	14
235.000	16
236.000	13
237.000	14
238.000	15
239.000	15
240.000	14
241.000	13
242.000	13
243.000	15
244.000	16
245.000	16
246.000	18
247.000	21
248.000	30
249.000	36
250.000	46
251.000	65
252.000	85
253.000	101
254.000	123
255.000	140
256.000	157
257.000	153
258.000	146
259.000	147
260.000	126
261.000	108
262.000	81
263.000	68
264.000	50
265.000	34
266.000	25
267.000	24
268.000	22
269.000	20
270.000	22
271.000	23
272.000	25
273.000	29
274.000	30
275.000	32
276.000	31
277.000	30
278.000	28
279.000	31
280.000	33
281.000	30
282.000	34
283.000	39
284.000	43
285.000	53
286.000	61
287.000	73
288.000	78
289.000	78
290.000	84
291.000	83
292.000	77
293.000	71
294.000	64
295.000	51
296.000	42
297.000	34
298.000	33
299.000	27
300.000	26
301.000	22
302.000	21
303.000	24
304.000	24
305.000	24
306.000	25
307.000	30
308.000	28
309.000	31
310.000	33
311.000	37
312.000	38
313.000	46
314.000	53
315.000	56
316.000	75
317.000	98
318.000	124
319.000	152
320.000	190
321.000	219
322.000	250
323.000	279
324.000	292
325.000	296
326.000	283
327.000	259
328.000	227
329.000	185
330.000	150
331.000	116
332.000	90
333.000	67
334.000	50
335.000	44
336.000	36
337.000	35
338.000	38
339.000	38
340.000	45
341.000	51
342.000	68
343.000	82
344.000	107
345.000	148
346.000	206
347.000	311
348.000	475
349.000	749
350.000	1198
351.000	1839
352.000	2804
353.000	4143
354.000	5933
355.000	8076
356.000	10554
357.000	13296
358.000	15818
359.000	18159
360.000	19850
361.000	20578
362.000	20445
363.000	19453
364.000	17555
365.000	15198
366.000	12480
367.000	9769
368.000	7379
369.000	5324
370.000	3663
371.000	2409
372.000	1524
373.000	964
374.000	576
375.000	360
376.000	242
377.000	183
378.000	172
379.000	177
380.000	223
381.000	283
382.000	377
383.000	516
384.000	689
385.000	933
386.000	1206
387.000	1575
388.000	1915
389.000	2275
390.000	2631
391.000	2889
392.000	3025
393.000	3061
394.000	2971
395.000	2790
396.000	2459
397.000	2084
398.000	1719
399.000	1345
400.000	1007
401.000	729
402.000	493
403.000	344
404.000	228
405.000	138
406.000	76
407.000	54
408.000	32
409.000	20
410.000	15
411.000	9
412.000	9
413.000	9
414.000	9
415.000	8
416.000	8
417.000	9
418.000	8
419.000	7
420.000	9
421.000	8
422.000	8
423.000	8
424.000	8
425.000	8
426.000	11
427.000	11
428.000	16
429.000	17
430.000	23
431.000	30
432.000	37
433.000	50
434.000	67
435.000	79
436.000	90
437.000	114
438.000	119
439.000	140
440.000	145
441.000	146
442.000	144
443.000	137
444.000	122
445.000	105
446.000	93
447.000	77
448.000	64
449.000	53
450.000	46
451.000	38
452.000	36
453.000	30
454.000	27
455.000	26
456.000	29
457.000	27
458.000	25
459.000	24
460.000	21
461.000	20
462.000	17
463.000	18
464.000	16
465.000	17
466.000	15
467.000	16
468.000	17
469.000	19
470.000	19
471.000	20
472.000	19
473.000	23
474.000	27
475.000	26
476.000	30
477.000	31
478.000	33
479.000	37
480.000	38
481.000	40
482.000	38
483.000	37
484.000	37
485.000	35
486.000	32
487.000	33
488.000	25
489.000	26
490.000	21
491.000	19
492.000	19
493.000	18
494.000	15
495.000	17
496.000	16
497.000	15
498.000	15
499.000	17
500.000	16
501.000	16
502.000	16
503.000	19
504.000	15
505.000	19
506.000	18
507.000	18
508.000	20
509.000	19
510.000	21
511.000	20
512.000	20
513.000	20
514.000	22
515.000	22
516.000	25
517.000	26
518.000	27
519.000	24
520.000	27
521.000	27
522.000	31
523.000	33
524.000	34
525.000	38
526.000	40
527.000	41
528.000	43
529.000	40
530.000	36
531.000	39
532.000	39
533.000	35
534.000	34
535.000	33
536.000	27
537.000	30
538.000	27
539.000	23
540.000	24
541.000	24
542.000	23
543.000	22
544.000	22
545.000	21
546.000	20
547.000	21
548.000	24
549.000	22
550.000	23
551.000	25
552.000	23
553.000	23
554.000	24
555.000	30
556.000	30
557.000	28
558.000	30
559.000	32
560.000	30
561.000	34
562.000	37
563.000	37
564.000	42
565.000	46
566.000	54
567.000	62
568.000	74
569.000	85
570.000	94
571.000	105
572.000	119
573.000	129
574.000	137
575.000	148
576.000	151
577.000	148
578.000	143
579.000	131
580.000	125
581.000	111
582.000	102
583.000	80
584.000	70
585.000	63
586.000	53
587.000	47
588.000	44
589.000	34
590.000	33
591.000	30
592.000	29
593.000	25
594.000	28
595.000	30
596.000	27
597.000	32
598.000	28
599.000	29
600.000	30
601.000	35
602.000	35
603.000	39
604.000	44
605.000	47
606.000	53
607.000	66
608.000	87
609.000	118
610.000	161
611.000	218
612.000	310
613.000	435
614.000	589
615.000	800
616.000	1036
617.000	1349
618.000	1669
619.000	2058
620.000	2416
621.000	2813
622.000	3123
623.000	3404
624.000	3599
625.000	3674
626.000	3668
627.000	3508
628.000	3320
629.000	3027
630.000	2700
631.000	2312
632.000	1891
633.000	1564
634.000	1240
635.000	948
636.000	729
637.000	535
638.000	393
639.000	290
640.000	208
641.000	159
642.000	119
643.000	92
644.000	77
645.000	67
646.000	61
647.000	61
648.000	59
649.000	51
650.000	53
651.000	55
652.000	46
653.000	51
654.000	51
655.000	50
656.000	53
657.000	53
658.000	56
659.000	52
660.000	57
661.000	60
662.000	57
663.000	61
664.000	63
665.000	63
666.000	66
667.000	64
668.000	72
669.000	69
670.000	81
671.000	79
672.000	89
673.000	93
674.000	106
675.000	117
676.000	134
677.000	162
678.000	178
679.000	223
680.000	264
681.000	316
682.000	364
683.000	420
684.000	469
685.000	532
686.000	568
687.000	617
688.000	630
689.000	636
690.000	637
691.000	610
692.000	581
693.000	534
694.000	475
695.000	432
696.000	366
697.000	316
698.000	256
699.000	216
700.000	179
701.000	146
702.000	124
703.000	99
704.000	84
705.000	74
706.000	69
707.000	63
708.000	58
709.000	57
710.000	58
711.000	61
712.000	62
713.000	60
714.000	60
715.000	69
716.000	71
717.000	69
718.000	76
719.000	79
720.000	86
721.000	86
722.000	87
723.000	87
724.000	93
725.000	92
726.000	98
727.000	92
728.000	96
729.000	93
730.000	91
731.000	92
732.000	88
733.000	84
734.000	83
735.000	79
736.000	77
737.000	75
738.000	75
739.000	73
740.000	70
741.000	68
742.000	69
743.000	67
744.000	72
745.000	65
746.000	68
747.000	65
748.000	67
749.000	67
750.000	64
751.000	69
752.000	69
753.000	73
754.000	67
755.000	69
756.000	69
757.000	65
758.000	66
759.000	69
760.000	69
761.000	72
762.000	71
763.000	72
764.000	71
765.000	72
766.000	75
767.000	75
768.000	73
769.000	79
770.000	74
771.000	83
772.000	77
773.000	82
774.000	80
775.000	88
776.000	88
777.000	87
778.000	93
779.000	99
780.000	111
781.000	112
782.000	110
783.000	112
784.000	125
785.000	121
786.000	125
787.000	126
788.000	132
789.000	134
790.000	132
791.000	137
792.000	136
793.000	137
794.000	135
795.000	140
796.000	131
797.000	139
798.000	138
799.000	141
800.000	145
801.000	137
802.000	143
803.000	143
804.000	154
805.000	153
806.000	159
807.000	167
808.000	177
809.000	174
810.000	195
811.000	218
812.000	225
813.000	242
814.000	253
815.000	259
816.000	282
817.000	285
818.000	300
819.000	310
820.000	311
821.000	302
822.000	291
823.000	283
824.000	266
825.000	246
826.000	228
827.000	210
828.000	197
829.000	192
830.000	165
831.000	157
832.000	148
833.000	139
834.000	130
835.000	135
836.000	129
837.000	122
838.000	126
839.000	121
840.000	120
841.000	120
842.000	119
843.000	125
844.000	123
845.000	132
846.000	122
847.000	117
848.000	125
849.000	120
850.000	117
851.000	121
852.000	119
853.000	115
854.000	110
855.000	118
856.000	114
857.000	116
858.000	111
859.000	120
860.000	115
861.000	113
862.000	118
863.000	113
864.000	117
865.000	116
866.000	114
867.000	114
868.000	114
869.000	114
870.000	112
871.000	108
872.000	112
873.000	113
874.000	109
875.000	111
876.000	107
877.000	115
878.000	116
879.000	111
880.000	116
881.000	116
882.000	117
883.000	111
884.000	108
885.000	119
886.000	117
887.000	116
888.000	121
889.000	118
890.000	119
891.000	120
892.000	119
893.000	123
894.000	122
895.000	131
896.000	125
897.000	128
898.000	137
899.000	136
900.000	139
901.000	148
902.000	143
903.000	141
904.000	148
905.000	147
906.000	152
907.000	155
908.000	156
909.000	164
910.000	156
911.000	163
912.000	159
913.000	158
914.000	162
915.000	163
916.000	170
917.000	167
918.000	166
919.000	178
920.000	178
921.000	177
922.000	181
923.000	175
924.000	170
925.000	179
926.000	182
927.000	187
928.000	187
929.000	193
930.000	192
931.000	199
932.000	195
933.000	204
934.000	211
935.000	216
936.000	215
937.000	244
938.000	228
939.000	245
940.000	245
941.000	249
942.000	254
943.000	261
944.000	253
945.000	251
946.000	250
947.000	246
948.000	240
949.000	236
950.000	226
951.000	221
952.000	208
953.000	209
954.000	204
955.000	185
956.000	183
957.000	175
958.000	178
959.000	171
960.000	176
961.000	175
962.000	178
963.000	177
964.000	173
965.000	177
966.000	175
967.000	173
968.000	185
969.000	175
970.000	187
971.000	185
972.000	184
973.000	182
974.000	183
975.000	184
976.000	171
977.000	172
978.000	172
979.000	157
980.000	168
981.000	169
982.000	164
983.000	155
984.000	151
985.000	145
986.000	144
987.000	148
988.000	146
989.000	142
990.000	141
991.000	144
992.000	143
993.000	138
994.000	139
995.000	134
996.000	137
997.000	132
998.000	133
999.000	136
1000.000	134
1001.000	135
1002.000	131
1003.000	132
1004.000	128
1005.000	134
1006.000	132
1007.000	129
1008.000	125
1009.000	133
1010.000	130
1011.000	133
1012.000	134
1013.000	132
1014.000	137
1015.000	132
1016.000	133
1017.000	139
1018.000	137
1019.000	132
1020.000	133
1021.000	133
1022.000	137
1023.000	137
1024.000	140
1025.000	139
1026.000	137
1027.000	140
1028.000	133
1029.000	138
1030.000	146
1031.000	146
1032.000	141
1033.000	147
1034.000	141
1035.000	147
1036.000	146
1037.000	144
1038.000	143
1039.000	142
1040.000	145
1041.000	140
1042.000	146
1043.000	138
1044.000	145
1045.000	146
1046.000	145
1047.000	149
1048.000	150
1049.000	151
1050.000	151
1051.000	161
1052.000	153
1053.000	151
1054.000	158
1055.000	152
1056.000	156
1057.000	158
1058.000	156
1059.000	164
1060.000	152
1061.000	154
1062.000	156
1063.000	165
1064.000	163
1065.000	149
1066.000	153
1067.000	158
1068.000	151
1069.000	156
1070.000	158
1071.000	154
1072.000	156
1073.000	152
1074.000	157
1075.000	152
1076.000	158
1077.000	152
1078.000	156
1079.000	158
1080.000	158
1081.000	156
1082.000	157
1083.000	158
1084.000	154
1085.000	152
1086.000	159
1087.000	157
1088.000	162
1089.000	170
1090.000	158
1091.000	164
1092.000	164
1093.000	153
1094.000	160
1095.000	166
1096.000	167
1097.000	167
1098.000	170
1099.000	174
1100.000	176
1101.000	171
1102.000	168
1103.000	175
1104.000	170
1105.000	166
1106.000	169
1107.000	165
1108.000	171
1109.000	166
1110.000	165
1111.000	164
1112.000	168
1113.000	164
1114.000	163
1115.000	158
1116.000	163
1117.000	153
1118.000	154
1119.000	152
1120.000	155
1121.000	163
1122.000	158
1123.000	155
1124.000	152
1125.000	160
1126.000	159
1127.000	162
1128.000	163
1129.000	160
1130.000	161
1131.000	160
1132.000	163
1133.000	164
1134.000	164
1135.000	164
1136.000	169
1137.000	162
1138.000	162
1139.000	163
1140.000	164
1141.000	166
1142.000	159
1143.000	159
1144.000	164
1145.000	165
1146.000	167
1147.000	166
1148.000	169
1149.000	168
1150.000	175
1151.000	165
1152.000	162
1153.000	174
1154.000	177
1155.000	188
1156.000	186
1157.000	179
1158.000	179
1159.000	168
1160.000	179
1161.000	179
1162.000	181
1163.000	187
1164.000	182
1165.000	181
1166.000	180
1167.000	179
1168.000	180
1169.000	174
1170.000	177
1171.000	168
1172.000	165
1173.000	164
1174.000	168
1175.000	164
1176.000	157
1177.000	164
1178.000	167
1179.000	160
1180.000	154
1181.000	159
1182.000	158
1183.000	161
1184.000	156
1185.000	165
1186.000	152
1187.000	154
1188.000	147
1189.000	159
1190.000	163
1191.000	158
1192.000	154
1193.000	160
1194.000	166
1195.000	159
1196.000	164
1197.000	158
1198.000	162
1199.000	160
1200.000	159
1201.000	160
1202.000	166
1203.000	168
1204.000	158
1205.000	161
1206.000	163
1207.000	161
1208.000	157
1209.000	168
1210.000	163
1211.000	166
1212.000	167
1213.000	160
1214.000	168
1215.000	160
1216.000	164
1217.000	168
1218.000	169
1219.000	159
1220.000	165
1221.000	161
1222.000	167
1223.000	169
1224.000	171
1225.000	170
1226.000	168
1227.000	163
1228.000	167
1229.000	166
1230.000	172
1231.000	172
1232.000	172
1233.000	177
1234.000	174
1235.000	167
1236.000	163
1237.000	165
1238.000	170
1239.000	169
1240.000	159
1241.000	173
1242.000	171
1243.000	165
1244.000	162
1245.000	168
1246.000	165
1247.000	167
1248.000	165
1249.000	158
1250.000	169
1251.000	168
1252.000	174
1253.000	163
1254.000	164
1255.000	165
1256.000	170
1257.000	162
1258.000	171
1259.000	163
1260.000	173
1261.000	159
1262.000	162
1263.000	165
1264.000	159
1265.000	175
1266.000	168
1267.000	169
1268.000	160
1269.000	155
1270.000	165
1271.000	170
1272.000	159
1273.000	165
1274.000	160
1275.000	169
1276.000	164
1277.000	161
1278.000	165
1279.000	168
1280.000	167
1281.000	159
1282.000	172
1283.000	164
1284.000	166
1285.000	169
1286.000	163
1287.000	170
1288.000	173
1289.000	166
1290.000	169
1291.000	173
1292.000	178
1293.000	182
1294.000	173
1295.000	180
1296.000	180
1297.000	181
1298.000	183
1299.000	183
1300.000	183
1301.000	185
1302.000	178
1303.000	186
1304.000	186
1305.000	187
1306.000	188
1307.000	189
1308.000	183
1309.000	179
1310.000	179
1311.000	183
1312.000	178
1313.000	184
1314.000	183
1315.000	173
1316.000	176
1317.000	173
1318.000	181
1319.000	172
1320.000	171
1321.000	172
1322.000	177
1323.000	178
1324.000	174
1325.000	171
1326.000	168
1327.000	174
1328.000	177
1329.000	176
1330.000	179
1331.000	170
1332.000	167
1333.000	173
1334.000	172
1335.000	171
1336.000	171
1337.000	168
1338.000	166
1339.000	175
1340.000	172
1341.000	172
1342.000	176
1343.000	171
1344.000	173
1345.000	183
1346.000	175
1347.000	169
1348.000	175
1349.000	172
1350.000	178
1351.000	182
1352.000	180
1353.000	178
1354.000	187
1355.000	199
1356.000	200
1357.000	212
1358.000	221
1359.000	228
1360.000	246
1361.000	267
1362.000	285
1363.000	324
1364.000	346
1365.000	369
1366.000	422
1367.000	467
1368.000	516
1369.000	557
1370.000	613
1371.000	666
1372.000	714
1373.000	766
1374.000	819
1375.000	868
1376.000	894
1377.000	930
1378.000	929
1379.000	971
1380.000	953
1381.000	967
1382.000	946
1383.000	915
1384.000	875
1385.000	838
1386.000	789
1387.000	738
1388.000	684
1389.000	616
1390.000	567
1391.000	510
1392.000	466
1393.000	424
1394.000	382
1395.000	351
1396.000	300
1397.000	277
1398.000	258
1399.000	234
1400.000	220
1401.000	204
1402.000	203
1403.000	193
1404.000	179
1405.000	178
1406.000	178
1407.000	180
1408.000	177
1409.000	171
1410.000	164
1411.000	166
1412.000	170
1413.000	171
1414.000	172
1415.000	167
1416.000	167
1417.000	169
1418.000	168
1419.000	168
1420.000	169
1421.000	166
1422.000	171
1423.000	166
1424.000	169
1425.000	166
1426.000	169
1427.000	173
1428.000	170
1429.000	174
1430.000	160
1431.000	170
1432.000	174
1433.000	174
1434.000	175
1435.000	176
1436.000	164
1437.000	167
1438.000	169
1439.000	175
1440.000	172
1441.000	169
1442.000	175
1443.000	176
1444.000	173
1445.000	173
1446.000	176
1447.000	170
1448.000	179
1449.000	182
1450.000	176
1451.000	178
1452.000	178
1453.000	182
1454.000	179
1455.000	184
1456.000	184
1457.000	180
1458.000	184
1459.000	178
1460.000	185
1461.000	178
1462.000	181
1463.000	184
1464.000	181
1465.000	180
1466.000	184
1467.000	177
1468.000	180
1469.000	178
1470.000	177
1471.000	172
1472.000	177
1473.000	174
1474.000	173
1475.000	173
1476.000	171
1477.000	179
1478.000	173
1479.000	179
1480.000	168
1481.000	174
1482.000	181
1483.000	177
1484.000	175
1485.000	172
1486.000	175
1487.000	184
1488.000	180
1489.000	179
1490.000	179
1491.000	177
1492.000	165
1493.000	170
1494.000	178
1495.000	178
1496.000	178
1497.000	179
1498.000	181
1499.000	182
1500.000	175
1501.000	170
1502.000	179
1503.000	175
1504.000	178
1505.000	181
1506.000	179
1507.000	176
1508.000	185
1509.000	178
1510.000	182
1511.000	185
1512.000	184
1513.000	185
1514.000	189
1515.000	183
1516.000	179
1517.000	188
1518.000	188
1519.000	189
1520.000	192
1521.000	193
1522.000	198
1523.000	193
1524.000	202
1525.000	210
1526.000	210
1527.000	217
1528.000	225
1529.000	225
1530.000	234
1531.000	237
1532.000	257
1533.000	267
1534.000	269
1535.000	276
1536.000	292
1537.000	309
1538.000	311
1539.000	317
1540.000	336
1541.000	323
1542.000	335
1543.000	343
1544.000	339
1545.000	350
1546.000	346
1547.000	329
1548.000	334
1549.000	324
1550.000	319
1551.000	320
1552.000	299
1553.000	309
1554.000	289
1555.000	287
1556.000	285
1557.000	275
1558.000	269
1559.000	272
1560.000	270
1561.000	277
1562.000	267
1563.000	271
1564.000	274
1565.000	277
1566.000	283
1567.000	278
1568.000	292
1569.000	288
1570.000	293
1571.000	298
1572.000	306
1573.000	320
1574.000	326
1575.000	332
1576.000	335
1577.000	344
1578.000	346
1579.000	359
1580.000	370
1581.000	386
1582.000	385
1583.000	400
1584.000	404
1585.000	416
1586.000	429
1587.000	431
1588.000	456
1589.000	461
1590.000	475
1591.000	476
1592.000	487
1593.000	506
1594.000	518
1595.000	531
1596.000	533
1597.000	547
1598.000	545
1599.000	563
1600.000	567
1601.000	571
1602.000	591
1603.000	583
1604.000	596
1605.000	593
1606.000	596
1607.000	597
1608.000	591
1609.000	583
1610.000	594
1611.000	585
1612.000	579
1613.000	594
1614.000	565
1615.000	570
1616.000	561
1617.000	548
1618.000	541
1619.000	550
1620.000	536
1621.000	535
1622.000	515
1623.000	498
1624.000	498
1625.000	493
1626.000	473
1627.000	457
1628.000	451
1629.000	435
1630.000	433
1631.000	412
1632.000	401
1633.000	391
1634.000	385
1635.000	364
1636.000	359
1637.000	351
1638.000	342
1639.000	325
1640.000	315
1641.000	307
1642.000	307
1643.000	298
1644.000	307
1645.000	279
1646.000	270
1647.000	257
1648.000	259
1649.000	251
1650.000	245
1651.000	239
1652.000	236
1653.000	236
1654.000	221
1655.000	224
1656.000	214
1657.000	207
1658.000	208
1659.000	206
1660.000	198
1661.000	203
1662.000	194
1663.000	191
1664.000	188
1665.000	177
1666.000	189
1667.000	180
1668.000	182
1669.000	179
1670.000	189
1671.000	178
1672.000	180
1673.000	178
1674.000	184
1675.000	181
1676.000	188
1677.000	192
1678.000	199
1679.000	201
1680.000	210
1681.000	223
1682.000	233
1683.000	244
1684.000	259
1685.000	278
1686.000	283
1687.000	310
1688.000	328
1689.000	346
1690.000	370
1691.000	383
1692.000	400
1693.000	435
1694.000	465
1695.000	473
1696.000	489
1697.000	514
1698.000	506
1699.000	527
1700.000	538
1701.000	534
1702.000	538
1703.000	546
1704.000	535
1705.000	521
1706.000	510
1707.000	505
1708.000	476
1709.000	447
1710.000	428
1711.000	401
1712.000	374
1713.000	348
1714.000	324
1715.000	306
1716.000	282
1717.000	269
1718.000	247
1719.000	228
1720.000	220
1721.000	200
1722.000	184
1723.000	179
1724.000	168
1725.000	163
1726.000	160
1727.000	156
1728.000	145
1729.000	148
1730.000	143
1731.000	147
1732.000	138
1733.000	139
1734.000	141
1735.000	144
1736.000	138
1737.000	138
1738.000	136
1739.000	145
1740.000	138
1741.000	138
1742.000	140
1743.000	137
1744.000	140
1745.000	136
1746.000	146
1747.000	140
1748.000	150
1749.000	143
1750.000	146
1751.000	153
1752.000	141
1753.000	143
1754.000	143
1755.000	146
1756.000	154
1757.000	146
1758.000	150
1759.000	149
1760.000	144
1761.000	152
1762.000	155
1763.000	153
1764.000	151
1765.000	158
1766.000	163
1767.000	170
1768.000	167
1769.000	165
1770.000	162
1771.000	169
1772.000	174
1773.000	173
1774.000	174
1775.000	180
1776.000	173
1777.000	175
1778.000	174
1779.000	186
1780.000	178
1781.000	180
1782.000	189
1783.000	186
1784.000	185
1785.000	189
1786.000	185
1787.000	190
1788.000	191
1789.000	193
1790.000	198
1791.000	192
1792.000	193
1793.000	190
1794.000	198
1795.000	198
1796.000	198
1797.000	189
1798.000	179
1799.000	194
1800.000	181
1801.000	186
1802.000	190
1803.000	188
1804.000	189
1805.000	183
1806.000	182
1807.000	183
1808.000	171
1809.000	177
1810.000	179
1811.000	175
1812.000	160
1813.000	167
1814.000	164
1815.000	160
1816.000	153
1817.000	156
1818.000	159
1819.000	153
1820.000	148
1821.000	148
1822.000	149
1823.000	141
1824.000	137
1825.000	138
1826.000	137
1827.000	136
1828.000	136
1829.000	129
1830.000	128
1831.000	128
1832.000	131
1833.000	125
1834.000	121
1835.000	119
1836.000	117
1837.000	116
1838.000	110
1839.000	111
1840.000	105
1841.000	107
1842.000	105
1843.000	107
1844.000	110
1845.000	108
1846.000	104
1847.000	102
1848.000	95
1849.000	99
1850.000	101
1851.000	95
1852.000	94
1853.000	90
1854.000	95
1855.000	93
1856.000	92
1857.000	86
1858.000	89
1859.000	84
1860.000	88
1861.000	83
1862.000	82
1863.000	84
1864.000	80
1865.000	79
1866.000	81
1867.000	78
1868.000	82
1869.000	81
1870.000	82
1871.000	77
1872.000	79
1873.000	80
1874.000	80
1875.000	74
1876.000	74
1877.000	76
1878.000	75
1879.000	71
1880.000	76
1881.000	76
1882.000	72
1883.000	72
1884.000	76
1885.000	75
1886.000	72
1887.000	70
1888.000	74
1889.000	69
1890.000	75
1891.000	75
1892.000	77
1893.000	74
1894.000	76
1895.000	84
1896.000	86
1897.000	86
1898.000	87
1899.000	90
1900.000	98
1901.000	95
1902.000	105
1903.000	105
1904.000	106
1905.000	108
1906.000	114
1907.000	118
1908.000	116
1909.000	117
1910.000	123
1911.000	115
1912.000	118
1913.000	116
1914.000	115
1915.000	114
1916.000	114
1917.000	107
1918.000	108
1919.000	101
1920.000	100
1921.000	97
1922.000	94
1923.000	88
1924.000	84
1925.000	84
1926.000	78
1927.000	78
1928.000	78
1929.000	78
1930.000	72
1931.000	72
1932.000	71
1933.000	67
1934.000	65
1935.000	68
1936.000	67
1937.000	61
1938.000	67
1939.000	69
1940.000	64
1941.000	67
1942.000	69
1943.000	69
1944.000	71
1945.000	67
1946.000	67
1947.000	67
1948.000	71
1949.000	68
1950.000	64
1951.000	65
1952.000	63
1953.000	61
1954.000	62
1955.000	60
1956.000	59
1957.000	57
1958.000	60
1959.000	56
1960.000	53
1961.000	57
1962.000	52
1963.000	54
1964.000	56
1965.000	52
1966.000	49
1967.000	52
1968.000	54
1969.000	54
1970.000	55
1971.000	51
1972.000	48
1973.000	54
1974.000	47
1975.000	51
1976.000	51
1977.000	46
1978.000	49
1979.000	54
1980.000	54
1981.000	53
1982.000	50
1983.000	55
1984.000	49
1985.000	52
1986.000	52
1987.000	50
1988.000	51
1989.000	51
1990.000	49
1991.000	53
1992.000	48
1993.000	56
1994.000	48
1995.000	49
1996.000	51
1997.000	48
1998.000	52
1999.000	51
2000.000	50
2001.000	48
2002.000	50
2003.000	48
2004.000	49
2005.000	48
2006.000	50
2007.000	49
2008.000	46
2009.000	47
2010.000	52
2011.000	51
2012.000	48
2013.000	47
2014.000	46
2015.000	47
2016.000	49
2017.000	47
2018.000	48
2019.000	49
2020.000	43
2021.000	45
2022.000	49
2023.000	44
2024.000	46
2025.000	47
2026.000	46
2027.000	47
2028.000	46
2029.000	46
2030.000	45
2031.000	45
2032.000	48
2033.000	48
2034.000	47
2035.000	48
2036.000	45
2037.000	42
2038.000	49
2039.000	47
2040.000	47
2041.000	46
2042.000	44
2043.000	48
2044.000	45
2045.000	45
2046.000	47
2047.000	44
2048.000	0
