Date:	23-Sep-20		Time:	11:32 PM		Version no:	0.00		Project name:	55		Sample name:	222		Section name:	section		Position	0.000000	mm	E0	0.000000	keV	E1	1.000000	keV/channel	sample surface	2.000000	cm	Tube anode:	Mo		Tube voltage:	30	kV	Tube current:	30	mA	gain	15		std. database			resultfile	result		matrix element	11		sample thickness	1.000000		air passage	0.560000	cm	comments	not in position		peaking_time	0.300000	m-sec	trigger_threshold	40.000000	V	mca_bin_width	2.000000	no:	number_mca_channels	2048.000000	no:	gap_time	2048.000000	m-sec	trigger_peaking_time	2048.000000	m-sec	GAINDAC	400		HIGHGAIN	400		TAURC	400		RCTAU	400		RCTAUFRAC	400		livetime	13.334824	seconds	runtime	15.000351	seconds	input_count_rate	47769.585089	cps	output_count_rate	42465.604889	cps	triggers	704307	seconds	events_in_run	618783	seconds	channel	content		1.000	0
2.000	0
3.000	0
4.000	0
5.000	0
6.000	0
7.000	0
8.000	0
9.000	0
10.000	0
11.000	0
12.000	0
13.000	0
14.000	0
15.000	0
16.000	0
17.000	0
18.000	0
19.000	0
20.000	0
21.000	0
22.000	0
23.000	0
24.000	0
25.000	0
26.000	0
27.000	0
28.000	0
29.000	0
30.000	0
31.000	0
32.000	0
33.000	1
34.000	0
35.000	0
36.000	0
37.000	0
38.000	0
39.000	0
40.000	0
41.000	0
42.000	0
43.000	0
44.000	1
45.000	1
46.000	0
47.000	1
48.000	1
49.000	1
50.000	1
51.000	1
52.000	3
53.000	4
54.000	3
55.000	5
56.000	6
57.000	10
58.000	12
59.000	18
60.000	22
61.000	29
62.000	29
63.000	31
64.000	33
65.000	29
66.000	26
67.000	30
68.000	26
69.000	25
70.000	24
71.000	25
72.000	25
73.000	26
74.000	24
75.000	26
76.000	26
77.000	25
78.000	25
79.000	26
80.000	24
81.000	22
82.000	25
83.000	26
84.000	27
85.000	27
86.000	26
87.000	26
88.000	28
89.000	24
90.000	26
91.000	24
92.000	24
93.000	23
94.000	22
95.000	23
96.000	23
97.000	20
98.000	21
99.000	20
100.000	21
101.000	22
102.000	21
103.000	20
104.000	20
105.000	20
106.000	18
107.000	19
108.000	19
109.000	20
110.000	19
111.000	16
112.000	18
113.000	19
114.000	20
115.000	19
116.000	16
117.000	18
118.000	18
119.000	17
120.000	19
121.000	18
122.000	17
123.000	18
124.000	17
125.000	17
126.000	17
127.000	15
128.000	17
129.000	17
130.000	17
131.000	17
132.000	15
133.000	18
134.000	15
135.000	17
136.000	15
137.000	14
138.000	17
139.000	17
140.000	20
141.000	21
142.000	22
143.000	22
144.000	27
145.000	25
146.000	25
147.000	26
148.000	23
149.000	19
150.000	20
151.000	19
152.000	20
153.000	18
154.000	17
155.000	15
156.000	16
157.000	16
158.000	15
159.000	14
160.000	14
161.000	13
162.000	16
163.000	15
164.000	20
165.000	20
166.000	26
167.000	31
168.000	34
169.000	41
170.000	42
171.000	42
172.000	42
173.000	39
174.000	36
175.000	31
176.000	27
177.000	26
178.000	27
179.000	30
180.000	33
181.000	35
182.000	47
183.000	57
184.000	77
185.000	100
186.000	139
187.000	175
188.000	211
189.000	255
190.000	265
191.000	287
192.000	277
193.000	244
194.000	205
195.000	165
196.000	127
197.000	90
198.000	65
199.000	44
200.000	34
201.000	23
202.000	20
203.000	19
204.000	16
205.000	16
206.000	17
207.000	14
208.000	17
209.000	18
210.000	19
211.000	16
212.000	19
213.000	20
214.000	21
215.000	25
216.000	26
217.000	30
218.000	34
219.000	39
220.000	48
221.000	49
222.000	48
223.000	52
224.000	54
225.000	52
226.000	46
227.000	37
228.000	34
229.000	29
230.000	24
231.000	20
232.000	20
233.000	15
234.000	16
235.000	14
236.000	16
237.000	14
238.000	15
239.000	13
240.000	16
241.000	16
242.000	16
243.000	17
244.000	18
245.000	16
246.000	20
247.000	25
248.000	32
249.000	43
250.000	59
251.000	77
252.000	99
253.000	127
254.000	162
255.000	181
256.000	194
257.000	209
258.000	195
259.000	180
260.000	162
261.000	131
262.000	108
263.000	82
264.000	53
265.000	44
266.000	32
267.000	30
268.000	26
269.000	24
270.000	27
271.000	26
272.000	30
273.000	32
274.000	32
275.000	35
276.000	38
277.000	37
278.000	35
279.000	36
280.000	36
281.000	34
282.000	35
283.000	40
284.000	44
285.000	56
286.000	63
287.000	73
288.000	76
289.000	80
290.000	88
291.000	80
292.000	76
293.000	68
294.000	59
295.000	51
296.000	42
297.000	33
298.000	29
299.000	26
300.000	28
301.000	24
302.000	25
303.000	24
304.000	25
305.000	28
306.000	30
307.000	29
308.000	29
309.000	35
310.000	36
311.000	36
312.000	40
313.000	45
314.000	48
315.000	55
316.000	66
317.000	81
318.000	101
319.000	117
320.000	142
321.000	161
322.000	189
323.000	202
324.000	213
325.000	208
326.000	209
327.000	187
328.000	158
329.000	138
330.000	113
331.000	91
332.000	71
333.000	53
334.000	52
335.000	39
336.000	36
337.000	38
338.000	39
339.000	44
340.000	49
341.000	58
342.000	72
343.000	85
344.000	117
345.000	171
346.000	223
347.000	338
348.000	534
349.000	853
350.000	1327
351.000	2111
352.000	3183
353.000	4660
354.000	6703
355.000	9155
356.000	11988
357.000	15045
358.000	17896
359.000	20482
360.000	22342
361.000	23223
362.000	23076
363.000	21853
364.000	19797
365.000	17095
366.000	14035
367.000	11076
368.000	8297
369.000	5951
370.000	4055
371.000	2684
372.000	1702
373.000	1045
374.000	648
375.000	400
376.000	280
377.000	205
378.000	196
379.000	199
380.000	244
381.000	330
382.000	429
383.000	590
384.000	789
385.000	1051
386.000	1386
387.000	1774
388.000	2176
389.000	2579
390.000	2953
391.000	3249
392.000	3435
393.000	3495
394.000	3362
395.000	3136
396.000	2778
397.000	2374
398.000	1945
399.000	1515
400.000	1147
401.000	825
402.000	567
403.000	368
404.000	250
405.000	153
406.000	96
407.000	56
408.000	31
409.000	22
410.000	15
411.000	11
412.000	10
413.000	10
414.000	8
415.000	8
416.000	8
417.000	9
418.000	7
419.000	8
420.000	8
421.000	7
422.000	8
423.000	7
424.000	8
425.000	10
426.000	11
427.000	12
428.000	12
429.000	16
430.000	20
431.000	28
432.000	33
433.000	45
434.000	53
435.000	66
436.000	81
437.000	92
438.000	109
439.000	121
440.000	126
441.000	129
442.000	124
443.000	116
444.000	110
445.000	95
446.000	84
447.000	70
448.000	64
449.000	50
450.000	43
451.000	33
452.000	29
453.000	25
454.000	24
455.000	25
456.000	22
457.000	23
458.000	19
459.000	19
460.000	20
461.000	17
462.000	17
463.000	18
464.000	16
465.000	15
466.000	12
467.000	13
468.000	13
469.000	15
470.000	17
471.000	16
472.000	16
473.000	20
474.000	21
475.000	23
476.000	25
477.000	26
478.000	25
479.000	31
480.000	32
481.000	35
482.000	32
483.000	30
484.000	35
485.000	32
486.000	31
487.000	28
488.000	26
489.000	24
490.000	20
491.000	21
492.000	16
493.000	17
494.000	15
495.000	13
496.000	13
497.000	16
498.000	12
499.000	16
500.000	14
501.000	14
502.000	15
503.000	16
504.000	13
505.000	15
506.000	18
507.000	16
508.000	18
509.000	18
510.000	20
511.000	18
512.000	20
513.000	21
514.000	20
515.000	21
516.000	20
517.000	19
518.000	22
519.000	23
520.000	29
521.000	30
522.000	30
523.000	34
524.000	34
525.000	37
526.000	39
527.000	37
528.000	38
529.000	37
530.000	41
531.000	38
532.000	40
533.000	37
534.000	31
535.000	32
536.000	27
537.000	28
538.000	22
539.000	22
540.000	21
541.000	23
542.000	21
543.000	21
544.000	20
545.000	19
546.000	23
547.000	21
548.000	22
549.000	23
550.000	23
551.000	22
552.000	21
553.000	22
554.000	26
555.000	25
556.000	27
557.000	24
558.000	29
559.000	28
560.000	29
561.000	29
562.000	32
563.000	34
564.000	39
565.000	38
566.000	44
567.000	47
568.000	56
569.000	55
570.000	63
571.000	70
572.000	74
573.000	81
574.000	85
575.000	90
576.000	96
577.000	90
578.000	92
579.000	84
580.000	78
581.000	72
582.000	62
583.000	56
584.000	55
585.000	47
586.000	42
587.000	38
588.000	34
589.000	31
590.000	30
591.000	29
592.000	26
593.000	26
594.000	29
595.000	29
596.000	28
597.000	27
598.000	28
599.000	28
600.000	28
601.000	30
602.000	32
603.000	34
604.000	37
605.000	44
606.000	45
607.000	58
608.000	74
609.000	94
610.000	124
611.000	173
612.000	238
613.000	342
614.000	458
615.000	624
616.000	817
617.000	1051
618.000	1282
619.000	1587
620.000	1892
621.000	2178
622.000	2418
623.000	2615
624.000	2747
625.000	2822
626.000	2800
627.000	2665
628.000	2486
629.000	2315
630.000	2051
631.000	1756
632.000	1477
633.000	1190
634.000	939
635.000	731
636.000	560
637.000	421
638.000	316
639.000	218
640.000	163
641.000	131
642.000	100
643.000	80
644.000	72
645.000	68
646.000	58
647.000	59
648.000	55
649.000	53
650.000	53
651.000	49
652.000	52
653.000	50
654.000	54
655.000	50
656.000	54
657.000	53
658.000	57
659.000	53
660.000	56
661.000	56
662.000	55
663.000	56
664.000	63
665.000	58
666.000	60
667.000	63
668.000	61
669.000	66
670.000	72
671.000	72
672.000	82
673.000	79
674.000	88
675.000	101
676.000	113
677.000	138
678.000	157
679.000	180
680.000	220
681.000	246
682.000	293
683.000	329
684.000	372
685.000	422
686.000	450
687.000	474
688.000	494
689.000	499
690.000	498
691.000	489
692.000	457
693.000	428
694.000	383
695.000	339
696.000	291
697.000	254
698.000	216
699.000	180
700.000	148
701.000	126
702.000	105
703.000	90
704.000	77
705.000	72
706.000	73
707.000	64
708.000	62
709.000	61
710.000	64
711.000	60
712.000	59
713.000	64
714.000	71
715.000	71
716.000	72
717.000	77
718.000	79
719.000	88
720.000	83
721.000	93
722.000	88
723.000	91
724.000	91
725.000	98
726.000	87
727.000	100
728.000	89
729.000	89
730.000	93
731.000	93
732.000	84
733.000	83
734.000	85
735.000	74
736.000	77
737.000	70
738.000	75
739.000	74
740.000	73
741.000	71
742.000	70
743.000	65
744.000	70
745.000	71
746.000	69
747.000	70
748.000	68
749.000	75
750.000	68
751.000	72
752.000	73
753.000	65
754.000	72
755.000	73
756.000	71
757.000	69
758.000	71
759.000	71
760.000	77
761.000	75
762.000	72
763.000	71
764.000	72
765.000	71
766.000	74
767.000	78
768.000	75
769.000	74
770.000	78
771.000	79
772.000	77
773.000	85
774.000	89
775.000	93
776.000	94
777.000	91
778.000	95
779.000	95
780.000	105
781.000	109
782.000	111
783.000	112
784.000	121
785.000	128
786.000	124
787.000	122
788.000	133
789.000	131
790.000	135
791.000	136
792.000	138
793.000	137
794.000	139
795.000	136
796.000	143
797.000	146
798.000	142
799.000	143
800.000	144
801.000	144
802.000	148
803.000	144
804.000	151
805.000	156
806.000	162
807.000	170
808.000	172
809.000	181
810.000	198
811.000	208
812.000	232
813.000	256
814.000	256
815.000	280
816.000	280
817.000	305
818.000	302
819.000	315
820.000	314
821.000	307
822.000	305
823.000	278
824.000	263
825.000	247
826.000	232
827.000	228
828.000	198
829.000	181
830.000	175
831.000	157
832.000	139
833.000	141
834.000	132
835.000	135
836.000	127
837.000	122
838.000	123
839.000	126
840.000	122
841.000	128
842.000	125
843.000	117
844.000	128
845.000	125
846.000	126
847.000	127
848.000	120
849.000	123
850.000	121
851.000	116
852.000	118
853.000	115
854.000	113
855.000	118
856.000	120
857.000	116
858.000	120
859.000	112
860.000	115
861.000	118
862.000	118
863.000	117
864.000	117
865.000	122
866.000	118
867.000	115
868.000	117
869.000	116
870.000	115
871.000	117
872.000	115
873.000	118
874.000	119
875.000	113
876.000	110
877.000	108
878.000	116
879.000	117
880.000	110
881.000	122
882.000	117
883.000	115
884.000	112
885.000	121
886.000	119
887.000	120
888.000	121
889.000	120
890.000	125
891.000	115
892.000	128
893.000	127
894.000	124
895.000	128
896.000	133
897.000	130
898.000	138
899.000	139
900.000	140
901.000	131
902.000	139
903.000	150
904.000	151
905.000	145
906.000	156
907.000	151
908.000	155
909.000	160
910.000	161
911.000	165
912.000	165
913.000	161
914.000	164
915.000	171
916.000	171
917.000	171
918.000	177
919.000	172
920.000	176
921.000	182
922.000	179
923.000	182
924.000	184
925.000	192
926.000	177
927.000	192
928.000	186
929.000	191
930.000	186
931.000	197
932.000	206
933.000	211
934.000	213
935.000	223
936.000	228
937.000	230
938.000	245
939.000	242
940.000	257
941.000	266
942.000	268
943.000	265
944.000	264
945.000	258
946.000	265
947.000	255
948.000	248
949.000	244
950.000	235
951.000	226
952.000	214
953.000	209
954.000	200
955.000	187
956.000	191
957.000	182
958.000	178
959.000	175
960.000	174
961.000	183
962.000	182
963.000	174
964.000	177
965.000	184
966.000	181
967.000	182
968.000	178
969.000	182
970.000	189
971.000	188
972.000	182
973.000	189
974.000	179
975.000	189
976.000	179
977.000	176
978.000	171
979.000	168
980.000	169
981.000	163
982.000	155
983.000	158
984.000	154
985.000	152
986.000	157
987.000	145
988.000	147
989.000	146
990.000	143
991.000	145
992.000	142
993.000	137
994.000	139
995.000	143
996.000	141
997.000	135
998.000	133
999.000	141
1000.000	138
1001.000	131
1002.000	138
1003.000	139
1004.000	134
1005.000	133
1006.000	137
1007.000	129
1008.000	126
1009.000	125
1010.000	132
1011.000	133
1012.000	134
1013.000	135
1014.000	132
1015.000	128
1016.000	135
1017.000	142
1018.000	138
1019.000	138
1020.000	139
1021.000	137
1022.000	130
1023.000	136
1024.000	139
1025.000	137
1026.000	134
1027.000	134
1028.000	140
1029.000	140
1030.000	135
1031.000	144
1032.000	141
1033.000	145
1034.000	143
1035.000	142
1036.000	137
1037.000	143
1038.000	137
1039.000	145
1040.000	150
1041.000	149
1042.000	143
1043.000	140
1044.000	145
1045.000	152
1046.000	148
1047.000	150
1048.000	149
1049.000	147
1050.000	149
1051.000	157
1052.000	153
1053.000	159
1054.000	150
1055.000	150
1056.000	161
1057.000	160
1058.000	152
1059.000	158
1060.000	159
1061.000	163
1062.000	159
1063.000	159
1064.000	154
1065.000	162
1066.000	162
1067.000	162
1068.000	158
1069.000	160
1070.000	154
1071.000	155
1072.000	165
1073.000	158
1074.000	161
1075.000	158
1076.000	157
1077.000	159
1078.000	157
1079.000	148
1080.000	153
1081.000	152
1082.000	162
1083.000	160
1084.000	158
1085.000	154
1086.000	163
1087.000	158
1088.000	158
1089.000	161
1090.000	169
1091.000	168
1092.000	163
1093.000	168
1094.000	170
1095.000	168
1096.000	172
1097.000	166
1098.000	176
1099.000	169
1100.000	167
1101.000	171
1102.000	171
1103.000	167
1104.000	170
1105.000	173
1106.000	168
1107.000	174
1108.000	175
1109.000	165
1110.000	164
1111.000	166
1112.000	156
1113.000	166
1114.000	159
1115.000	161
1116.000	149
1117.000	166
1118.000	159
1119.000	160
1120.000	161
1121.000	160
1122.000	155
1123.000	155
1124.000	158
1125.000	162
1126.000	158
1127.000	164
1128.000	164
1129.000	159
1130.000	163
1131.000	160
1132.000	160
1133.000	159
1134.000	163
1135.000	158
1136.000	164
1137.000	165
1138.000	168
1139.000	163
1140.000	171
1141.000	163
1142.000	179
1143.000	169
1144.000	169
1145.000	171
1146.000	158
1147.000	177
1148.000	171
1149.000	173
1150.000	171
1151.000	171
1152.000	173
1153.000	171
1154.000	168
1155.000	174
1156.000	177
1157.000	180
1158.000	184
1159.000	179
1160.000	185
1161.000	194
1162.000	185
1163.000	184
1164.000	177
1165.000	194
1166.000	176
1167.000	180
1168.000	172
1169.000	172
1170.000	175
1171.000	176
1172.000	173
1173.000	166
1174.000	158
1175.000	171
1176.000	163
1177.000	157
1178.000	162
1179.000	158
1180.000	161
1181.000	159
1182.000	162
1183.000	158
1184.000	162
1185.000	161
1186.000	155
1187.000	161
1188.000	156
1189.000	156
1190.000	161
1191.000	159
1192.000	160
1193.000	161
1194.000	159
1195.000	160
1196.000	158
1197.000	158
1198.000	159
1199.000	166
1200.000	157
1201.000	162
1202.000	166
1203.000	161
1204.000	167
1205.000	159
1206.000	162
1207.000	168
1208.000	168
1209.000	165
1210.000	155
1211.000	165
1212.000	165
1213.000	163
1214.000	166
1215.000	168
1216.000	164
1217.000	167
1218.000	175
1219.000	161
1220.000	169
1221.000	168
1222.000	160
1223.000	166
1224.000	164
1225.000	164
1226.000	169
1227.000	164
1228.000	163
1229.000	163
1230.000	165
1231.000	165
1232.000	166
1233.000	171
1234.000	173
1235.000	171
1236.000	173
1237.000	170
1238.000	173
1239.000	169
1240.000	168
1241.000	169
1242.000	166
1243.000	162
1244.000	169
1245.000	167
1246.000	165
1247.000	179
1248.000	171
1249.000	160
1250.000	167
1251.000	166
1252.000	171
1253.000	159
1254.000	168
1255.000	167
1256.000	170
1257.000	166
1258.000	169
1259.000	162
1260.000	168
1261.000	167
1262.000	167
1263.000	167
1264.000	164
1265.000	163
1266.000	165
1267.000	158
1268.000	169
1269.000	163
1270.000	168
1271.000	169
1272.000	164
1273.000	174
1274.000	169
1275.000	161
1276.000	163
1277.000	168
1278.000	162
1279.000	169
1280.000	172
1281.000	166
1282.000	162
1283.000	169
1284.000	165
1285.000	166
1286.000	176
1287.000	169
1288.000	165
1289.000	169
1290.000	168
1291.000	179
1292.000	175
1293.000	174
1294.000	170
1295.000	180
1296.000	180
1297.000	184
1298.000	179
1299.000	182
1300.000	186
1301.000	185
1302.000	185
1303.000	181
1304.000	181
1305.000	185
1306.000	176
1307.000	180
1308.000	174
1309.000	176
1310.000	186
1311.000	182
1312.000	179
1313.000	173
1314.000	173
1315.000	169
1316.000	175
1317.000	176
1318.000	171
1319.000	177
1320.000	165
1321.000	172
1322.000	178
1323.000	170
1324.000	172
1325.000	170
1326.000	168
1327.000	172
1328.000	173
1329.000	167
1330.000	172
1331.000	173
1332.000	164
1333.000	182
1334.000	178
1335.000	178
1336.000	170
1337.000	169
1338.000	174
1339.000	170
1340.000	177
1341.000	178
1342.000	169
1343.000	168
1344.000	179
1345.000	180
1346.000	175
1347.000	175
1348.000	184
1349.000	171
1350.000	179
1351.000	185
1352.000	182
1353.000	181
1354.000	189
1355.000	195
1356.000	200
1357.000	201
1358.000	223
1359.000	236
1360.000	239
1361.000	270
1362.000	294
1363.000	314
1364.000	355
1365.000	402
1366.000	421
1367.000	480
1368.000	521
1369.000	576
1370.000	626
1371.000	689
1372.000	748
1373.000	801
1374.000	850
1375.000	885
1376.000	952
1377.000	971
1378.000	1001
1379.000	1007
1380.000	1003
1381.000	1005
1382.000	988
1383.000	968
1384.000	926
1385.000	880
1386.000	812
1387.000	776
1388.000	704
1389.000	653
1390.000	584
1391.000	518
1392.000	468
1393.000	433
1394.000	390
1395.000	347
1396.000	315
1397.000	285
1398.000	258
1399.000	234
1400.000	227
1401.000	215
1402.000	205
1403.000	194
1404.000	183
1405.000	179
1406.000	177
1407.000	178
1408.000	163
1409.000	167
1410.000	179
1411.000	174
1412.000	166
1413.000	175
1414.000	171
1415.000	174
1416.000	160
1417.000	167
1418.000	162
1419.000	166
1420.000	169
1421.000	172
1422.000	164
1423.000	168
1424.000	173
1425.000	168
1426.000	165
1427.000	168
1428.000	169
1429.000	168
1430.000	163
1431.000	169
1432.000	176
1433.000	169
1434.000	169
1435.000	168
1436.000	174
1437.000	173
1438.000	174
1439.000	168
1440.000	175
1441.000	176
1442.000	178
1443.000	169
1444.000	164
1445.000	173
1446.000	178
1447.000	172
1448.000	172
1449.000	171
1450.000	179
1451.000	176
1452.000	175
1453.000	174
1454.000	178
1455.000	176
1456.000	177
1457.000	174
1458.000	184
1459.000	180
1460.000	174
1461.000	183
1462.000	188
1463.000	187
1464.000	186
1465.000	175
1466.000	181
1467.000	182
1468.000	181
1469.000	176
1470.000	173
1471.000	175
1472.000	173
1473.000	174
1474.000	176
1475.000	174
1476.000	181
1477.000	167
1478.000	172
1479.000	173
1480.000	169
1481.000	169
1482.000	177
1483.000	176
1484.000	176
1485.000	173
1486.000	176
1487.000	177
1488.000	174
1489.000	173
1490.000	172
1491.000	173
1492.000	185
1493.000	177
1494.000	171
1495.000	173
1496.000	180
1497.000	179
1498.000	177
1499.000	172
1500.000	181
1501.000	174
1502.000	175
1503.000	177
1504.000	175
1505.000	176
1506.000	169
1507.000	173
1508.000	185
1509.000	178
1510.000	180
1511.000	182
1512.000	182
1513.000	181
1514.000	188
1515.000	192
1516.000	182
1517.000	177
1518.000	182
1519.000	186
1520.000	193
1521.000	190
1522.000	200
1523.000	196
1524.000	208
1525.000	204
1526.000	210
1527.000	212
1528.000	230
1529.000	240
1530.000	233
1531.000	250
1532.000	253
1533.000	260
1534.000	279
1535.000	283
1536.000	290
1537.000	300
1538.000	310
1539.000	325
1540.000	328
1541.000	332
1542.000	337
1543.000	343
1544.000	351
1545.000	343
1546.000	348
1547.000	344
1548.000	330
1549.000	334
1550.000	324
1551.000	321
1552.000	312
1553.000	302
1554.000	294
1555.000	293
1556.000	276
1557.000	289
1558.000	269
1559.000	277
1560.000	266
1561.000	267
1562.000	272
1563.000	265
1564.000	279
1565.000	281
1566.000	272
1567.000	279
1568.000	287
1569.000	292
1570.000	290
1571.000	302
1572.000	298
1573.000	304
1574.000	319
1575.000	325
1576.000	323
1577.000	353
1578.000	349
1579.000	358
1580.000	370
1581.000	371
1582.000	385
1583.000	395
1584.000	395
1585.000	408
1586.000	433
1587.000	444
1588.000	438
1589.000	450
1590.000	460
1591.000	479
1592.000	495
1593.000	512
1594.000	517
1595.000	510
1596.000	541
1597.000	532
1598.000	553
1599.000	566
1600.000	558
1601.000	567
1602.000	587
1603.000	594
1604.000	585
1605.000	593
1606.000	592
1607.000	598
1608.000	596
1609.000	591
1610.000	585
1611.000	597
1612.000	588
1613.000	583
1614.000	575
1615.000	568
1616.000	570
1617.000	557
1618.000	542
1619.000	558
1620.000	535
1621.000	516
1622.000	502
1623.000	505
1624.000	482
1625.000	479
1626.000	477
1627.000	459
1628.000	449
1629.000	436
1630.000	420
1631.000	411
1632.000	397
1633.000	393
1634.000	385
1635.000	369
1636.000	353
1637.000	353
1638.000	343
1639.000	324
1640.000	307
1641.000	314
1642.000	305
1643.000	290
1644.000	282
1645.000	278
1646.000	268
1647.000	259
1648.000	250
1649.000	240
1650.000	244
1651.000	236
1652.000	229
1653.000	221
1654.000	220
1655.000	216
1656.000	201
1657.000	202
1658.000	211
1659.000	199
1660.000	202
1661.000	197
1662.000	191
1663.000	185
1664.000	190
1665.000	172
1666.000	177
1667.000	172
1668.000	178
1669.000	175
1670.000	180
1671.000	177
1672.000	170
1673.000	173
1674.000	176
1675.000	179
1676.000	184
1677.000	187
1678.000	193
1679.000	203
1680.000	201
1681.000	225
1682.000	228
1683.000	241
1684.000	261
1685.000	283
1686.000	285
1687.000	318
1688.000	331
1689.000	353
1690.000	374
1691.000	398
1692.000	423
1693.000	429
1694.000	458
1695.000	474
1696.000	492
1697.000	513
1698.000	530
1699.000	542
1700.000	537
1701.000	547
1702.000	537
1703.000	539
1704.000	541
1705.000	527
1706.000	518
1707.000	498
1708.000	471
1709.000	448
1710.000	426
1711.000	393
1712.000	375
1713.000	354
1714.000	341
1715.000	305
1716.000	276
1717.000	256
1718.000	246
1719.000	231
1720.000	209
1721.000	191
1722.000	184
1723.000	170
1724.000	171
1725.000	160
1726.000	156
1727.000	149
1728.000	148
1729.000	144
1730.000	140
1731.000	144
1732.000	149
1733.000	137
1734.000	144
1735.000	137
1736.000	143
1737.000	136
1738.000	138
1739.000	136
1740.000	135
1741.000	143
1742.000	141
1743.000	135
1744.000	137
1745.000	139
1746.000	135
1747.000	144
1748.000	145
1749.000	140
1750.000	147
1751.000	136
1752.000	137
1753.000	143
1754.000	148
1755.000	143
1756.000	142
1757.000	142
1758.000	154
1759.000	148
1760.000	155
1761.000	154
1762.000	149
1763.000	149
1764.000	156
1765.000	156
1766.000	160
1767.000	159
1768.000	166
1769.000	160
1770.000	166
1771.000	163
1772.000	161
1773.000	170
1774.000	175
1775.000	169
1776.000	162
1777.000	174
1778.000	181
1779.000	173
1780.000	179
1781.000	179
1782.000	183
1783.000	181
1784.000	181
1785.000	189
1786.000	188
1787.000	187
1788.000	184
1789.000	192
1790.000	193
1791.000	185
1792.000	191
1793.000	188
1794.000	184
1795.000	193
1796.000	187
1797.000	189
1798.000	188
1799.000	193
1800.000	180
1801.000	183
1802.000	188
1803.000	180
1804.000	173
1805.000	179
1806.000	184
1807.000	186
1808.000	181
1809.000	168
1810.000	172
1811.000	170
1812.000	170
1813.000	168
1814.000	168
1815.000	163
1816.000	161
1817.000	155
1818.000	155
1819.000	152
1820.000	158
1821.000	148
1822.000	147
1823.000	140
1824.000	136
1825.000	139
1826.000	137
1827.000	130
1828.000	140
1829.000	132
1830.000	132
1831.000	122
1832.000	123
1833.000	132
1834.000	119
1835.000	117
1836.000	117
1837.000	116
1838.000	116
1839.000	109
1840.000	110
1841.000	102
1842.000	109
1843.000	105
1844.000	104
1845.000	98
1846.000	95
1847.000	104
1848.000	97
1849.000	92
1850.000	95
1851.000	93
1852.000	93
1853.000	95
1854.000	94
1855.000	92
1856.000	89
1857.000	90
1858.000	88
1859.000	85
1860.000	89
1861.000	85
1862.000	85
1863.000	82
1864.000	76
1865.000	83
1866.000	83
1867.000	77
1868.000	79
1869.000	75
1870.000	76
1871.000	77
1872.000	74
1873.000	76
1874.000	72
1875.000	74
1876.000	73
1877.000	75
1878.000	74
1879.000	70
1880.000	75
1881.000	75
1882.000	79
1883.000	75
1884.000	71
1885.000	70
1886.000	75
1887.000	75
1888.000	72
1889.000	79
1890.000	70
1891.000	70
1892.000	79
1893.000	80
1894.000	83
1895.000	80
1896.000	81
1897.000	86
1898.000	89
1899.000	92
1900.000	97
1901.000	97
1902.000	94
1903.000	107
1904.000	110
1905.000	112
1906.000	113
1907.000	113
1908.000	122
1909.000	121
1910.000	122
1911.000	123
1912.000	121
1913.000	123
1914.000	114
1915.000	110
1916.000	115
1917.000	110
1918.000	106
1919.000	105
1920.000	102
1921.000	94
1922.000	91
1923.000	91
1924.000	85
1925.000	85
1926.000	81
1927.000	81
1928.000	74
1929.000	73
1930.000	68
1931.000	71
1932.000	67
1933.000	70
1934.000	67
1935.000	68
1936.000	63
1937.000	62
1938.000	70
1939.000	65
1940.000	65
1941.000	71
1942.000	64
1943.000	67
1944.000	68
1945.000	66
1946.000	65
1947.000	64
1948.000	62
1949.000	63
1950.000	64
1951.000	63
1952.000	65
1953.000	61
1954.000	57
1955.000	61
1956.000	57
1957.000	55
1958.000	60
1959.000	56
1960.000	54
1961.000	50
1962.000	54
1963.000	58
1964.000	49
1965.000	52
1966.000	54
1967.000	51
1968.000	49
1969.000	52
1970.000	53
1971.000	52
1972.000	46
1973.000	53
1974.000	47
1975.000	46
1976.000	50
1977.000	52
1978.000	52
1979.000	50
1980.000	51
1981.000	51
1982.000	49
1983.000	50
1984.000	51
1985.000	48
1986.000	52
1987.000	43
1988.000	49
1989.000	49
1990.000	50
1991.000	50
1992.000	48
1993.000	48
1994.000	50
1995.000	48
1996.000	50
1997.000	50
1998.000	48
1999.000	44
2000.000	48
2001.000	53
2002.000	46
2003.000	51
2004.000	46
2005.000	45
2006.000	47
2007.000	48
2008.000	50
2009.000	49
2010.000	48
2011.000	45
2012.000	44
2013.000	48
2014.000	47
2015.000	46
2016.000	48
2017.000	47
2018.000	48
2019.000	47
2020.000	48
2021.000	45
2022.000	45
2023.000	45
2024.000	51
2025.000	43
2026.000	48
2027.000	44
2028.000	49
2029.000	46
2030.000	48
2031.000	45
2032.000	48
2033.000	42
2034.000	47
2035.000	44
2036.000	41
2037.000	41
2038.000	47
2039.000	49
2040.000	43
2041.000	44
2042.000	47
2043.000	49
2044.000	46
2045.000	47
2046.000	49
2047.000	46
2048.000	0
