Date:	23-Sep-20		Time:	11:32 PM		Version no:	0.00		Project name:	55		Sample name:	222		Section name:	section		Position	0.000000	mm	E0	0.000000	keV	E1	1.000000	keV/channel	sample surface	2.000000	cm	Tube anode:	Mo		Tube voltage:	30	kV	Tube current:	30	mA	gain	15		std. database			resultfile	result		matrix element	11		sample thickness	1.000000		air passage	0.560000	cm	comments	not in position		peaking_time	0.300000	m-sec	trigger_threshold	40.000000	V	mca_bin_width	2.000000	no:	number_mca_channels	2048.000000	no:	gap_time	2048.000000	m-sec	trigger_peaking_time	2048.000000	m-sec	GAINDAC	400		HIGHGAIN	400		TAURC	400		RCTAU	400		RCTAUFRAC	400		livetime	13.334824	seconds	runtime	15.000351	seconds	input_count_rate	47769.585089	cps	output_count_rate	42465.604889	cps	triggers	704307	seconds	events_in_run	618783	seconds	channel	content		1.000	0
2.000	0
3.000	0
4.000	0
5.000	0
6.000	0
7.000	0
8.000	0
9.000	0
10.000	0
11.000	0
12.000	0
13.000	0
14.000	0
15.000	0
16.000	0
17.000	0
18.000	0
19.000	0
20.000	0
21.000	0
22.000	0
23.000	0
24.000	0
25.000	0
26.000	0
27.000	0
28.000	0
29.000	0
30.000	0
31.000	1
32.000	0
33.000	0
34.000	1
35.000	1
36.000	0
37.000	0
38.000	1
39.000	0
40.000	1
41.000	0
42.000	1
43.000	0
44.000	1
45.000	0
46.000	0
47.000	1
48.000	1
49.000	1
50.000	1
51.000	2
52.000	2
53.000	3
54.000	4
55.000	6
56.000	5
57.000	10
58.000	13
59.000	17
60.000	23
61.000	28
62.000	31
63.000	29
64.000	31
65.000	29
66.000	31
67.000	28
68.000	24
69.000	24
70.000	25
71.000	24
72.000	24
73.000	27
74.000	22
75.000	26
76.000	24
77.000	25
78.000	24
79.000	24
80.000	26
81.000	22
82.000	25
83.000	27
84.000	25
85.000	23
86.000	25
87.000	24
88.000	23
89.000	25
90.000	25
91.000	24
92.000	22
93.000	24
94.000	23
95.000	22
96.000	24
97.000	20
98.000	21
99.000	21
100.000	22
101.000	19
102.000	20
103.000	21
104.000	20
105.000	20
106.000	18
107.000	18
108.000	20
109.000	20
110.000	18
111.000	19
112.000	19
113.000	16
114.000	17
115.000	18
116.000	21
117.000	18
118.000	20
119.000	19
120.000	20
121.000	17
122.000	18
123.000	18
124.000	19
125.000	15
126.000	18
127.000	16
128.000	16
129.000	17
130.000	17
131.000	14
132.000	16
133.000	17
134.000	17
135.000	16
136.000	17
137.000	17
138.000	18
139.000	16
140.000	19
141.000	19
142.000	24
143.000	23
144.000	27
145.000	25
146.000	25
147.000	26
148.000	22
149.000	21
150.000	24
151.000	21
152.000	17
153.000	17
154.000	15
155.000	17
156.000	17
157.000	19
158.000	15
159.000	15
160.000	16
161.000	15
162.000	14
163.000	17
164.000	21
165.000	26
166.000	28
167.000	35
168.000	43
169.000	46
170.000	50
171.000	53
172.000	47
173.000	48
174.000	38
175.000	35
176.000	32
177.000	32
178.000	29
179.000	30
180.000	35
181.000	41
182.000	46
183.000	59
184.000	78
185.000	101
186.000	137
187.000	169
188.000	201
189.000	243
190.000	265
191.000	278
192.000	266
193.000	231
194.000	205
195.000	158
196.000	125
197.000	85
198.000	61
199.000	42
200.000	34
201.000	25
202.000	20
203.000	18
204.000	18
205.000	17
206.000	17
207.000	16
208.000	15
209.000	17
210.000	19
211.000	19
212.000	18
213.000	19
214.000	21
215.000	27
216.000	25
217.000	30
218.000	35
219.000	39
220.000	44
221.000	52
222.000	55
223.000	49
224.000	55
225.000	44
226.000	46
227.000	39
228.000	34
229.000	30
230.000	25
231.000	20
232.000	20
233.000	18
234.000	16
235.000	14
236.000	15
237.000	13
238.000	12
239.000	13
240.000	13
241.000	15
242.000	15
243.000	14
244.000	15
245.000	18
246.000	18
247.000	22
248.000	28
249.000	37
250.000	51
251.000	67
252.000	80
253.000	107
254.000	132
255.000	149
256.000	160
257.000	168
258.000	157
259.000	151
260.000	140
261.000	110
262.000	91
263.000	66
264.000	49
265.000	38
266.000	33
267.000	28
268.000	22
269.000	25
270.000	22
271.000	26
272.000	26
273.000	30
274.000	31
275.000	33
276.000	33
277.000	34
278.000	34
279.000	35
280.000	32
281.000	35
282.000	38
283.000	39
284.000	50
285.000	56
286.000	64
287.000	77
288.000	83
289.000	90
290.000	92
291.000	85
292.000	81
293.000	70
294.000	67
295.000	54
296.000	43
297.000	41
298.000	31
299.000	30
300.000	29
301.000	23
302.000	22
303.000	26
304.000	25
305.000	27
306.000	30
307.000	30
308.000	30
309.000	36
310.000	32
311.000	37
312.000	41
313.000	47
314.000	53
315.000	62
316.000	73
317.000	86
318.000	111
319.000	136
320.000	173
321.000	198
322.000	232
323.000	253
324.000	264
325.000	265
326.000	257
327.000	233
328.000	197
329.000	167
330.000	142
331.000	112
332.000	89
333.000	65
334.000	51
335.000	43
336.000	39
337.000	38
338.000	42
339.000	44
340.000	46
341.000	58
342.000	70
343.000	81
344.000	109
345.000	160
346.000	231
347.000	339
348.000	516
349.000	833
350.000	1321
351.000	2014
352.000	3083
353.000	4578
354.000	6431
355.000	8789
356.000	11554
357.000	14444
358.000	17189
359.000	19712
360.000	21496
361.000	22443
362.000	22290
363.000	21067
364.000	19063
365.000	16424
366.000	13511
367.000	10637
368.000	8070
369.000	5722
370.000	3942
371.000	2582
372.000	1645
373.000	1015
374.000	631
375.000	383
376.000	269
377.000	202
378.000	185
379.000	203
380.000	233
381.000	310
382.000	403
383.000	566
384.000	757
385.000	1004
386.000	1303
387.000	1682
388.000	2083
389.000	2484
390.000	2871
391.000	3117
392.000	3303
393.000	3343
394.000	3236
395.000	3053
396.000	2676
397.000	2291
398.000	1868
399.000	1462
400.000	1095
401.000	789
402.000	537
403.000	371
404.000	233
405.000	148
406.000	90
407.000	58
408.000	35
409.000	24
410.000	15
411.000	10
412.000	10
413.000	10
414.000	10
415.000	8
416.000	8
417.000	8
418.000	9
419.000	7
420.000	8
421.000	8
422.000	10
423.000	8
424.000	9
425.000	9
426.000	10
427.000	12
428.000	15
429.000	17
430.000	21
431.000	29
432.000	36
433.000	50
434.000	61
435.000	78
436.000	91
437.000	110
438.000	127
439.000	136
440.000	150
441.000	150
442.000	143
443.000	140
444.000	127
445.000	113
446.000	98
447.000	81
448.000	71
449.000	57
450.000	46
451.000	38
452.000	35
453.000	30
454.000	27
455.000	26
456.000	28
457.000	27
458.000	24
459.000	20
460.000	19
461.000	17
462.000	17
463.000	14
464.000	14
465.000	14
466.000	14
467.000	14
468.000	14
469.000	14
470.000	15
471.000	18
472.000	18
473.000	21
474.000	24
475.000	23
476.000	25
477.000	27
478.000	32
479.000	31
480.000	38
481.000	39
482.000	41
483.000	42
484.000	39
485.000	35
486.000	33
487.000	28
488.000	28
489.000	25
490.000	22
491.000	19
492.000	18
493.000	18
494.000	16
495.000	15
496.000	14
497.000	16
498.000	16
499.000	13
500.000	16
501.000	13
502.000	16
503.000	18
504.000	15
505.000	16
506.000	14
507.000	19
508.000	16
509.000	19
510.000	18
511.000	19
512.000	20
513.000	21
514.000	25
515.000	22
516.000	20
517.000	23
518.000	28
519.000	22
520.000	28
521.000	28
522.000	30
523.000	33
524.000	34
525.000	39
526.000	38
527.000	42
528.000	42
529.000	41
530.000	41
531.000	37
532.000	39
533.000	35
534.000	33
535.000	31
536.000	29
537.000	28
538.000	25
539.000	22
540.000	22
541.000	21
542.000	20
543.000	19
544.000	20
545.000	20
546.000	20
547.000	21
548.000	20
549.000	22
550.000	23
551.000	24
552.000	23
553.000	27
554.000	24
555.000	25
556.000	26
557.000	28
558.000	28
559.000	29
560.000	29
561.000	27
562.000	34
563.000	30
564.000	38
565.000	39
566.000	43
567.000	49
568.000	52
569.000	61
570.000	61
571.000	73
572.000	74
573.000	85
574.000	87
575.000	92
576.000	97
577.000	100
578.000	89
579.000	86
580.000	83
581.000	74
582.000	67
583.000	55
584.000	54
585.000	45
586.000	41
587.000	34
588.000	33
589.000	34
590.000	29
591.000	27
592.000	27
593.000	25
594.000	25
595.000	28
596.000	32
597.000	30
598.000	30
599.000	31
600.000	31
601.000	34
602.000	36
603.000	35
604.000	40
605.000	42
606.000	53
607.000	64
608.000	79
609.000	110
610.000	149
611.000	208
612.000	278
613.000	397
614.000	543
615.000	710
616.000	945
617.000	1216
618.000	1535
619.000	1877
620.000	2207
621.000	2551
622.000	2853
623.000	3115
624.000	3257
625.000	3379
626.000	3337
627.000	3209
628.000	3023
629.000	2748
630.000	2437
631.000	2089
632.000	1760
633.000	1422
634.000	1094
635.000	855
636.000	645
637.000	487
638.000	361
639.000	253
640.000	182
641.000	132
642.000	108
643.000	84
644.000	75
645.000	63
646.000	59
647.000	57
648.000	53
649.000	52
650.000	52
651.000	50
652.000	51
653.000	53
654.000	51
655.000	53
656.000	54
657.000	50
658.000	56
659.000	56
660.000	53
661.000	57
662.000	56
663.000	59
664.000	62
665.000	62
666.000	58
667.000	62
668.000	63
669.000	71
670.000	73
671.000	75
672.000	88
673.000	89
674.000	99
675.000	112
676.000	122
677.000	146
678.000	182
679.000	196
680.000	250
681.000	288
682.000	330
683.000	378
684.000	437
685.000	491
686.000	523
687.000	550
688.000	570
689.000	588
690.000	581
691.000	558
692.000	533
693.000	492
694.000	445
695.000	378
696.000	340
697.000	278
698.000	236
699.000	200
700.000	163
701.000	137
702.000	118
703.000	89
704.000	85
705.000	75
706.000	64
707.000	65
708.000	64
709.000	58
710.000	59
711.000	59
712.000	60
713.000	63
714.000	64
715.000	64
716.000	72
717.000	73
718.000	80
719.000	79
720.000	81
721.000	90
722.000	85
723.000	91
724.000	87
725.000	96
726.000	90
727.000	87
728.000	95
729.000	90
730.000	94
731.000	89
732.000	83
733.000	82
734.000	80
735.000	84
736.000	74
737.000	73
738.000	74
739.000	72
740.000	66
741.000	66
742.000	67
743.000	70
744.000	70
745.000	72
746.000	64
747.000	64
748.000	68
749.000	72
750.000	68
751.000	74
752.000	68
753.000	67
754.000	73
755.000	73
756.000	70
757.000	73
758.000	72
759.000	72
760.000	70
761.000	71
762.000	72
763.000	68
764.000	76
765.000	73
766.000	72
767.000	78
768.000	77
769.000	76
770.000	79
771.000	77
772.000	83
773.000	82
774.000	83
775.000	80
776.000	91
777.000	89
778.000	94
779.000	102
780.000	99
781.000	106
782.000	113
783.000	114
784.000	121
785.000	119
786.000	121
787.000	124
788.000	130
789.000	140
790.000	135
791.000	130
792.000	137
793.000	137
794.000	128
795.000	142
796.000	136
797.000	139
798.000	145
799.000	138
800.000	138
801.000	141
802.000	146
803.000	148
804.000	151
805.000	151
806.000	152
807.000	164
808.000	170
809.000	188
810.000	200
811.000	213
812.000	228
813.000	247
814.000	262
815.000	279
816.000	299
817.000	299
818.000	308
819.000	307
820.000	307
821.000	301
822.000	307
823.000	283
824.000	271
825.000	249
826.000	241
827.000	215
828.000	200
829.000	184
830.000	174
831.000	156
832.000	149
833.000	142
834.000	128
835.000	127
836.000	125
837.000	120
838.000	123
839.000	122
840.000	114
841.000	120
842.000	123
843.000	127
844.000	120
845.000	122
846.000	126
847.000	124
848.000	124
849.000	123
850.000	117
851.000	116
852.000	116
853.000	115
854.000	120
855.000	111
856.000	116
857.000	116
858.000	113
859.000	107
860.000	110
861.000	113
862.000	112
863.000	115
864.000	111
865.000	109
866.000	117
867.000	109
868.000	109
869.000	116
870.000	116
871.000	119
872.000	111
873.000	111
874.000	111
875.000	111
876.000	112
877.000	112
878.000	110
879.000	113
880.000	110
881.000	110
882.000	117
883.000	109
884.000	118
885.000	112
886.000	110
887.000	113
888.000	118
889.000	116
890.000	122
891.000	121
892.000	118
893.000	122
894.000	126
895.000	122
896.000	127
897.000	133
898.000	134
899.000	135
900.000	143
901.000	147
902.000	138
903.000	144
904.000	152
905.000	150
906.000	149
907.000	155
908.000	153
909.000	160
910.000	162
911.000	158
912.000	159
913.000	170
914.000	159
915.000	164
916.000	174
917.000	169
918.000	172
919.000	176
920.000	162
921.000	173
922.000	175
923.000	179
924.000	189
925.000	179
926.000	177
927.000	178
928.000	183
929.000	186
930.000	193
931.000	195
932.000	206
933.000	204
934.000	209
935.000	218
936.000	223
937.000	229
938.000	240
939.000	260
940.000	255
941.000	253
942.000	253
943.000	256
944.000	251
945.000	260
946.000	256
947.000	249
948.000	251
949.000	238
950.000	224
951.000	223
952.000	215
953.000	197
954.000	198
955.000	189
956.000	185
957.000	177
958.000	176
959.000	172
960.000	172
961.000	167
962.000	169
963.000	178
964.000	182
965.000	186
966.000	179
967.000	173
968.000	174
969.000	188
970.000	186
971.000	178
972.000	184
973.000	182
974.000	187
975.000	177
976.000	175
977.000	169
978.000	164
979.000	173
980.000	165
981.000	160
982.000	155
983.000	149
984.000	146
985.000	154
986.000	148
987.000	139
988.000	143
989.000	150
990.000	134
991.000	140
992.000	141
993.000	140
994.000	141
995.000	142
996.000	140
997.000	129
998.000	133
999.000	138
1000.000	125
1001.000	130
1002.000	131
1003.000	127
1004.000	133
1005.000	129
1006.000	130
1007.000	126
1008.000	138
1009.000	136
1010.000	130
1011.000	134
1012.000	131
1013.000	136
1014.000	137
1015.000	138
1016.000	133
1017.000	131
1018.000	132
1019.000	136
1020.000	137
1021.000	138
1022.000	132
1023.000	143
1024.000	136
1025.000	136
1026.000	136
1027.000	132
1028.000	148
1029.000	140
1030.000	143
1031.000	142
1032.000	146
1033.000	141
1034.000	141
1035.000	142
1036.000	141
1037.000	138
1038.000	141
1039.000	143
1040.000	146
1041.000	144
1042.000	144
1043.000	145
1044.000	143
1045.000	147
1046.000	148
1047.000	151
1048.000	146
1049.000	151
1050.000	151
1051.000	154
1052.000	149
1053.000	153
1054.000	154
1055.000	158
1056.000	153
1057.000	159
1058.000	154
1059.000	155
1060.000	149
1061.000	157
1062.000	163
1063.000	157
1064.000	164
1065.000	158
1066.000	153
1067.000	158
1068.000	159
1069.000	166
1070.000	155
1071.000	157
1072.000	159
1073.000	155
1074.000	158
1075.000	154
1076.000	159
1077.000	158
1078.000	162
1079.000	155
1080.000	152
1081.000	154
1082.000	160
1083.000	160
1084.000	153
1085.000	153
1086.000	155
1087.000	159
1088.000	158
1089.000	152
1090.000	157
1091.000	165
1092.000	165
1093.000	164
1094.000	163
1095.000	169
1096.000	166
1097.000	169
1098.000	167
1099.000	167
1100.000	163
1101.000	175
1102.000	166
1103.000	172
1104.000	165
1105.000	170
1106.000	159
1107.000	165
1108.000	163
1109.000	164
1110.000	162
1111.000	165
1112.000	153
1113.000	156
1114.000	160
1115.000	159
1116.000	159
1117.000	162
1118.000	153
1119.000	164
1120.000	165
1121.000	161
1122.000	162
1123.000	157
1124.000	159
1125.000	155
1126.000	163
1127.000	162
1128.000	161
1129.000	160
1130.000	161
1131.000	160
1132.000	165
1133.000	160
1134.000	162
1135.000	167
1136.000	161
1137.000	165
1138.000	164
1139.000	160
1140.000	155
1141.000	163
1142.000	155
1143.000	163
1144.000	168
1145.000	158
1146.000	169
1147.000	162
1148.000	168
1149.000	164
1150.000	169
1151.000	177
1152.000	166
1153.000	166
1154.000	165
1155.000	174
1156.000	180
1157.000	182
1158.000	183
1159.000	181
1160.000	179
1161.000	182
1162.000	184
1163.000	182
1164.000	181
1165.000	182
1166.000	182
1167.000	169
1168.000	175
1169.000	171
1170.000	168
1171.000	164
1172.000	161
1173.000	157
1174.000	164
1175.000	167
1176.000	161
1177.000	161
1178.000	155
1179.000	160
1180.000	162
1181.000	145
1182.000	162
1183.000	152
1184.000	153
1185.000	157
1186.000	153
1187.000	150
1188.000	160
1189.000	155
1190.000	153
1191.000	155
1192.000	157
1193.000	158
1194.000	156
1195.000	159
1196.000	159
1197.000	162
1198.000	167
1199.000	164
1200.000	157
1201.000	159
1202.000	165
1203.000	163
1204.000	161
1205.000	161
1206.000	164
1207.000	159
1208.000	157
1209.000	160
1210.000	165
1211.000	159
1212.000	165
1213.000	160
1214.000	165
1215.000	165
1216.000	168
1217.000	161
1218.000	164
1219.000	166
1220.000	166
1221.000	167
1222.000	171
1223.000	166
1224.000	164
1225.000	167
1226.000	159
1227.000	171
1228.000	167
1229.000	172
1230.000	167
1231.000	165
1232.000	169
1233.000	175
1234.000	164
1235.000	168
1236.000	171
1237.000	162
1238.000	166
1239.000	169
1240.000	166
1241.000	167
1242.000	173
1243.000	169
1244.000	163
1245.000	166
1246.000	160
1247.000	167
1248.000	168
1249.000	166
1250.000	165
1251.000	165
1252.000	170
1253.000	161
1254.000	170
1255.000	166
1256.000	155
1257.000	165
1258.000	167
1259.000	163
1260.000	168
1261.000	167
1262.000	174
1263.000	171
1264.000	163
1265.000	170
1266.000	161
1267.000	163
1268.000	162
1269.000	166
1270.000	164
1271.000	163
1272.000	163
1273.000	168
1274.000	166
1275.000	160
1276.000	164
1277.000	153
1278.000	158
1279.000	154
1280.000	168
1281.000	172
1282.000	168
1283.000	161
1284.000	163
1285.000	170
1286.000	168
1287.000	167
1288.000	165
1289.000	163
1290.000	167
1291.000	176
1292.000	165
1293.000	178
1294.000	175
1295.000	169
1296.000	180
1297.000	176
1298.000	182
1299.000	184
1300.000	180
1301.000	178
1302.000	173
1303.000	184
1304.000	186
1305.000	185
1306.000	186
1307.000	172
1308.000	176
1309.000	181
1310.000	187
1311.000	180
1312.000	174
1313.000	176
1314.000	186
1315.000	173
1316.000	169
1317.000	171
1318.000	176
1319.000	171
1320.000	173
1321.000	177
1322.000	171
1323.000	166
1324.000	168
1325.000	170
1326.000	173
1327.000	179
1328.000	174
1329.000	179
1330.000	166
1331.000	172
1332.000	171
1333.000	172
1334.000	175
1335.000	173
1336.000	169
1337.000	173
1338.000	173
1339.000	164
1340.000	173
1341.000	174
1342.000	164
1343.000	167
1344.000	173
1345.000	182
1346.000	171
1347.000	183
1348.000	178
1349.000	168
1350.000	177
1351.000	177
1352.000	186
1353.000	183
1354.000	190
1355.000	186
1356.000	200
1357.000	213
1358.000	221
1359.000	228
1360.000	246
1361.000	265
1362.000	285
1363.000	326
1364.000	349
1365.000	390
1366.000	437
1367.000	469
1368.000	535
1369.000	574
1370.000	639
1371.000	688
1372.000	737
1373.000	814
1374.000	847
1375.000	892
1376.000	951
1377.000	964
1378.000	985
1379.000	993
1380.000	1027
1381.000	1008
1382.000	980
1383.000	949
1384.000	912
1385.000	874
1386.000	823
1387.000	772
1388.000	693
1389.000	661
1390.000	590
1391.000	524
1392.000	485
1393.000	418
1394.000	391
1395.000	345
1396.000	310
1397.000	285
1398.000	256
1399.000	242
1400.000	221
1401.000	213
1402.000	207
1403.000	186
1404.000	182
1405.000	172
1406.000	176
1407.000	171
1408.000	177
1409.000	171
1410.000	169
1411.000	165
1412.000	165
1413.000	172
1414.000	168
1415.000	164
1416.000	169
1417.000	164
1418.000	172
1419.000	165
1420.000	164
1421.000	165
1422.000	168
1423.000	172
1424.000	169
1425.000	164
1426.000	167
1427.000	169
1428.000	167
1429.000	173
1430.000	163
1431.000	163
1432.000	174
1433.000	170
1434.000	167
1435.000	171
1436.000	175
1437.000	177
1438.000	178
1439.000	171
1440.000	172
1441.000	169
1442.000	174
1443.000	175
1444.000	178
1445.000	173
1446.000	178
1447.000	175
1448.000	181
1449.000	171
1450.000	173
1451.000	175
1452.000	177
1453.000	179
1454.000	181
1455.000	176
1456.000	178
1457.000	179
1458.000	181
1459.000	177
1460.000	181
1461.000	175
1462.000	180
1463.000	177
1464.000	182
1465.000	178
1466.000	179
1467.000	174
1468.000	171
1469.000	179
1470.000	176
1471.000	175
1472.000	174
1473.000	177
1474.000	176
1475.000	166
1476.000	173
1477.000	174
1478.000	172
1479.000	172
1480.000	177
1481.000	178
1482.000	170
1483.000	169
1484.000	171
1485.000	163
1486.000	170
1487.000	175
1488.000	176
1489.000	173
1490.000	166
1491.000	182
1492.000	172
1493.000	167
1494.000	179
1495.000	173
1496.000	173
1497.000	176
1498.000	181
1499.000	172
1500.000	175
1501.000	175
1502.000	173
1503.000	178
1504.000	183
1505.000	183
1506.000	184
1507.000	179
1508.000	179
1509.000	173
1510.000	179
1511.000	181
1512.000	182
1513.000	184
1514.000	177
1515.000	192
1516.000	190
1517.000	187
1518.000	188
1519.000	188
1520.000	194
1521.000	194
1522.000	192
1523.000	186
1524.000	197
1525.000	203
1526.000	205
1527.000	208
1528.000	221
1529.000	233
1530.000	227
1531.000	254
1532.000	258
1533.000	269
1534.000	270
1535.000	285
1536.000	295
1537.000	294
1538.000	305
1539.000	322
1540.000	332
1541.000	345
1542.000	342
1543.000	346
1544.000	351
1545.000	350
1546.000	349
1547.000	341
1548.000	342
1549.000	335
1550.000	319
1551.000	315
1552.000	308
1553.000	304
1554.000	299
1555.000	287
1556.000	285
1557.000	279
1558.000	274
1559.000	275
1560.000	267
1561.000	265
1562.000	269
1563.000	266
1564.000	266
1565.000	267
1566.000	278
1567.000	285
1568.000	293
1569.000	290
1570.000	302
1571.000	303
1572.000	313
1573.000	308
1574.000	314
1575.000	320
1576.000	334
1577.000	339
1578.000	348
1579.000	361
1580.000	360
1581.000	378
1582.000	378
1583.000	392
1584.000	400
1585.000	415
1586.000	439
1587.000	436
1588.000	458
1589.000	451
1590.000	467
1591.000	478
1592.000	496
1593.000	499
1594.000	514
1595.000	508
1596.000	525
1597.000	538
1598.000	548
1599.000	563
1600.000	568
1601.000	569
1602.000	577
1603.000	570
1604.000	585
1605.000	580
1606.000	592
1607.000	594
1608.000	599
1609.000	595
1610.000	597
1611.000	597
1612.000	582
1613.000	578
1614.000	581
1615.000	559
1616.000	561
1617.000	556
1618.000	535
1619.000	537
1620.000	512
1621.000	519
1622.000	511
1623.000	497
1624.000	489
1625.000	478
1626.000	473
1627.000	461
1628.000	440
1629.000	434
1630.000	408
1631.000	414
1632.000	402
1633.000	385
1634.000	363
1635.000	350
1636.000	363
1637.000	340
1638.000	336
1639.000	327
1640.000	320
1641.000	315
1642.000	299
1643.000	297
1644.000	285
1645.000	277
1646.000	267
1647.000	263
1648.000	252
1649.000	241
1650.000	239
1651.000	238
1652.000	234
1653.000	221
1654.000	222
1655.000	217
1656.000	211
1657.000	211
1658.000	201
1659.000	205
1660.000	198
1661.000	198
1662.000	195
1663.000	189
1664.000	191
1665.000	188
1666.000	183
1667.000	175
1668.000	176
1669.000	185
1670.000	168
1671.000	174
1672.000	175
1673.000	177
1674.000	184
1675.000	183
1676.000	191
1677.000	192
1678.000	191
1679.000	196
1680.000	208
1681.000	225
1682.000	245
1683.000	249
1684.000	252
1685.000	270
1686.000	285
1687.000	314
1688.000	332
1689.000	356
1690.000	375
1691.000	384
1692.000	419
1693.000	447
1694.000	458
1695.000	482
1696.000	488
1697.000	494
1698.000	531
1699.000	534
1700.000	537
1701.000	540
1702.000	556
1703.000	530
1704.000	539
1705.000	521
1706.000	521
1707.000	483
1708.000	474
1709.000	442
1710.000	431
1711.000	395
1712.000	378
1713.000	346
1714.000	323
1715.000	303
1716.000	281
1717.000	269
1718.000	235
1719.000	225
1720.000	207
1721.000	197
1722.000	186
1723.000	175
1724.000	168
1725.000	162
1726.000	147
1727.000	149
1728.000	149
1729.000	140
1730.000	144
1731.000	142
1732.000	138
1733.000	140
1734.000	136
1735.000	142
1736.000	134
1737.000	137
1738.000	138
1739.000	145
1740.000	139
1741.000	138
1742.000	136
1743.000	133
1744.000	138
1745.000	143
1746.000	140
1747.000	141
1748.000	142
1749.000	135
1750.000	140
1751.000	142
1752.000	149
1753.000	142
1754.000	148
1755.000	139
1756.000	139
1757.000	145
1758.000	149
1759.000	153
1760.000	149
1761.000	145
1762.000	149
1763.000	158
1764.000	150
1765.000	152
1766.000	152
1767.000	165
1768.000	163
1769.000	157
1770.000	171
1771.000	158
1772.000	167
1773.000	172
1774.000	172
1775.000	171
1776.000	172
1777.000	171
1778.000	172
1779.000	178
1780.000	175
1781.000	182
1782.000	184
1783.000	181
1784.000	183
1785.000	187
1786.000	192
1787.000	192
1788.000	191
1789.000	185
1790.000	189
1791.000	180
1792.000	185
1793.000	190
1794.000	185
1795.000	187
1796.000	183
1797.000	185
1798.000	187
1799.000	180
1800.000	187
1801.000	187
1802.000	180
1803.000	181
1804.000	184
1805.000	179
1806.000	175
1807.000	177
1808.000	182
1809.000	171
1810.000	166
1811.000	168
1812.000	171
1813.000	163
1814.000	163
1815.000	157
1816.000	164
1817.000	152
1818.000	157
1819.000	160
1820.000	150
1821.000	145
1822.000	146
1823.000	144
1824.000	141
1825.000	136
1826.000	139
1827.000	132
1828.000	135
1829.000	132
1830.000	131
1831.000	129
1832.000	124
1833.000	119
1834.000	116
1835.000	121
1836.000	117
1837.000	110
1838.000	111
1839.000	113
1840.000	111
1841.000	112
1842.000	108
1843.000	106
1844.000	103
1845.000	99
1846.000	99
1847.000	94
1848.000	102
1849.000	94
1850.000	94
1851.000	97
1852.000	91
1853.000	94
1854.000	91
1855.000	90
1856.000	93
1857.000	92
1858.000	86
1859.000	86
1860.000	86
1861.000	89
1862.000	83
1863.000	85
1864.000	81
1865.000	84
1866.000	80
1867.000	78
1868.000	74
1869.000	80
1870.000	80
1871.000	74
1872.000	76
1873.000	73
1874.000	77
1875.000	79
1876.000	78
1877.000	82
1878.000	78
1879.000	73
1880.000	77
1881.000	73
1882.000	69
1883.000	75
1884.000	70
1885.000	76
1886.000	75
1887.000	68
1888.000	72
1889.000	72
1890.000	78
1891.000	74
1892.000	77
1893.000	84
1894.000	74
1895.000	80
1896.000	86
1897.000	87
1898.000	88
1899.000	90
1900.000	93
1901.000	99
1902.000	107
1903.000	110
1904.000	107
1905.000	111
1906.000	106
1907.000	114
1908.000	121
1909.000	121
1910.000	122
1911.000	114
1912.000	117
1913.000	119
1914.000	116
1915.000	113
1916.000	113
1917.000	107
1918.000	114
1919.000	109
1920.000	101
1921.000	95
1922.000	93
1923.000	89
1924.000	86
1925.000	86
1926.000	82
1927.000	80
1928.000	76
1929.000	72
1930.000	68
1931.000	65
1932.000	69
1933.000	66
1934.000	69
1935.000	64
1936.000	63
1937.000	63
1938.000	65
1939.000	70
1940.000	66
1941.000	64
1942.000	66
1943.000	65
1944.000	65
1945.000	66
1946.000	62
1947.000	66
1948.000	64
1949.000	66
1950.000	64
1951.000	66
1952.000	62
1953.000	58
1954.000	62
1955.000	59
1956.000	56
1957.000	57
1958.000	58
1959.000	53
1960.000	56
1961.000	55
1962.000	54
1963.000	50
1964.000	55
1965.000	51
1966.000	51
1967.000	52
1968.000	55
1969.000	55
1970.000	51
1971.000	54
1972.000	51
1973.000	51
1974.000	48
1975.000	52
1976.000	48
1977.000	54
1978.000	51
1979.000	50
1980.000	52
1981.000	48
1982.000	48
1983.000	49
1984.000	51
1985.000	49
1986.000	51
1987.000	53
1988.000	48
1989.000	48
1990.000	52
1991.000	51
1992.000	46
1993.000	54
1994.000	49
1995.000	50
1996.000	49
1997.000	48
1998.000	43
1999.000	48
2000.000	51
2001.000	49
2002.000	48
2003.000	48
2004.000	47
2005.000	48
2006.000	50
2007.000	51
2008.000	46
2009.000	51
2010.000	52
2011.000	49
2012.000	50
2013.000	47
2014.000	45
2015.000	48
2016.000	47
2017.000	48
2018.000	48
2019.000	46
2020.000	47
2021.000	45
2022.000	43
2023.000	48
2024.000	46
2025.000	50
2026.000	45
2027.000	45
2028.000	50
2029.000	48
2030.000	43
2031.000	49
2032.000	49
2033.000	45
2034.000	45
2035.000	45
2036.000	44
2037.000	44
2038.000	46
2039.000	46
2040.000	47
2041.000	42
2042.000	49
2043.000	47
2044.000	44
2045.000	45
2046.000	41
2047.000	46
2048.000	0
