Date:	23-Sep-20		Time:	11:32 PM		Version no:	0.00		Project name:	55		Sample name:	222		Section name:	section		Position	0.000000	mm	E0	0.000000	keV	E1	1.000000	keV/channel	sample surface	2.000000	cm	Tube anode:	Mo		Tube voltage:	30	kV	Tube current:	30	mA	gain	15		std. database			resultfile	result		matrix element	11		sample thickness	1.000000		air passage	0.560000	cm	comments	not in position		peaking_time	0.300000	m-sec	trigger_threshold	40.000000	V	mca_bin_width	2.000000	no:	number_mca_channels	2048.000000	no:	gap_time	2048.000000	m-sec	trigger_peaking_time	2048.000000	m-sec	GAINDAC	400		HIGHGAIN	400		TAURC	400		RCTAU	400		RCTAUFRAC	400		livetime	13.334824	seconds	runtime	15.000351	seconds	input_count_rate	47769.585089	cps	output_count_rate	42465.604889	cps	triggers	704307	seconds	events_in_run	618783	seconds	channel	content		1.000	0
2.000	0
3.000	0
4.000	0
5.000	0
6.000	0
7.000	0
8.000	0
9.000	0
10.000	0
11.000	0
12.000	0
13.000	0
14.000	0
15.000	0
16.000	0
17.000	0
18.000	0
19.000	0
20.000	0
21.000	0
22.000	0
23.000	0
24.000	0
25.000	0
26.000	0
27.000	0
28.000	0
29.000	0
30.000	0
31.000	1
32.000	0
33.000	0
34.000	1
35.000	0
36.000	0
37.000	0
38.000	1
39.000	0
40.000	0
41.000	1
42.000	0
43.000	0
44.000	0
45.000	1
46.000	0
47.000	0
48.000	0
49.000	1
50.000	1
51.000	1
52.000	2
53.000	2
54.000	4
55.000	4
56.000	6
57.000	8
58.000	14
59.000	18
60.000	24
61.000	24
62.000	29
63.000	27
64.000	32
65.000	30
66.000	26
67.000	25
68.000	26
69.000	28
70.000	27
71.000	26
72.000	26
73.000	24
74.000	28
75.000	26
76.000	24
77.000	25
78.000	24
79.000	22
80.000	25
81.000	23
82.000	24
83.000	28
84.000	26
85.000	24
86.000	24
87.000	24
88.000	26
89.000	24
90.000	23
91.000	24
92.000	21
93.000	26
94.000	24
95.000	22
96.000	20
97.000	23
98.000	20
99.000	21
100.000	20
101.000	21
102.000	21
103.000	22
104.000	22
105.000	23
106.000	18
107.000	19
108.000	21
109.000	18
110.000	15
111.000	18
112.000	19
113.000	21
114.000	19
115.000	17
116.000	18
117.000	19
118.000	20
119.000	18
120.000	18
121.000	19
122.000	17
123.000	17
124.000	18
125.000	16
126.000	14
127.000	18
128.000	16
129.000	16
130.000	16
131.000	16
132.000	15
133.000	14
134.000	17
135.000	13
136.000	15
137.000	16
138.000	15
139.000	17
140.000	21
141.000	22
142.000	21
143.000	25
144.000	25
145.000	27
146.000	24
147.000	27
148.000	24
149.000	22
150.000	23
151.000	21
152.000	19
153.000	18
154.000	18
155.000	20
156.000	18
157.000	17
158.000	15
159.000	14
160.000	15
161.000	14
162.000	15
163.000	19
164.000	22
165.000	26
166.000	31
167.000	39
168.000	47
169.000	54
170.000	57
171.000	60
172.000	59
173.000	48
174.000	45
175.000	41
176.000	37
177.000	31
178.000	29
179.000	29
180.000	34
181.000	40
182.000	46
183.000	60
184.000	75
185.000	98
186.000	133
187.000	174
188.000	204
189.000	252
190.000	264
191.000	285
192.000	271
193.000	244
194.000	212
195.000	168
196.000	129
197.000	90
198.000	62
199.000	45
200.000	31
201.000	26
202.000	19
203.000	18
204.000	18
205.000	16
206.000	17
207.000	17
208.000	15
209.000	17
210.000	18
211.000	20
212.000	21
213.000	19
214.000	19
215.000	22
216.000	26
217.000	28
218.000	31
219.000	38
220.000	46
221.000	51
222.000	52
223.000	53
224.000	53
225.000	46
226.000	46
227.000	39
228.000	33
229.000	32
230.000	22
231.000	19
232.000	17
233.000	16
234.000	16
235.000	14
236.000	15
237.000	13
238.000	14
239.000	16
240.000	14
241.000	15
242.000	14
243.000	17
244.000	13
245.000	18
246.000	21
247.000	24
248.000	30
249.000	40
250.000	51
251.000	71
252.000	91
253.000	110
254.000	135
255.000	161
256.000	179
257.000	177
258.000	179
259.000	162
260.000	139
261.000	113
262.000	91
263.000	70
264.000	51
265.000	41
266.000	31
267.000	28
268.000	24
269.000	25
270.000	25
271.000	26
272.000	30
273.000	30
274.000	32
275.000	33
276.000	35
277.000	34
278.000	37
279.000	32
280.000	36
281.000	33
282.000	36
283.000	40
284.000	43
285.000	56
286.000	59
287.000	71
288.000	75
289.000	84
290.000	84
291.000	76
292.000	77
293.000	68
294.000	62
295.000	46
296.000	43
297.000	38
298.000	30
299.000	28
300.000	29
301.000	24
302.000	23
303.000	25
304.000	25
305.000	29
306.000	27
307.000	30
308.000	31
309.000	32
310.000	36
311.000	39
312.000	38
313.000	45
314.000	50
315.000	63
316.000	77
317.000	83
318.000	116
319.000	150
320.000	167
321.000	206
322.000	235
323.000	259
324.000	267
325.000	273
326.000	256
327.000	234
328.000	207
329.000	182
330.000	139
331.000	112
332.000	80
333.000	66
334.000	55
335.000	39
336.000	38
337.000	37
338.000	41
339.000	42
340.000	50
341.000	61
342.000	69
343.000	90
344.000	117
345.000	161
346.000	229
347.000	338
348.000	535
349.000	855
350.000	1327
351.000	2079
352.000	3186
353.000	4687
354.000	6659
355.000	9004
356.000	11899
357.000	14833
358.000	17814
359.000	20235
360.000	22081
361.000	23078
362.000	22901
363.000	21625
364.000	19573
365.000	16919
366.000	13853
367.000	10925
368.000	8178
369.000	5855
370.000	4040
371.000	2685
372.000	1691
373.000	1032
374.000	640
375.000	403
376.000	261
377.000	201
378.000	186
379.000	201
380.000	245
381.000	308
382.000	428
383.000	557
384.000	762
385.000	1033
386.000	1373
387.000	1719
388.000	2161
389.000	2554
390.000	2913
391.000	3188
392.000	3383
393.000	3441
394.000	3328
395.000	3108
396.000	2732
397.000	2311
398.000	1918
399.000	1501
400.000	1113
401.000	798
402.000	545
403.000	363
404.000	241
405.000	150
406.000	86
407.000	56
408.000	33
409.000	21
410.000	16
411.000	12
412.000	9
413.000	9
414.000	9
415.000	8
416.000	8
417.000	9
418.000	7
419.000	9
420.000	9
421.000	8
422.000	7
423.000	11
424.000	10
425.000	9
426.000	10
427.000	12
428.000	14
429.000	17
430.000	24
431.000	30
432.000	39
433.000	51
434.000	66
435.000	82
436.000	100
437.000	120
438.000	137
439.000	138
440.000	150
441.000	157
442.000	154
443.000	146
444.000	134
445.000	112
446.000	100
447.000	83
448.000	73
449.000	56
450.000	49
451.000	37
452.000	34
453.000	30
454.000	29
455.000	27
456.000	26
457.000	24
458.000	23
459.000	20
460.000	19
461.000	19
462.000	18
463.000	17
464.000	15
465.000	15
466.000	14
467.000	15
468.000	16
469.000	17
470.000	17
471.000	19
472.000	20
473.000	21
474.000	24
475.000	25
476.000	29
477.000	32
478.000	31
479.000	34
480.000	36
481.000	36
482.000	40
483.000	38
484.000	38
485.000	38
486.000	35
487.000	32
488.000	27
489.000	27
490.000	23
491.000	24
492.000	19
493.000	18
494.000	17
495.000	16
496.000	15
497.000	15
498.000	15
499.000	14
500.000	15
501.000	15
502.000	18
503.000	16
504.000	18
505.000	17
506.000	18
507.000	16
508.000	19
509.000	19
510.000	17
511.000	17
512.000	22
513.000	18
514.000	21
515.000	19
516.000	20
517.000	23
518.000	26
519.000	27
520.000	28
521.000	27
522.000	34
523.000	36
524.000	35
525.000	38
526.000	38
527.000	43
528.000	39
529.000	43
530.000	41
531.000	38
532.000	37
533.000	36
534.000	32
535.000	31
536.000	27
537.000	30
538.000	24
539.000	20
540.000	22
541.000	21
542.000	22
543.000	20
544.000	21
545.000	22
546.000	20
547.000	22
548.000	21
549.000	22
550.000	23
551.000	23
552.000	25
553.000	25
554.000	24
555.000	26
556.000	25
557.000	29
558.000	29
559.000	31
560.000	31
561.000	35
562.000	34
563.000	39
564.000	37
565.000	39
566.000	45
567.000	47
568.000	51
569.000	61
570.000	65
571.000	70
572.000	78
573.000	82
574.000	88
575.000	86
576.000	88
577.000	91
578.000	88
579.000	81
580.000	75
581.000	74
582.000	62
583.000	56
584.000	53
585.000	48
586.000	41
587.000	38
588.000	34
589.000	29
590.000	30
591.000	28
592.000	27
593.000	27
594.000	27
595.000	27
596.000	29
597.000	28
598.000	30
599.000	30
600.000	30
601.000	36
602.000	32
603.000	35
604.000	41
605.000	44
606.000	51
607.000	63
608.000	81
609.000	108
610.000	141
611.000	202
612.000	268
613.000	379
614.000	532
615.000	719
616.000	921
617.000	1197
618.000	1505
619.000	1847
620.000	2183
621.000	2458
622.000	2781
623.000	3012
624.000	3194
625.000	3237
626.000	3238
627.000	3131
628.000	2909
629.000	2669
630.000	2358
631.000	2037
632.000	1699
633.000	1371
634.000	1085
635.000	841
636.000	628
637.000	466
638.000	358
639.000	254
640.000	184
641.000	137
642.000	110
643.000	87
644.000	75
645.000	64
646.000	59
647.000	54
648.000	55
649.000	54
650.000	53
651.000	52
652.000	56
653.000	52
654.000	53
655.000	51
656.000	51
657.000	52
658.000	54
659.000	54
660.000	56
661.000	55
662.000	58
663.000	61
664.000	60
665.000	63
666.000	61
667.000	64
668.000	66
669.000	72
670.000	71
671.000	78
672.000	87
673.000	91
674.000	95
675.000	108
676.000	125
677.000	148
678.000	172
679.000	198
680.000	238
681.000	266
682.000	334
683.000	373
684.000	410
685.000	476
686.000	511
687.000	542
688.000	565
689.000	569
690.000	560
691.000	539
692.000	517
693.000	476
694.000	431
695.000	374
696.000	333
697.000	283
698.000	238
699.000	192
700.000	164
701.000	138
702.000	113
703.000	93
704.000	89
705.000	78
706.000	67
707.000	66
708.000	63
709.000	62
710.000	62
711.000	62
712.000	65
713.000	66
714.000	67
715.000	69
716.000	76
717.000	79
718.000	85
719.000	85
720.000	87
721.000	89
722.000	95
723.000	94
724.000	89
725.000	95
726.000	94
727.000	94
728.000	86
729.000	97
730.000	87
731.000	90
732.000	85
733.000	84
734.000	82
735.000	79
736.000	74
737.000	78
738.000	73
739.000	72
740.000	71
741.000	72
742.000	71
743.000	69
744.000	69
745.000	71
746.000	68
747.000	73
748.000	69
749.000	71
750.000	68
751.000	72
752.000	74
753.000	76
754.000	73
755.000	73
756.000	68
757.000	73
758.000	72
759.000	69
760.000	76
761.000	72
762.000	71
763.000	69
764.000	73
765.000	71
766.000	71
767.000	72
768.000	76
769.000	79
770.000	83
771.000	85
772.000	74
773.000	84
774.000	87
775.000	92
776.000	90
777.000	94
778.000	101
779.000	104
780.000	101
781.000	109
782.000	111
783.000	114
784.000	115
785.000	123
786.000	122
787.000	124
788.000	126
789.000	136
790.000	131
791.000	132
792.000	141
793.000	139
794.000	142
795.000	141
796.000	136
797.000	142
798.000	142
799.000	140
800.000	146
801.000	145
802.000	145
803.000	152
804.000	151
805.000	150
806.000	165
807.000	168
808.000	179
809.000	188
810.000	201
811.000	222
812.000	232
813.000	248
814.000	267
815.000	273
816.000	297
817.000	297
818.000	309
819.000	313
820.000	320
821.000	311
822.000	302
823.000	276
824.000	272
825.000	253
826.000	239
827.000	215
828.000	203
829.000	183
830.000	175
831.000	159
832.000	149
833.000	138
834.000	133
835.000	130
836.000	129
837.000	125
838.000	128
839.000	124
840.000	124
841.000	131
842.000	128
843.000	122
844.000	126
845.000	123
846.000	128
847.000	122
848.000	124
849.000	124
850.000	123
851.000	123
852.000	119
853.000	121
854.000	111
855.000	116
856.000	115
857.000	113
858.000	116
859.000	125
860.000	120
861.000	115
862.000	118
863.000	121
864.000	113
865.000	116
866.000	111
867.000	115
868.000	117
869.000	111
870.000	114
871.000	114
872.000	124
873.000	115
874.000	113
875.000	121
876.000	115
877.000	122
878.000	117
879.000	121
880.000	114
881.000	116
882.000	118
883.000	115
884.000	114
885.000	115
886.000	116
887.000	116
888.000	121
889.000	120
890.000	119
891.000	124
892.000	123
893.000	123
894.000	131
895.000	130
896.000	129
897.000	133
898.000	135
899.000	134
900.000	139
901.000	144
902.000	147
903.000	143
904.000	154
905.000	152
906.000	148
907.000	157
908.000	157
909.000	160
910.000	168
911.000	162
912.000	160
913.000	168
914.000	170
915.000	166
916.000	170
917.000	173
918.000	176
919.000	178
920.000	178
921.000	178
922.000	170
923.000	181
924.000	187
925.000	185
926.000	188
927.000	188
928.000	194
929.000	186
930.000	197
931.000	193
932.000	203
933.000	207
934.000	220
935.000	219
936.000	234
937.000	242
938.000	237
939.000	253
940.000	255
941.000	262
942.000	265
943.000	259
944.000	270
945.000	274
946.000	263
947.000	259
948.000	255
949.000	242
950.000	230
951.000	221
952.000	219
953.000	206
954.000	208
955.000	200
956.000	194
957.000	181
958.000	181
959.000	188
960.000	173
961.000	185
962.000	178
963.000	177
964.000	186
965.000	171
966.000	188
967.000	179
968.000	186
969.000	184
970.000	187
971.000	181
972.000	187
973.000	189
974.000	189
975.000	186
976.000	184
977.000	177
978.000	170
979.000	168
980.000	161
981.000	169
982.000	163
983.000	153
984.000	154
985.000	150
986.000	149
987.000	147
988.000	153
989.000	150
990.000	148
991.000	138
992.000	142
993.000	150
994.000	141
995.000	140
996.000	137
997.000	142
998.000	130
999.000	134
1000.000	133
1001.000	135
1002.000	131
1003.000	134
1004.000	132
1005.000	132
1006.000	131
1007.000	132
1008.000	136
1009.000	135
1010.000	134
1011.000	131
1012.000	133
1013.000	138
1014.000	132
1015.000	139
1016.000	135
1017.000	141
1018.000	138
1019.000	137
1020.000	136
1021.000	137
1022.000	140
1023.000	144
1024.000	137
1025.000	133
1026.000	143
1027.000	140
1028.000	147
1029.000	143
1030.000	138
1031.000	140
1032.000	146
1033.000	141
1034.000	143
1035.000	146
1036.000	142
1037.000	144
1038.000	143
1039.000	144
1040.000	148
1041.000	147
1042.000	138
1043.000	149
1044.000	148
1045.000	147
1046.000	148
1047.000	146
1048.000	153
1049.000	152
1050.000	150
1051.000	157
1052.000	148
1053.000	158
1054.000	159
1055.000	161
1056.000	155
1057.000	160
1058.000	158
1059.000	162
1060.000	155
1061.000	152
1062.000	161
1063.000	160
1064.000	160
1065.000	160
1066.000	162
1067.000	166
1068.000	162
1069.000	162
1070.000	160
1071.000	160
1072.000	157
1073.000	156
1074.000	153
1075.000	157
1076.000	159
1077.000	155
1078.000	155
1079.000	160
1080.000	167
1081.000	159
1082.000	158
1083.000	156
1084.000	158
1085.000	157
1086.000	157
1087.000	162
1088.000	162
1089.000	157
1090.000	165
1091.000	161
1092.000	166
1093.000	162
1094.000	170
1095.000	174
1096.000	161
1097.000	175
1098.000	168
1099.000	170
1100.000	174
1101.000	172
1102.000	175
1103.000	177
1104.000	174
1105.000	165
1106.000	167
1107.000	170
1108.000	164
1109.000	164
1110.000	169
1111.000	171
1112.000	166
1113.000	167
1114.000	160
1115.000	153
1116.000	158
1117.000	159
1118.000	153
1119.000	156
1120.000	162
1121.000	158
1122.000	165
1123.000	159
1124.000	162
1125.000	157
1126.000	157
1127.000	161
1128.000	158
1129.000	161
1130.000	157
1131.000	170
1132.000	165
1133.000	162
1134.000	169
1135.000	157
1136.000	167
1137.000	164
1138.000	159
1139.000	158
1140.000	166
1141.000	163
1142.000	168
1143.000	165
1144.000	169
1145.000	167
1146.000	165
1147.000	162
1148.000	165
1149.000	160
1150.000	171
1151.000	171
1152.000	174
1153.000	175
1154.000	179
1155.000	175
1156.000	180
1157.000	180
1158.000	183
1159.000	178
1160.000	181
1161.000	186
1162.000	189
1163.000	180
1164.000	183
1165.000	176
1166.000	184
1167.000	181
1168.000	179
1169.000	174
1170.000	176
1171.000	167
1172.000	163
1173.000	171
1174.000	167
1175.000	160
1176.000	172
1177.000	156
1178.000	160
1179.000	158
1180.000	160
1181.000	162
1182.000	166
1183.000	163
1184.000	158
1185.000	167
1186.000	162
1187.000	158
1188.000	155
1189.000	157
1190.000	157
1191.000	164
1192.000	159
1193.000	158
1194.000	162
1195.000	167
1196.000	167
1197.000	159
1198.000	163
1199.000	156
1200.000	162
1201.000	161
1202.000	161
1203.000	166
1204.000	163
1205.000	169
1206.000	161
1207.000	171
1208.000	165
1209.000	165
1210.000	167
1211.000	164
1212.000	164
1213.000	164
1214.000	161
1215.000	170
1216.000	163
1217.000	164
1218.000	167
1219.000	166
1220.000	165
1221.000	163
1222.000	171
1223.000	170
1224.000	170
1225.000	174
1226.000	168
1227.000	175
1228.000	170
1229.000	167
1230.000	165
1231.000	170
1232.000	169
1233.000	168
1234.000	171
1235.000	165
1236.000	170
1237.000	166
1238.000	173
1239.000	169
1240.000	171
1241.000	167
1242.000	168
1243.000	175
1244.000	170
1245.000	171
1246.000	163
1247.000	165
1248.000	162
1249.000	166
1250.000	167
1251.000	166
1252.000	173
1253.000	165
1254.000	171
1255.000	159
1256.000	168
1257.000	170
1258.000	169
1259.000	168
1260.000	161
1261.000	165
1262.000	167
1263.000	165
1264.000	165
1265.000	164
1266.000	167
1267.000	159
1268.000	165
1269.000	168
1270.000	167
1271.000	168
1272.000	166
1273.000	167
1274.000	171
1275.000	165
1276.000	161
1277.000	163
1278.000	170
1279.000	167
1280.000	162
1281.000	169
1282.000	169
1283.000	169
1284.000	168
1285.000	163
1286.000	173
1287.000	177
1288.000	173
1289.000	171
1290.000	176
1291.000	168
1292.000	177
1293.000	169
1294.000	174
1295.000	185
1296.000	179
1297.000	180
1298.000	182
1299.000	180
1300.000	181
1301.000	190
1302.000	176
1303.000	183
1304.000	183
1305.000	193
1306.000	186
1307.000	192
1308.000	181
1309.000	190
1310.000	176
1311.000	182
1312.000	181
1313.000	175
1314.000	175
1315.000	172
1316.000	180
1317.000	181
1318.000	177
1319.000	179
1320.000	174
1321.000	176
1322.000	166
1323.000	173
1324.000	168
1325.000	167
1326.000	172
1327.000	176
1328.000	175
1329.000	171
1330.000	167
1331.000	166
1332.000	172
1333.000	175
1334.000	160
1335.000	171
1336.000	175
1337.000	163
1338.000	173
1339.000	174
1340.000	174
1341.000	175
1342.000	164
1343.000	176
1344.000	175
1345.000	178
1346.000	178
1347.000	178
1348.000	179
1349.000	183
1350.000	184
1351.000	174
1352.000	182
1353.000	183
1354.000	197
1355.000	200
1356.000	207
1357.000	205
1358.000	212
1359.000	232
1360.000	247
1361.000	259
1362.000	296
1363.000	317
1364.000	355
1365.000	386
1366.000	431
1367.000	473
1368.000	518
1369.000	580
1370.000	621
1371.000	683
1372.000	741
1373.000	792
1374.000	842
1375.000	904
1376.000	935
1377.000	973
1378.000	983
1379.000	993
1380.000	1001
1381.000	998
1382.000	962
1383.000	939
1384.000	910
1385.000	873
1386.000	817
1387.000	748
1388.000	696
1389.000	643
1390.000	579
1391.000	527
1392.000	479
1393.000	427
1394.000	383
1395.000	354
1396.000	313
1397.000	277
1398.000	264
1399.000	236
1400.000	226
1401.000	210
1402.000	200
1403.000	190
1404.000	180
1405.000	180
1406.000	180
1407.000	177
1408.000	180
1409.000	165
1410.000	177
1411.000	182
1412.000	173
1413.000	165
1414.000	166
1415.000	172
1416.000	159
1417.000	173
1418.000	170
1419.000	164
1420.000	168
1421.000	173
1422.000	164
1423.000	172
1424.000	171
1425.000	161
1426.000	173
1427.000	165
1428.000	170
1429.000	164
1430.000	165
1431.000	166
1432.000	168
1433.000	167
1434.000	173
1435.000	172
1436.000	166
1437.000	173
1438.000	172
1439.000	165
1440.000	180
1441.000	174
1442.000	170
1443.000	177
1444.000	180
1445.000	169
1446.000	178
1447.000	175
1448.000	175
1449.000	172
1450.000	182
1451.000	179
1452.000	180
1453.000	181
1454.000	175
1455.000	181
1456.000	183
1457.000	184
1458.000	182
1459.000	186
1460.000	181
1461.000	179
1462.000	182
1463.000	175
1464.000	178
1465.000	175
1466.000	179
1467.000	175
1468.000	176
1469.000	171
1470.000	176
1471.000	175
1472.000	177
1473.000	179
1474.000	176
1475.000	167
1476.000	183
1477.000	178
1478.000	172
1479.000	167
1480.000	180
1481.000	168
1482.000	178
1483.000	173
1484.000	175
1485.000	178
1486.000	174
1487.000	174
1488.000	183
1489.000	174
1490.000	178
1491.000	178
1492.000	173
1493.000	171
1494.000	183
1495.000	173
1496.000	185
1497.000	175
1498.000	179
1499.000	177
1500.000	175
1501.000	179
1502.000	182
1503.000	182
1504.000	175
1505.000	179
1506.000	183
1507.000	180
1508.000	181
1509.000	182
1510.000	187
1511.000	184
1512.000	180
1513.000	179
1514.000	187
1515.000	187
1516.000	189
1517.000	192
1518.000	193
1519.000	197
1520.000	199
1521.000	187
1522.000	196
1523.000	204
1524.000	208
1525.000	209
1526.000	218
1527.000	225
1528.000	237
1529.000	237
1530.000	248
1531.000	262
1532.000	263
1533.000	275
1534.000	280
1535.000	287
1536.000	301
1537.000	328
1538.000	321
1539.000	335
1540.000	338
1541.000	351
1542.000	348
1543.000	352
1544.000	354
1545.000	352
1546.000	354
1547.000	339
1548.000	342
1549.000	338
1550.000	316
1551.000	324
1552.000	304
1553.000	303
1554.000	300
1555.000	291
1556.000	281
1557.000	272
1558.000	277
1559.000	268
1560.000	275
1561.000	273
1562.000	269
1563.000	264
1564.000	272
1565.000	279
1566.000	273
1567.000	280
1568.000	287
1569.000	282
1570.000	301
1571.000	308
1572.000	314
1573.000	308
1574.000	323
1575.000	320
1576.000	333
1577.000	344
1578.000	352
1579.000	366
1580.000	367
1581.000	365
1582.000	380
1583.000	390
1584.000	402
1585.000	422
1586.000	431
1587.000	430
1588.000	446
1589.000	464
1590.000	474
1591.000	488
1592.000	485
1593.000	502
1594.000	516
1595.000	516
1596.000	516
1597.000	558
1598.000	540
1599.000	563
1600.000	564
1601.000	572
1602.000	568
1603.000	589
1604.000	591
1605.000	594
1606.000	596
1607.000	602
1608.000	595
1609.000	601
1610.000	600
1611.000	584
1612.000	586
1613.000	573
1614.000	578
1615.000	567
1616.000	559
1617.000	560
1618.000	554
1619.000	550
1620.000	527
1621.000	526
1622.000	515
1623.000	498
1624.000	488
1625.000	493
1626.000	475
1627.000	452
1628.000	453
1629.000	428
1630.000	424
1631.000	416
1632.000	386
1633.000	399
1634.000	395
1635.000	383
1636.000	351
1637.000	338
1638.000	328
1639.000	330
1640.000	321
1641.000	312
1642.000	306
1643.000	290
1644.000	288
1645.000	276
1646.000	268
1647.000	258
1648.000	250
1649.000	248
1650.000	242
1651.000	239
1652.000	238
1653.000	235
1654.000	225
1655.000	215
1656.000	211
1657.000	212
1658.000	210
1659.000	194
1660.000	190
1661.000	195
1662.000	188
1663.000	185
1664.000	187
1665.000	191
1666.000	181
1667.000	182
1668.000	182
1669.000	171
1670.000	177
1671.000	183
1672.000	181
1673.000	181
1674.000	173
1675.000	175
1676.000	189
1677.000	203
1678.000	197
1679.000	212
1680.000	210
1681.000	224
1682.000	233
1683.000	243
1684.000	254
1685.000	277
1686.000	289
1687.000	306
1688.000	333
1689.000	347
1690.000	373
1691.000	401
1692.000	420
1693.000	443
1694.000	464
1695.000	489
1696.000	503
1697.000	519
1698.000	538
1699.000	537
1700.000	541
1701.000	557
1702.000	539
1703.000	535
1704.000	550
1705.000	519
1706.000	516
1707.000	494
1708.000	478
1709.000	447
1710.000	432
1711.000	395
1712.000	382
1713.000	369
1714.000	331
1715.000	309
1716.000	294
1717.000	258
1718.000	249
1719.000	227
1720.000	216
1721.000	204
1722.000	189
1723.000	190
1724.000	165
1725.000	160
1726.000	152
1727.000	154
1728.000	150
1729.000	146
1730.000	146
1731.000	148
1732.000	143
1733.000	136
1734.000	140
1735.000	142
1736.000	139
1737.000	144
1738.000	139
1739.000	136
1740.000	143
1741.000	136
1742.000	135
1743.000	145
1744.000	133
1745.000	143
1746.000	147
1747.000	137
1748.000	140
1749.000	143
1750.000	136
1751.000	143
1752.000	145
1753.000	145
1754.000	136
1755.000	145
1756.000	148
1757.000	151
1758.000	147
1759.000	155
1760.000	150
1761.000	149
1762.000	154
1763.000	155
1764.000	153
1765.000	151
1766.000	159
1767.000	163
1768.000	167
1769.000	157
1770.000	166
1771.000	166
1772.000	177
1773.000	168
1774.000	170
1775.000	178
1776.000	176
1777.000	177
1778.000	173
1779.000	174
1780.000	187
1781.000	182
1782.000	183
1783.000	180
1784.000	181
1785.000	179
1786.000	185
1787.000	188
1788.000	186
1789.000	187
1790.000	187
1791.000	193
1792.000	190
1793.000	186
1794.000	191
1795.000	191
1796.000	184
1797.000	190
1798.000	185
1799.000	194
1800.000	191
1801.000	180
1802.000	188
1803.000	182
1804.000	179
1805.000	184
1806.000	177
1807.000	175
1808.000	170
1809.000	174
1810.000	167
1811.000	167
1812.000	167
1813.000	167
1814.000	169
1815.000	159
1816.000	163
1817.000	157
1818.000	151
1819.000	151
1820.000	154
1821.000	144
1822.000	150
1823.000	143
1824.000	140
1825.000	130
1826.000	149
1827.000	139
1828.000	138
1829.000	133
1830.000	130
1831.000	128
1832.000	128
1833.000	121
1834.000	119
1835.000	118
1836.000	116
1837.000	117
1838.000	117
1839.000	117
1840.000	111
1841.000	107
1842.000	112
1843.000	106
1844.000	100
1845.000	101
1846.000	105
1847.000	102
1848.000	99
1849.000	99
1850.000	101
1851.000	97
1852.000	91
1853.000	90
1854.000	88
1855.000	90
1856.000	87
1857.000	84
1858.000	89
1859.000	85
1860.000	85
1861.000	83
1862.000	83
1863.000	80
1864.000	83
1865.000	79
1866.000	80
1867.000	76
1868.000	76
1869.000	78
1870.000	78
1871.000	79
1872.000	78
1873.000	78
1874.000	75
1875.000	73
1876.000	78
1877.000	69
1878.000	72
1879.000	73
1880.000	73
1881.000	69
1882.000	75
1883.000	66
1884.000	71
1885.000	75
1886.000	75
1887.000	68
1888.000	74
1889.000	71
1890.000	80
1891.000	78
1892.000	77
1893.000	78
1894.000	78
1895.000	86
1896.000	86
1897.000	86
1898.000	81
1899.000	93
1900.000	91
1901.000	97
1902.000	102
1903.000	104
1904.000	111
1905.000	111
1906.000	108
1907.000	117
1908.000	116
1909.000	123
1910.000	124
1911.000	118
1912.000	116
1913.000	118
1914.000	115
1915.000	111
1916.000	111
1917.000	114
1918.000	106
1919.000	107
1920.000	104
1921.000	96
1922.000	93
1923.000	85
1924.000	89
1925.000	87
1926.000	78
1927.000	77
1928.000	76
1929.000	72
1930.000	68
1931.000	72
1932.000	72
1933.000	72
1934.000	68
1935.000	73
1936.000	70
1937.000	69
1938.000	62
1939.000	66
1940.000	73
1941.000	69
1942.000	65
1943.000	68
1944.000	62
1945.000	69
1946.000	64
1947.000	67
1948.000	65
1949.000	63
1950.000	58
1951.000	61
1952.000	62
1953.000	59
1954.000	62
1955.000	59
1956.000	60
1957.000	60
1958.000	57
1959.000	57
1960.000	53
1961.000	55
1962.000	56
1963.000	55
1964.000	55
1965.000	49
1966.000	56
1967.000	51
1968.000	52
1969.000	51
1970.000	49
1971.000	48
1972.000	48
1973.000	54
1974.000	51
1975.000	50
1976.000	51
1977.000	55
1978.000	52
1979.000	49
1980.000	51
1981.000	49
1982.000	50
1983.000	50
1984.000	52
1985.000	49
1986.000	50
1987.000	51
1988.000	47
1989.000	50
1990.000	47
1991.000	48
1992.000	47
1993.000	47
1994.000	51
1995.000	49
1996.000	52
1997.000	50
1998.000	52
1999.000	50
2000.000	49
2001.000	49
2002.000	47
2003.000	46
2004.000	48
2005.000	49
2006.000	47
2007.000	48
2008.000	46
2009.000	45
2010.000	45
2011.000	47
2012.000	48
2013.000	52
2014.000	48
2015.000	48
2016.000	49
2017.000	53
2018.000	46
2019.000	46
2020.000	45
2021.000	41
2022.000	46
2023.000	45
2024.000	48
2025.000	49
2026.000	42
2027.000	41
2028.000	45
2029.000	45
2030.000	45
2031.000	42
2032.000	46
2033.000	52
2034.000	44
2035.000	48
2036.000	46
2037.000	47
2038.000	45
2039.000	48
2040.000	48
2041.000	45
2042.000	45
2043.000	46
2044.000	44
2045.000	46
2046.000	46
2047.000	47
2048.000	0
