Date:	17-Sep-20		Time:	11:47 PM		Version no:	0.00		Project name:	55		Sample name:	222		Section name:	section		Position	0.000000	mm	E0	0.000000	keV	E1	1.000000	keV/channel	sample surface	2.000000	cm	Tube anode:	Mo		Tube voltage:	30	kV	Tube current:	30	mA	gain	15		std. database			resultfile	result		matrix element	11		sample thickness	1.000000		air passage	0.560000	cm	comments	not in position		peaking_time	0.300000	m-sec	trigger_threshold	40.000000	V	mca_bin_width	2.000000	no:	number_mca_channels	2048.000000	no:	gap_time	2048.000000	m-sec	trigger_peaking_time	2048.000000	m-sec	GAINDAC	400		HIGHGAIN	400		TAURC	400		RCTAU	400		RCTAUFRAC	400		livetime	13.014294	seconds	runtime	15.000232	seconds	input_count_rate	80431.410221	cps	output_count_rate	69782.785033	cps	triggers	1173264	seconds	events_in_run	1020480	seconds	channel	content		1.000	0
2.000	0
3.000	0
4.000	0
5.000	0
6.000	0
7.000	0
8.000	0
9.000	0
10.000	0
11.000	0
12.000	0
13.000	0
14.000	0
15.000	0
16.000	0
17.000	0
18.000	0
19.000	0
20.000	0
21.000	0
22.000	0
23.000	0
24.000	0
25.000	0
26.000	0
27.000	0
28.000	0
29.000	0
30.000	0
31.000	0
32.000	0
33.000	1
34.000	0
35.000	0
36.000	0
37.000	0
38.000	0
39.000	0
40.000	0
41.000	0
42.000	0
43.000	0
44.000	0
45.000	0
46.000	1
47.000	1
48.000	1
49.000	1
50.000	1
51.000	1
52.000	2
53.000	3
54.000	3
55.000	5
56.000	6
57.000	9
58.000	14
59.000	16
60.000	24
61.000	27
62.000	28
63.000	29
64.000	28
65.000	30
66.000	29
67.000	24
68.000	27
69.000	27
70.000	23
71.000	25
72.000	25
73.000	29
74.000	25
75.000	24
76.000	23
77.000	23
78.000	25
79.000	23
80.000	22
81.000	23
82.000	26
83.000	25
84.000	25
85.000	26
86.000	24
87.000	23
88.000	24
89.000	25
90.000	22
91.000	22
92.000	25
93.000	23
94.000	23
95.000	20
96.000	23
97.000	22
98.000	22
99.000	21
100.000	21
101.000	21
102.000	19
103.000	19
104.000	20
105.000	20
106.000	19
107.000	19
108.000	18
109.000	20
110.000	18
111.000	19
112.000	17
113.000	16
114.000	18
115.000	19
116.000	18
117.000	18
118.000	18
119.000	17
120.000	16
121.000	17
122.000	16
123.000	16
124.000	17
125.000	18
126.000	16
127.000	15
128.000	17
129.000	15
130.000	15
131.000	15
132.000	13
133.000	15
134.000	17
135.000	14
136.000	17
137.000	17
138.000	14
139.000	17
140.000	19
141.000	23
142.000	21
143.000	26
144.000	28
145.000	26
146.000	25
147.000	25
148.000	25
149.000	24
150.000	21
151.000	19
152.000	20
153.000	19
154.000	18
155.000	19
156.000	16
157.000	17
158.000	15
159.000	14
160.000	14
161.000	16
162.000	14
163.000	18
164.000	21
165.000	23
166.000	33
167.000	39
168.000	46
169.000	48
170.000	55
171.000	62
172.000	57
173.000	49
174.000	43
175.000	37
176.000	35
177.000	30
178.000	27
179.000	29
180.000	32
181.000	35
182.000	44
183.000	56
184.000	71
185.000	93
186.000	122
187.000	164
188.000	189
189.000	225
190.000	248
191.000	258
192.000	250
193.000	228
194.000	184
195.000	148
196.000	115
197.000	84
198.000	58
199.000	45
200.000	30
201.000	22
202.000	20
203.000	17
204.000	15
205.000	16
206.000	18
207.000	17
208.000	15
209.000	18
210.000	16
211.000	18
212.000	19
213.000	20
214.000	20
215.000	20
216.000	24
217.000	31
218.000	32
219.000	40
220.000	42
221.000	49
222.000	49
223.000	49
224.000	48
225.000	51
226.000	47
227.000	38
228.000	35
229.000	27
230.000	26
231.000	22
232.000	17
233.000	18
234.000	14
235.000	15
236.000	14
237.000	14
238.000	15
239.000	13
240.000	12
241.000	16
242.000	14
243.000	14
244.000	14
245.000	15
246.000	20
247.000	24
248.000	24
249.000	35
250.000	47
251.000	63
252.000	84
253.000	104
254.000	127
255.000	147
256.000	158
257.000	168
258.000	156
259.000	146
260.000	129
261.000	108
262.000	89
263.000	64
264.000	49
265.000	38
266.000	30
267.000	26
268.000	23
269.000	21
270.000	25
271.000	24
272.000	29
273.000	29
274.000	31
275.000	32
276.000	32
277.000	32
278.000	31
279.000	30
280.000	31
281.000	31
282.000	32
283.000	37
284.000	43
285.000	50
286.000	58
287.000	67
288.000	73
289.000	74
290.000	79
291.000	76
292.000	78
293.000	68
294.000	57
295.000	49
296.000	42
297.000	34
298.000	29
299.000	23
300.000	23
301.000	23
302.000	22
303.000	22
304.000	23
305.000	24
306.000	25
307.000	26
308.000	31
309.000	30
310.000	30
311.000	35
312.000	43
313.000	43
314.000	53
315.000	57
316.000	72
317.000	86
318.000	112
319.000	145
320.000	172
321.000	211
322.000	234
323.000	257
324.000	266
325.000	264
326.000	259
327.000	227
328.000	204
329.000	171
330.000	138
331.000	106
332.000	77
333.000	65
334.000	51
335.000	39
336.000	38
337.000	34
338.000	37
339.000	41
340.000	46
341.000	52
342.000	70
343.000	81
344.000	108
345.000	152
346.000	208
347.000	322
348.000	501
349.000	780
350.000	1235
351.000	1923
352.000	2933
353.000	4294
354.000	6064
355.000	8326
356.000	10898
357.000	13585
358.000	16268
359.000	18562
360.000	20390
361.000	21158
362.000	21046
363.000	19920
364.000	18057
365.000	15485
366.000	12784
367.000	10073
368.000	7536
369.000	5408
370.000	3734
371.000	2434
372.000	1532
373.000	956
374.000	596
375.000	377
376.000	244
377.000	191
378.000	169
379.000	183
380.000	224
381.000	281
382.000	390
383.000	538
384.000	702
385.000	959
386.000	1230
387.000	1593
388.000	1976
389.000	2326
390.000	2685
391.000	2944
392.000	3109
393.000	3170
394.000	3068
395.000	2862
396.000	2510
397.000	2149
398.000	1757
399.000	1387
400.000	1036
401.000	743
402.000	519
403.000	345
404.000	224
405.000	140
406.000	86
407.000	52
408.000	32
409.000	19
410.000	17
411.000	11
412.000	10
413.000	10
414.000	8
415.000	8
416.000	6
417.000	8
418.000	7
419.000	8
420.000	8
421.000	7
422.000	7
423.000	8
424.000	9
425.000	9
426.000	9
427.000	14
428.000	16
429.000	22
430.000	28
431.000	37
432.000	48
433.000	62
434.000	86
435.000	112
436.000	132
437.000	158
438.000	174
439.000	190
440.000	203
441.000	210
442.000	210
443.000	196
444.000	190
445.000	164
446.000	136
447.000	112
448.000	88
449.000	75
450.000	61
451.000	49
452.000	41
453.000	39
454.000	33
455.000	31
456.000	31
457.000	29
458.000	29
459.000	26
460.000	21
461.000	18
462.000	15
463.000	17
464.000	17
465.000	15
466.000	16
467.000	14
468.000	14
469.000	15
470.000	20
471.000	21
472.000	21
473.000	25
474.000	27
475.000	27
476.000	33
477.000	36
478.000	39
479.000	43
480.000	45
481.000	49
482.000	50
483.000	51
484.000	46
485.000	46
486.000	43
487.000	42
488.000	34
489.000	30
490.000	27
491.000	22
492.000	21
493.000	19
494.000	16
495.000	16
496.000	16
497.000	16
498.000	15
499.000	16
500.000	17
501.000	15
502.000	15
503.000	15
504.000	15
505.000	16
506.000	16
507.000	18
508.000	19
509.000	20
510.000	19
511.000	21
512.000	20
513.000	20
514.000	20
515.000	24
516.000	23
517.000	25
518.000	23
519.000	26
520.000	29
521.000	30
522.000	30
523.000	36
524.000	37
525.000	42
526.000	42
527.000	44
528.000	43
529.000	39
530.000	40
531.000	43
532.000	40
533.000	38
534.000	35
535.000	32
536.000	28
537.000	26
538.000	19
539.000	24
540.000	20
541.000	23
542.000	21
543.000	22
544.000	24
545.000	21
546.000	20
547.000	23
548.000	22
549.000	22
550.000	22
551.000	22
552.000	22
553.000	25
554.000	26
555.000	25
556.000	27
557.000	27
558.000	27
559.000	28
560.000	27
561.000	28
562.000	34
563.000	38
564.000	43
565.000	49
566.000	55
567.000	65
568.000	71
569.000	83
570.000	101
571.000	108
572.000	127
573.000	136
574.000	147
575.000	156
576.000	153
577.000	149
578.000	150
579.000	144
580.000	130
581.000	108
582.000	100
583.000	88
584.000	73
585.000	65
586.000	54
587.000	47
588.000	41
589.000	38
590.000	32
591.000	33
592.000	31
593.000	29
594.000	32
595.000	29
596.000	30
597.000	29
598.000	33
599.000	34
600.000	31
601.000	34
602.000	37
603.000	43
604.000	47
605.000	47
606.000	63
607.000	72
608.000	99
609.000	132
610.000	184
611.000	276
612.000	367
613.000	521
614.000	710
615.000	972
616.000	1274
617.000	1647
618.000	2056
619.000	2502
620.000	2948
621.000	3433
622.000	3847
623.000	4134
624.000	4394
625.000	4474
626.000	4454
627.000	4298
628.000	4011
629.000	3669
630.000	3226
631.000	2782
632.000	2325
633.000	1916
634.000	1476
635.000	1148
636.000	850
637.000	645
638.000	461
639.000	331
640.000	237
641.000	182
642.000	127
643.000	101
644.000	84
645.000	71
646.000	64
647.000	57
648.000	55
649.000	54
650.000	51
651.000	50
652.000	56
653.000	54
654.000	53
655.000	54
656.000	53
657.000	54
658.000	56
659.000	54
660.000	57
661.000	57
662.000	58
663.000	59
664.000	59
665.000	63
666.000	64
667.000	68
668.000	72
669.000	74
670.000	75
671.000	79
672.000	89
673.000	101
674.000	109
675.000	130
676.000	155
677.000	173
678.000	201
679.000	252
680.000	310
681.000	358
682.000	429
683.000	476
684.000	556
685.000	622
686.000	680
687.000	719
688.000	751
689.000	748
690.000	740
691.000	726
692.000	679
693.000	630
694.000	576
695.000	492
696.000	434
697.000	362
698.000	300
699.000	246
700.000	198
701.000	165
702.000	137
703.000	105
704.000	92
705.000	84
706.000	72
707.000	65
708.000	59
709.000	60
710.000	61
711.000	63
712.000	59
713.000	59
714.000	63
715.000	71
716.000	68
717.000	70
718.000	76
719.000	78
720.000	78
721.000	88
722.000	86
723.000	84
724.000	90
725.000	93
726.000	96
727.000	96
728.000	98
729.000	96
730.000	92
731.000	91
732.000	90
733.000	86
734.000	77
735.000	77
736.000	76
737.000	77
738.000	76
739.000	71
740.000	68
741.000	71
742.000	70
743.000	71
744.000	62
745.000	67
746.000	67
747.000	67
748.000	66
749.000	72
750.000	63
751.000	65
752.000	70
753.000	68
754.000	71
755.000	65
756.000	71
757.000	68
758.000	66
759.000	71
760.000	74
761.000	67
762.000	66
763.000	71
764.000	71
765.000	69
766.000	72
767.000	74
768.000	66
769.000	76
770.000	72
771.000	74
772.000	78
773.000	79
774.000	80
775.000	87
776.000	88
777.000	89
778.000	96
779.000	93
780.000	99
781.000	110
782.000	110
783.000	109
784.000	125
785.000	122
786.000	118
787.000	123
788.000	128
789.000	130
790.000	131
791.000	133
792.000	132
793.000	131
794.000	135
795.000	130
796.000	134
797.000	138
798.000	138
799.000	136
800.000	139
801.000	138
802.000	139
803.000	141
804.000	144
805.000	157
806.000	152
807.000	159
808.000	172
809.000	176
810.000	184
811.000	205
812.000	223
813.000	239
814.000	246
815.000	267
816.000	266
817.000	277
818.000	290
819.000	303
820.000	289
821.000	286
822.000	291
823.000	282
824.000	251
825.000	244
826.000	231
827.000	205
828.000	183
829.000	176
830.000	162
831.000	154
832.000	143
833.000	131
834.000	131
835.000	129
836.000	132
837.000	128
838.000	118
839.000	118
840.000	130
841.000	129
842.000	133
843.000	128
844.000	120
845.000	121
846.000	125
847.000	126
848.000	121
849.000	124
850.000	122
851.000	121
852.000	115
853.000	119
854.000	122
855.000	114
856.000	116
857.000	120
858.000	113
859.000	121
860.000	117
861.000	115
862.000	121
863.000	114
864.000	111
865.000	118
866.000	113
867.000	111
868.000	116
869.000	114
870.000	113
871.000	114
872.000	110
873.000	111
874.000	113
875.000	113
876.000	119
877.000	114
878.000	111
879.000	116
880.000	114
881.000	110
882.000	108
883.000	115
884.000	116
885.000	116
886.000	116
887.000	121
888.000	115
889.000	121
890.000	121
891.000	116
892.000	116
893.000	124
894.000	121
895.000	127
896.000	124
897.000	128
898.000	130
899.000	135
900.000	133
901.000	136
902.000	140
903.000	145
904.000	146
905.000	150
906.000	152
907.000	147
908.000	148
909.000	152
910.000	152
911.000	163
912.000	156
913.000	163
914.000	156
915.000	163
916.000	171
917.000	154
918.000	169
919.000	166
920.000	168
921.000	170
922.000	169
923.000	178
924.000	180
925.000	172
926.000	178
927.000	186
928.000	191
929.000	180
930.000	196
931.000	196
932.000	202
933.000	202
934.000	213
935.000	223
936.000	224
937.000	234
938.000	241
939.000	235
940.000	243
941.000	254
942.000	266
943.000	263
944.000	247
945.000	268
946.000	254
947.000	246
948.000	234
949.000	224
950.000	221
951.000	216
952.000	210
953.000	196
954.000	191
955.000	190
956.000	187
957.000	184
958.000	173
959.000	176
960.000	171
961.000	166
962.000	177
963.000	168
964.000	167
965.000	171
966.000	178
967.000	174
968.000	180
969.000	179
970.000	178
971.000	173
972.000	179
973.000	184
974.000	179
975.000	177
976.000	172
977.000	172
978.000	172
979.000	167
980.000	167
981.000	158
982.000	159
983.000	150
984.000	151
985.000	144
986.000	144
987.000	140
988.000	140
989.000	140
990.000	137
991.000	142
992.000	140
993.000	133
994.000	140
995.000	133
996.000	136
997.000	133
998.000	130
999.000	129
1000.000	130
1001.000	123
1002.000	129
1003.000	134
1004.000	130
1005.000	127
1006.000	133
1007.000	129
1008.000	134
1009.000	134
1010.000	130
1011.000	122
1012.000	133
1013.000	134
1014.000	137
1015.000	135
1016.000	129
1017.000	133
1018.000	137
1019.000	135
1020.000	131
1021.000	141
1022.000	134
1023.000	131
1024.000	137
1025.000	140
1026.000	133
1027.000	139
1028.000	134
1029.000	141
1030.000	141
1031.000	137
1032.000	139
1033.000	137
1034.000	143
1035.000	141
1036.000	134
1037.000	138
1038.000	142
1039.000	144
1040.000	141
1041.000	144
1042.000	146
1043.000	147
1044.000	143
1045.000	139
1046.000	145
1047.000	148
1048.000	149
1049.000	149
1050.000	164
1051.000	150
1052.000	150
1053.000	152
1054.000	149
1055.000	156
1056.000	154
1057.000	153
1058.000	148
1059.000	149
1060.000	154
1061.000	158
1062.000	158
1063.000	152
1064.000	157
1065.000	165
1066.000	155
1067.000	154
1068.000	155
1069.000	153
1070.000	148
1071.000	153
1072.000	151
1073.000	157
1074.000	156
1075.000	150
1076.000	145
1077.000	154
1078.000	150
1079.000	156
1080.000	154
1081.000	150
1082.000	155
1083.000	156
1084.000	150
1085.000	158
1086.000	156
1087.000	153
1088.000	155
1089.000	158
1090.000	154
1091.000	154
1092.000	158
1093.000	162
1094.000	159
1095.000	157
1096.000	166
1097.000	170
1098.000	166
1099.000	162
1100.000	160
1101.000	163
1102.000	166
1103.000	163
1104.000	168
1105.000	161
1106.000	161
1107.000	162
1108.000	160
1109.000	152
1110.000	157
1111.000	158
1112.000	154
1113.000	157
1114.000	146
1115.000	163
1116.000	152
1117.000	153
1118.000	152
1119.000	157
1120.000	154
1121.000	160
1122.000	154
1123.000	155
1124.000	160
1125.000	159
1126.000	160
1127.000	156
1128.000	157
1129.000	161
1130.000	162
1131.000	150
1132.000	166
1133.000	156
1134.000	161
1135.000	161
1136.000	153
1137.000	157
1138.000	157
1139.000	163
1140.000	157
1141.000	162
1142.000	160
1143.000	157
1144.000	157
1145.000	161
1146.000	162
1147.000	167
1148.000	164
1149.000	163
1150.000	161
1151.000	168
1152.000	169
1153.000	167
1154.000	171
1155.000	177
1156.000	174
1157.000	184
1158.000	179
1159.000	177
1160.000	172
1161.000	176
1162.000	177
1163.000	183
1164.000	173
1165.000	185
1166.000	176
1167.000	180
1168.000	178
1169.000	168
1170.000	170
1171.000	168
1172.000	168
1173.000	168
1174.000	169
1175.000	159
1176.000	160
1177.000	163
1178.000	167
1179.000	160
1180.000	154
1181.000	151
1182.000	156
1183.000	151
1184.000	156
1185.000	157
1186.000	157
1187.000	150
1188.000	158
1189.000	156
1190.000	154
1191.000	154
1192.000	159
1193.000	162
1194.000	165
1195.000	155
1196.000	157
1197.000	156
1198.000	156
1199.000	163
1200.000	158
1201.000	164
1202.000	160
1203.000	157
1204.000	162
1205.000	166
1206.000	160
1207.000	161
1208.000	157
1209.000	163
1210.000	158
1211.000	165
1212.000	158
1213.000	161
1214.000	160
1215.000	154
1216.000	161
1217.000	162
1218.000	159
1219.000	159
1220.000	167
1221.000	163
1222.000	157
1223.000	160
1224.000	161
1225.000	166
1226.000	161
1227.000	162
1228.000	166
1229.000	165
1230.000	162
1231.000	166
1232.000	162
1233.000	173
1234.000	169
1235.000	162
1236.000	170
1237.000	167
1238.000	170
1239.000	163
1240.000	164
1241.000	167
1242.000	168
1243.000	171
1244.000	160
1245.000	166
1246.000	164
1247.000	171
1248.000	164
1249.000	166
1250.000	165
1251.000	165
1252.000	158
1253.000	170
1254.000	161
1255.000	157
1256.000	157
1257.000	162
1258.000	161
1259.000	161
1260.000	163
1261.000	155
1262.000	155
1263.000	166
1264.000	158
1265.000	157
1266.000	163
1267.000	171
1268.000	159
1269.000	166
1270.000	156
1271.000	165
1272.000	162
1273.000	155
1274.000	158
1275.000	160
1276.000	168
1277.000	167
1278.000	162
1279.000	163
1280.000	162
1281.000	168
1282.000	167
1283.000	160
1284.000	161
1285.000	166
1286.000	163
1287.000	170
1288.000	163
1289.000	169
1290.000	165
1291.000	178
1292.000	163
1293.000	178
1294.000	169
1295.000	169
1296.000	170
1297.000	175
1298.000	179
1299.000	172
1300.000	173
1301.000	175
1302.000	176
1303.000	175
1304.000	177
1305.000	175
1306.000	184
1307.000	176
1308.000	177
1309.000	179
1310.000	178
1311.000	175
1312.000	177
1313.000	176
1314.000	172
1315.000	163
1316.000	165
1317.000	176
1318.000	170
1319.000	172
1320.000	173
1321.000	170
1322.000	165
1323.000	166
1324.000	171
1325.000	170
1326.000	175
1327.000	168
1328.000	176
1329.000	164
1330.000	173
1331.000	167
1332.000	164
1333.000	170
1334.000	167
1335.000	174
1336.000	170
1337.000	164
1338.000	169
1339.000	166
1340.000	163
1341.000	175
1342.000	169
1343.000	173
1344.000	172
1345.000	168
1346.000	164
1347.000	166
1348.000	173
1349.000	173
1350.000	175
1351.000	174
1352.000	174
1353.000	178
1354.000	184
1355.000	189
1356.000	195
1357.000	195
1358.000	202
1359.000	215
1360.000	230
1361.000	259
1362.000	277
1363.000	301
1364.000	324
1365.000	352
1366.000	384
1367.000	429
1368.000	472
1369.000	513
1370.000	575
1371.000	622
1372.000	661
1373.000	707
1374.000	757
1375.000	797
1376.000	814
1377.000	850
1378.000	871
1379.000	899
1380.000	867
1381.000	883
1382.000	854
1383.000	835
1384.000	792
1385.000	780
1386.000	715
1387.000	666
1388.000	626
1389.000	577
1390.000	533
1391.000	471
1392.000	419
1393.000	385
1394.000	342
1395.000	324
1396.000	293
1397.000	264
1398.000	241
1399.000	221
1400.000	205
1401.000	204
1402.000	189
1403.000	181
1404.000	183
1405.000	179
1406.000	174
1407.000	173
1408.000	162
1409.000	168
1410.000	165
1411.000	172
1412.000	168
1413.000	166
1414.000	165
1415.000	172
1416.000	160
1417.000	158
1418.000	161
1419.000	160
1420.000	167
1421.000	164
1422.000	167
1423.000	167
1424.000	158
1425.000	169
1426.000	169
1427.000	168
1428.000	164
1429.000	162
1430.000	163
1431.000	167
1432.000	156
1433.000	175
1434.000	164
1435.000	164
1436.000	171
1437.000	167
1438.000	163
1439.000	162
1440.000	171
1441.000	163
1442.000	167
1443.000	168
1444.000	163
1445.000	162
1446.000	175
1447.000	176
1448.000	175
1449.000	177
1450.000	179
1451.000	172
1452.000	171
1453.000	174
1454.000	177
1455.000	176
1456.000	172
1457.000	173
1458.000	175
1459.000	181
1460.000	183
1461.000	177
1462.000	176
1463.000	177
1464.000	179
1465.000	174
1466.000	168
1467.000	178
1468.000	172
1469.000	172
1470.000	174
1471.000	171
1472.000	173
1473.000	176
1474.000	173
1475.000	170
1476.000	173
1477.000	165
1478.000	181
1479.000	165
1480.000	171
1481.000	171
1482.000	178
1483.000	168
1484.000	171
1485.000	168
1486.000	164
1487.000	179
1488.000	171
1489.000	169
1490.000	172
1491.000	172
1492.000	169
1493.000	173
1494.000	167
1495.000	172
1496.000	174
1497.000	174
1498.000	175
1499.000	168
1500.000	175
1501.000	169
1502.000	171
1503.000	177
1504.000	168
1505.000	172
1506.000	170
1507.000	169
1508.000	172
1509.000	182
1510.000	179
1511.000	177
1512.000	184
1513.000	179
1514.000	179
1515.000	183
1516.000	185
1517.000	186
1518.000	194
1519.000	184
1520.000	186
1521.000	188
1522.000	197
1523.000	197
1524.000	205
1525.000	208
1526.000	205
1527.000	221
1528.000	219
1529.000	228
1530.000	234
1531.000	230
1532.000	251
1533.000	263
1534.000	266
1535.000	273
1536.000	292
1537.000	294
1538.000	294
1539.000	305
1540.000	314
1541.000	311
1542.000	327
1543.000	324
1544.000	320
1545.000	321
1546.000	322
1547.000	322
1548.000	313
1549.000	315
1550.000	304
1551.000	297
1552.000	300
1553.000	287
1554.000	281
1555.000	277
1556.000	276
1557.000	271
1558.000	263
1559.000	269
1560.000	263
1561.000	258
1562.000	267
1563.000	270
1564.000	272
1565.000	276
1566.000	272
1567.000	275
1568.000	280
1569.000	282
1570.000	294
1571.000	293
1572.000	301
1573.000	296
1574.000	314
1575.000	310
1576.000	327
1577.000	335
1578.000	346
1579.000	355
1580.000	359
1581.000	372
1582.000	384
1583.000	392
1584.000	404
1585.000	417
1586.000	422
1587.000	417
1588.000	444
1589.000	454
1590.000	460
1591.000	478
1592.000	478
1593.000	509
1594.000	504
1595.000	528
1596.000	516
1597.000	536
1598.000	548
1599.000	546
1600.000	558
1601.000	566
1602.000	582
1603.000	577
1604.000	579
1605.000	575
1606.000	576
1607.000	596
1608.000	582
1609.000	590
1610.000	600
1611.000	572
1612.000	577
1613.000	567
1614.000	570
1615.000	561
1616.000	553
1617.000	558
1618.000	553
1619.000	529
1620.000	530
1621.000	516
1622.000	515
1623.000	493
1624.000	489
1625.000	472
1626.000	473
1627.000	442
1628.000	441
1629.000	439
1630.000	430
1631.000	397
1632.000	392
1633.000	398
1634.000	370
1635.000	371
1636.000	366
1637.000	342
1638.000	340
1639.000	324
1640.000	322
1641.000	313
1642.000	299
1643.000	287
1644.000	280
1645.000	288
1646.000	266
1647.000	268
1648.000	246
1649.000	253
1650.000	240
1651.000	239
1652.000	233
1653.000	226
1654.000	227
1655.000	225
1656.000	216
1657.000	211
1658.000	204
1659.000	199
1660.000	185
1661.000	197
1662.000	193
1663.000	189
1664.000	180
1665.000	186
1666.000	181
1667.000	175
1668.000	180
1669.000	177
1670.000	169
1671.000	183
1672.000	177
1673.000	177
1674.000	182
1675.000	182
1676.000	184
1677.000	185
1678.000	193
1679.000	203
1680.000	202
1681.000	217
1682.000	227
1683.000	241
1684.000	261
1685.000	273
1686.000	286
1687.000	304
1688.000	328
1689.000	351
1690.000	357
1691.000	382
1692.000	409
1693.000	441
1694.000	445
1695.000	472
1696.000	476
1697.000	497
1698.000	518
1699.000	523
1700.000	545
1701.000	522
1702.000	541
1703.000	525
1704.000	525
1705.000	518
1706.000	505
1707.000	478
1708.000	459
1709.000	438
1710.000	423
1711.000	400
1712.000	376
1713.000	349
1714.000	321
1715.000	306
1716.000	287
1717.000	260
1718.000	239
1719.000	232
1720.000	210
1721.000	197
1722.000	183
1723.000	173
1724.000	173
1725.000	159
1726.000	146
1727.000	150
1728.000	144
1729.000	142
1730.000	148
1731.000	139
1732.000	133
1733.000	144
1734.000	137
1735.000	138
1736.000	131
1737.000	135
1738.000	142
1739.000	131
1740.000	133
1741.000	138
1742.000	138
1743.000	145
1744.000	135
1745.000	144
1746.000	138
1747.000	139
1748.000	146
1749.000	139
1750.000	143
1751.000	146
1752.000	142
1753.000	142
1754.000	143
1755.000	146
1756.000	142
1757.000	143
1758.000	150
1759.000	147
1760.000	152
1761.000	147
1762.000	147
1763.000	146
1764.000	154
1765.000	154
1766.000	158
1767.000	159
1768.000	160
1769.000	161
1770.000	162
1771.000	174
1772.000	176
1773.000	168
1774.000	167
1775.000	176
1776.000	177
1777.000	169
1778.000	175
1779.000	176
1780.000	182
1781.000	187
1782.000	182
1783.000	176
1784.000	175
1785.000	193
1786.000	183
1787.000	187
1788.000	197
1789.000	189
1790.000	196
1791.000	191
1792.000	190
1793.000	193
1794.000	190
1795.000	179
1796.000	191
1797.000	182
1798.000	186
1799.000	182
1800.000	193
1801.000	186
1802.000	190
1803.000	189
1804.000	182
1805.000	175
1806.000	179
1807.000	172
1808.000	180
1809.000	169
1810.000	164
1811.000	160
1812.000	160
1813.000	170
1814.000	167
1815.000	161
1816.000	152
1817.000	154
1818.000	154
1819.000	151
1820.000	149
1821.000	149
1822.000	139
1823.000	141
1824.000	139
1825.000	138
1826.000	136
1827.000	139
1828.000	126
1829.000	129
1830.000	135
1831.000	122
1832.000	129
1833.000	119
1834.000	115
1835.000	121
1836.000	120
1837.000	118
1838.000	118
1839.000	118
1840.000	109
1841.000	113
1842.000	106
1843.000	106
1844.000	104
1845.000	105
1846.000	100
1847.000	100
1848.000	99
1849.000	91
1850.000	95
1851.000	93
1852.000	93
1853.000	86
1854.000	93
1855.000	87
1856.000	89
1857.000	82
1858.000	87
1859.000	84
1860.000	83
1861.000	85
1862.000	81
1863.000	82
1864.000	81
1865.000	82
1866.000	76
1867.000	80
1868.000	79
1869.000	78
1870.000	79
1871.000	80
1872.000	72
1873.000	76
1874.000	77
1875.000	81
1876.000	75
1877.000	75
1878.000	78
1879.000	76
1880.000	70
1881.000	77
1882.000	71
1883.000	73
1884.000	73
1885.000	72
1886.000	69
1887.000	73
1888.000	73
1889.000	76
1890.000	79
1891.000	81
1892.000	75
1893.000	76
1894.000	79
1895.000	80
1896.000	83
1897.000	82
1898.000	93
1899.000	94
1900.000	96
1901.000	95
1902.000	104
1903.000	102
1904.000	104
1905.000	117
1906.000	113
1907.000	112
1908.000	115
1909.000	124
1910.000	119
1911.000	120
1912.000	115
1913.000	117
1914.000	116
1915.000	117
1916.000	116
1917.000	106
1918.000	107
1919.000	101
1920.000	101
1921.000	97
1922.000	94
1923.000	92
1924.000	90
1925.000	78
1926.000	81
1927.000	76
1928.000	76
1929.000	71
1930.000	69
1931.000	70
1932.000	67
1933.000	69
1934.000	69
1935.000	66
1936.000	65
1937.000	64
1938.000	69
1939.000	63
1940.000	67
1941.000	69
1942.000	69
1943.000	65
1944.000	70
1945.000	65
1946.000	62
1947.000	66
1948.000	62
1949.000	62
1950.000	65
1951.000	64
1952.000	63
1953.000	56
1954.000	59
1955.000	57
1956.000	57
1957.000	56
1958.000	56
1959.000	58
1960.000	58
1961.000	50
1962.000	54
1963.000	54
1964.000	54
1965.000	53
1966.000	56
1967.000	51
1968.000	53
1969.000	49
1970.000	51
1971.000	51
1972.000	52
1973.000	49
1974.000	47
1975.000	49
1976.000	54
1977.000	47
1978.000	49
1979.000	49
1980.000	49
1981.000	51
1982.000	51
1983.000	47
1984.000	52
1985.000	48
1986.000	49
1987.000	46
1988.000	49
1989.000	50
1990.000	48
1991.000	46
1992.000	48
1993.000	50
1994.000	50
1995.000	48
1996.000	52
1997.000	49
1998.000	47
1999.000	50
2000.000	47
2001.000	50
2002.000	51
2003.000	45
2004.000	49
2005.000	49
2006.000	47
2007.000	49
2008.000	49
2009.000	48
2010.000	50
2011.000	49
2012.000	49
2013.000	44
2014.000	46
2015.000	48
2016.000	49
2017.000	46
2018.000	46
2019.000	50
2020.000	46
2021.000	44
2022.000	49
2023.000	46
2024.000	43
2025.000	47
2026.000	46
2027.000	44
2028.000	47
2029.000	46
2030.000	45
2031.000	46
2032.000	46
2033.000	45
2034.000	43
2035.000	47
2036.000	47
2037.000	49
2038.000	44
2039.000	46
2040.000	48
2041.000	46
2042.000	43
2043.000	44
2044.000	44
2045.000	45
2046.000	48
2047.000	45
2048.000	0
