Date:	17-Sep-20		Time:	11:47 PM		Version no:	0.00		Project name:	55		Sample name:	222		Section name:	section		Position	0.000000	mm	E0	0.000000	keV	E1	1.000000	keV/channel	sample surface	2.000000	cm	Tube anode:	Mo		Tube voltage:	30	kV	Tube current:	30	mA	gain	15		std. database			resultfile	result		matrix element	11		sample thickness	1.000000		air passage	0.560000	cm	comments	not in position		peaking_time	0.300000	m-sec	trigger_threshold	40.000000	V	mca_bin_width	2.000000	no:	number_mca_channels	2048.000000	no:	gap_time	2048.000000	m-sec	trigger_peaking_time	2048.000000	m-sec	GAINDAC	400		HIGHGAIN	400		TAURC	400		RCTAU	400		RCTAUFRAC	400		livetime	13.014294	seconds	runtime	15.000232	seconds	input_count_rate	80431.410221	cps	output_count_rate	69782.785033	cps	triggers	1173264	seconds	events_in_run	1020480	seconds	channel	content		1.000	0
2.000	0
3.000	0
4.000	0
5.000	0
6.000	0
7.000	0
8.000	0
9.000	0
10.000	0
11.000	0
12.000	0
13.000	0
14.000	0
15.000	0
16.000	0
17.000	0
18.000	0
19.000	0
20.000	0
21.000	0
22.000	0
23.000	0
24.000	0
25.000	0
26.000	0
27.000	0
28.000	0
29.000	0
30.000	0
31.000	0
32.000	0
33.000	0
34.000	0
35.000	0
36.000	0
37.000	0
38.000	0
39.000	1
40.000	0
41.000	0
42.000	0
43.000	0
44.000	0
45.000	0
46.000	1
47.000	0
48.000	1
49.000	1
50.000	1
51.000	1
52.000	3
53.000	2
54.000	5
55.000	5
56.000	6
57.000	6
58.000	10
59.000	18
60.000	21
61.000	28
62.000	30
63.000	31
64.000	34
65.000	30
66.000	30
67.000	30
68.000	25
69.000	28
70.000	27
71.000	23
72.000	23
73.000	24
74.000	26
75.000	24
76.000	25
77.000	23
78.000	24
79.000	24
80.000	22
81.000	21
82.000	26
83.000	25
84.000	25
85.000	26
86.000	27
87.000	25
88.000	24
89.000	23
90.000	22
91.000	21
92.000	22
93.000	23
94.000	24
95.000	20
96.000	25
97.000	23
98.000	22
99.000	21
100.000	20
101.000	21
102.000	21
103.000	20
104.000	20
105.000	17
106.000	19
107.000	17
108.000	22
109.000	18
110.000	21
111.000	20
112.000	18
113.000	17
114.000	18
115.000	17
116.000	19
117.000	16
118.000	20
119.000	16
120.000	17
121.000	18
122.000	17
123.000	14
124.000	16
125.000	18
126.000	13
127.000	16
128.000	16
129.000	17
130.000	12
131.000	16
132.000	17
133.000	13
134.000	14
135.000	14
136.000	15
137.000	14
138.000	15
139.000	16
140.000	17
141.000	19
142.000	22
143.000	21
144.000	26
145.000	29
146.000	28
147.000	24
148.000	26
149.000	22
150.000	22
151.000	21
152.000	21
153.000	19
154.000	18
155.000	19
156.000	16
157.000	16
158.000	14
159.000	15
160.000	13
161.000	14
162.000	18
163.000	22
164.000	24
165.000	29
166.000	38
167.000	49
168.000	55
169.000	72
170.000	73
171.000	77
172.000	68
173.000	64
174.000	54
175.000	44
176.000	37
177.000	33
178.000	27
179.000	27
180.000	27
181.000	30
182.000	33
183.000	40
184.000	52
185.000	71
186.000	88
187.000	111
188.000	130
189.000	159
190.000	170
191.000	182
192.000	175
193.000	155
194.000	135
195.000	108
196.000	85
197.000	58
198.000	42
199.000	32
200.000	24
201.000	18
202.000	16
203.000	13
204.000	14
205.000	13
206.000	13
207.000	13
208.000	14
209.000	11
210.000	11
211.000	14
212.000	17
213.000	15
214.000	14
215.000	17
216.000	20
217.000	24
218.000	23
219.000	27
220.000	33
221.000	35
222.000	36
223.000	36
224.000	37
225.000	31
226.000	30
227.000	30
228.000	23
229.000	25
230.000	21
231.000	16
232.000	17
233.000	14
234.000	12
235.000	11
236.000	13
237.000	12
238.000	12
239.000	10
240.000	10
241.000	10
242.000	9
243.000	11
244.000	14
245.000	15
246.000	17
247.000	19
248.000	25
249.000	31
250.000	43
251.000	54
252.000	70
253.000	88
254.000	109
255.000	119
256.000	135
257.000	143
258.000	129
259.000	123
260.000	109
261.000	90
262.000	74
263.000	54
264.000	44
265.000	33
266.000	25
267.000	22
268.000	21
269.000	20
270.000	21
271.000	23
272.000	23
273.000	26
274.000	25
275.000	25
276.000	28
277.000	25
278.000	29
279.000	26
280.000	26
281.000	28
282.000	31
283.000	34
284.000	39
285.000	45
286.000	54
287.000	64
288.000	71
289.000	73
290.000	72
291.000	72
292.000	67
293.000	56
294.000	52
295.000	41
296.000	34
297.000	31
298.000	27
299.000	22
300.000	16
301.000	21
302.000	17
303.000	19
304.000	17
305.000	19
306.000	20
307.000	21
308.000	26
309.000	24
310.000	29
311.000	30
312.000	34
313.000	42
314.000	49
315.000	59
316.000	82
317.000	111
318.000	143
319.000	191
320.000	228
321.000	277
322.000	332
323.000	359
324.000	374
325.000	380
326.000	361
327.000	331
328.000	276
329.000	231
330.000	192
331.000	145
332.000	102
333.000	75
334.000	56
335.000	42
336.000	34
337.000	29
338.000	30
339.000	32
340.000	37
341.000	42
342.000	51
343.000	70
344.000	81
345.000	105
346.000	155
347.000	245
348.000	353
349.000	547
350.000	842
351.000	1325
352.000	1998
353.000	2925
354.000	4156
355.000	5643
356.000	7418
357.000	9306
358.000	11084
359.000	12632
360.000	13822
361.000	14410
362.000	14262
363.000	13596
364.000	12245
365.000	10588
366.000	8691
367.000	6848
368.000	5153
369.000	3677
370.000	2521
371.000	1691
372.000	1051
373.000	659
374.000	401
375.000	262
376.000	171
377.000	133
378.000	122
379.000	127
380.000	159
381.000	202
382.000	261
383.000	373
384.000	486
385.000	651
386.000	844
387.000	1094
388.000	1328
389.000	1591
390.000	1859
391.000	2049
392.000	2120
393.000	2163
394.000	2100
395.000	1964
396.000	1737
397.000	1469
398.000	1195
399.000	959
400.000	729
401.000	509
402.000	348
403.000	232
404.000	151
405.000	99
406.000	60
407.000	42
408.000	24
409.000	17
410.000	14
411.000	10
412.000	10
413.000	8
414.000	8
415.000	8
416.000	8
417.000	7
418.000	9
419.000	8
420.000	8
421.000	8
422.000	11
423.000	9
424.000	9
425.000	11
426.000	13
427.000	17
428.000	23
429.000	28
430.000	40
431.000	53
432.000	66
433.000	97
434.000	127
435.000	159
436.000	197
437.000	231
438.000	261
439.000	295
440.000	305
441.000	315
442.000	310
443.000	298
444.000	267
445.000	234
446.000	197
447.000	169
448.000	133
449.000	109
450.000	87
451.000	74
452.000	61
453.000	57
454.000	48
455.000	44
456.000	44
457.000	40
458.000	38
459.000	33
460.000	31
461.000	30
462.000	24
463.000	23
464.000	22
465.000	20
466.000	21
467.000	20
468.000	20
469.000	23
470.000	23
471.000	26
472.000	32
473.000	35
474.000	34
475.000	43
476.000	46
477.000	52
478.000	56
479.000	65
480.000	64
481.000	69
482.000	74
483.000	72
484.000	72
485.000	69
486.000	63
487.000	52
488.000	44
489.000	41
490.000	36
491.000	29
492.000	29
493.000	26
494.000	24
495.000	22
496.000	16
497.000	19
498.000	18
499.000	21
500.000	19
501.000	18
502.000	19
503.000	19
504.000	19
505.000	21
506.000	23
507.000	20
508.000	22
509.000	23
510.000	22
511.000	23
512.000	24
513.000	28
514.000	26
515.000	27
516.000	29
517.000	31
518.000	31
519.000	34
520.000	37
521.000	37
522.000	38
523.000	37
524.000	46
525.000	46
526.000	49
527.000	52
528.000	50
529.000	53
530.000	53
531.000	51
532.000	48
533.000	47
534.000	40
535.000	38
536.000	36
537.000	33
538.000	30
539.000	31
540.000	27
541.000	28
542.000	24
543.000	26
544.000	26
545.000	25
546.000	25
547.000	23
548.000	27
549.000	27
550.000	25
551.000	25
552.000	26
553.000	26
554.000	27
555.000	32
556.000	28
557.000	29
558.000	28
559.000	28
560.000	31
561.000	35
562.000	38
563.000	38
564.000	39
565.000	45
566.000	52
567.000	54
568.000	65
569.000	77
570.000	85
571.000	95
572.000	106
573.000	115
574.000	120
575.000	132
576.000	136
577.000	125
578.000	132
579.000	114
580.000	108
581.000	102
582.000	92
583.000	79
584.000	66
585.000	59
586.000	51
587.000	46
588.000	40
589.000	42
590.000	38
591.000	39
592.000	36
593.000	34
594.000	36
595.000	35
596.000	37
597.000	38
598.000	40
599.000	43
600.000	45
601.000	43
602.000	47
603.000	51
604.000	59
605.000	69
606.000	87
607.000	114
608.000	154
609.000	208
610.000	285
611.000	415
612.000	601
613.000	822
614.000	1172
615.000	1586
616.000	2065
617.000	2642
618.000	3392
619.000	4143
620.000	4900
621.000	5602
622.000	6332
623.000	6841
624.000	7238
625.000	7409
626.000	7421
627.000	7148
628.000	6708
629.000	6047
630.000	5378
631.000	4566
632.000	3791
633.000	3061
634.000	2447
635.000	1851
636.000	1377
637.000	1010
638.000	721
639.000	505
640.000	355
641.000	256
642.000	182
643.000	139
644.000	109
645.000	88
646.000	76
647.000	68
648.000	68
649.000	61
650.000	63
651.000	63
652.000	60
653.000	59
654.000	61
655.000	60
656.000	61
657.000	66
658.000	61
659.000	72
660.000	65
661.000	66
662.000	70
663.000	73
664.000	72
665.000	69
666.000	75
667.000	79
668.000	78
669.000	91
670.000	92
671.000	110
672.000	113
673.000	136
674.000	144
675.000	180
676.000	215
677.000	263
678.000	320
679.000	376
680.000	460
681.000	563
682.000	661
683.000	780
684.000	898
685.000	994
686.000	1082
687.000	1148
688.000	1222
689.000	1217
690.000	1200
691.000	1183
692.000	1113
693.000	1016
694.000	917
695.000	811
696.000	684
697.000	558
698.000	478
699.000	383
700.000	309
701.000	235
702.000	187
703.000	154
704.000	123
705.000	94
706.000	85
707.000	78
708.000	70
709.000	62
710.000	63
711.000	60
712.000	62
713.000	66
714.000	64
715.000	63
716.000	70
717.000	65
718.000	72
719.000	75
720.000	78
721.000	80
722.000	80
723.000	87
724.000	90
725.000	87
726.000	92
727.000	90
728.000	94
729.000	94
730.000	89
731.000	91
732.000	91
733.000	88
734.000	83
735.000	84
736.000	83
737.000	78
738.000	76
739.000	72
740.000	72
741.000	76
742.000	71
743.000	74
744.000	73
745.000	68
746.000	74
747.000	68
748.000	70
749.000	68
750.000	70
751.000	72
752.000	71
753.000	68
754.000	70
755.000	74
756.000	69
757.000	69
758.000	77
759.000	69
760.000	68
761.000	73
762.000	72
763.000	78
764.000	72
765.000	73
766.000	77
767.000	79
768.000	75
769.000	81
770.000	76
771.000	82
772.000	84
773.000	84
774.000	93
775.000	94
776.000	97
777.000	96
778.000	102
779.000	110
780.000	110
781.000	124
782.000	121
783.000	129
784.000	132
785.000	134
786.000	141
787.000	139
788.000	149
789.000	139
790.000	147
791.000	151
792.000	151
793.000	146
794.000	148
795.000	139
796.000	150
797.000	145
798.000	148
799.000	148
800.000	153
801.000	147
802.000	148
803.000	156
804.000	155
805.000	160
806.000	158
807.000	167
808.000	182
809.000	186
810.000	195
811.000	202
812.000	220
813.000	233
814.000	260
815.000	275
816.000	274
817.000	284
818.000	292
819.000	300
820.000	290
821.000	297
822.000	290
823.000	271
824.000	258
825.000	242
826.000	223
827.000	208
828.000	197
829.000	184
830.000	162
831.000	154
832.000	148
833.000	143
834.000	143
835.000	142
836.000	134
837.000	138
838.000	132
839.000	136
840.000	129
841.000	132
842.000	139
843.000	133
844.000	133
845.000	134
846.000	144
847.000	131
848.000	128
849.000	130
850.000	126
851.000	130
852.000	121
853.000	126
854.000	122
855.000	120
856.000	115
857.000	118
858.000	119
859.000	121
860.000	119
861.000	122
862.000	115
863.000	124
864.000	113
865.000	118
866.000	121
867.000	124
868.000	122
869.000	127
870.000	121
871.000	123
872.000	121
873.000	127
874.000	119
875.000	118
876.000	118
877.000	120
878.000	125
879.000	120
880.000	114
881.000	119
882.000	117
883.000	115
884.000	122
885.000	127
886.000	124
887.000	121
888.000	125
889.000	122
890.000	127
891.000	122
892.000	128
893.000	129
894.000	132
895.000	137
896.000	137
897.000	134
898.000	138
899.000	137
900.000	143
901.000	147
902.000	147
903.000	153
904.000	151
905.000	160
906.000	168
907.000	161
908.000	163
909.000	162
910.000	160
911.000	170
912.000	167
913.000	173
914.000	163
915.000	170
916.000	174
917.000	177
918.000	174
919.000	175
920.000	186
921.000	186
922.000	180
923.000	183
924.000	185
925.000	186
926.000	189
927.000	193
928.000	187
929.000	193
930.000	202
931.000	202
932.000	213
933.000	213
934.000	207
935.000	224
936.000	228
937.000	224
938.000	244
939.000	250
940.000	253
941.000	257
942.000	250
943.000	264
944.000	260
945.000	254
946.000	259
947.000	251
948.000	242
949.000	236
950.000	227
951.000	219
952.000	204
953.000	207
954.000	205
955.000	206
956.000	182
957.000	188
958.000	179
959.000	178
960.000	173
961.000	178
962.000	175
963.000	172
964.000	172
965.000	176
966.000	181
967.000	186
968.000	180
969.000	188
970.000	186
971.000	186
972.000	182
973.000	185
974.000	190
975.000	185
976.000	174
977.000	183
978.000	170
979.000	170
980.000	165
981.000	169
982.000	165
983.000	157
984.000	149
985.000	153
986.000	150
987.000	150
988.000	146
989.000	153
990.000	153
991.000	140
992.000	142
993.000	141
994.000	143
995.000	135
996.000	130
997.000	141
998.000	133
999.000	138
1000.000	141
1001.000	136
1002.000	134
1003.000	128
1004.000	138
1005.000	133
1006.000	137
1007.000	138
1008.000	131
1009.000	134
1010.000	137
1011.000	136
1012.000	146
1013.000	134
1014.000	138
1015.000	137
1016.000	140
1017.000	138
1018.000	135
1019.000	143
1020.000	135
1021.000	144
1022.000	140
1023.000	144
1024.000	145
1025.000	141
1026.000	145
1027.000	147
1028.000	141
1029.000	145
1030.000	146
1031.000	159
1032.000	151
1033.000	143
1034.000	150
1035.000	144
1036.000	152
1037.000	145
1038.000	151
1039.000	144
1040.000	147
1041.000	147
1042.000	151
1043.000	150
1044.000	152
1045.000	147
1046.000	146
1047.000	154
1048.000	155
1049.000	154
1050.000	157
1051.000	157
1052.000	155
1053.000	156
1054.000	160
1055.000	156
1056.000	159
1057.000	159
1058.000	157
1059.000	159
1060.000	157
1061.000	160
1062.000	163
1063.000	162
1064.000	160
1065.000	164
1066.000	161
1067.000	156
1068.000	162
1069.000	156
1070.000	154
1071.000	163
1072.000	162
1073.000	157
1074.000	159
1075.000	156
1076.000	162
1077.000	161
1078.000	157
1079.000	152
1080.000	160
1081.000	152
1082.000	157
1083.000	155
1084.000	156
1085.000	155
1086.000	157
1087.000	156
1088.000	159
1089.000	154
1090.000	168
1091.000	166
1092.000	159
1093.000	167
1094.000	169
1095.000	174
1096.000	170
1097.000	176
1098.000	174
1099.000	170
1100.000	172
1101.000	164
1102.000	173
1103.000	176
1104.000	169
1105.000	176
1106.000	174
1107.000	181
1108.000	167
1109.000	169
1110.000	168
1111.000	168
1112.000	165
1113.000	164
1114.000	156
1115.000	160
1116.000	165
1117.000	161
1118.000	159
1119.000	164
1120.000	163
1121.000	162
1122.000	162
1123.000	159
1124.000	161
1125.000	163
1126.000	162
1127.000	157
1128.000	164
1129.000	163
1130.000	159
1131.000	157
1132.000	163
1133.000	166
1134.000	166
1135.000	164
1136.000	165
1137.000	168
1138.000	167
1139.000	170
1140.000	174
1141.000	166
1142.000	163
1143.000	164
1144.000	166
1145.000	166
1146.000	166
1147.000	167
1148.000	163
1149.000	167
1150.000	175
1151.000	166
1152.000	174
1153.000	177
1154.000	176
1155.000	171
1156.000	184
1157.000	185
1158.000	187
1159.000	186
1160.000	188
1161.000	195
1162.000	186
1163.000	186
1164.000	181
1165.000	184
1166.000	181
1167.000	186
1168.000	184
1169.000	176
1170.000	175
1171.000	175
1172.000	172
1173.000	166
1174.000	165
1175.000	171
1176.000	170
1177.000	168
1178.000	155
1179.000	170
1180.000	159
1181.000	167
1182.000	158
1183.000	163
1184.000	161
1185.000	165
1186.000	164
1187.000	161
1188.000	158
1189.000	158
1190.000	155
1191.000	162
1192.000	165
1193.000	159
1194.000	162
1195.000	166
1196.000	155
1197.000	165
1198.000	157
1199.000	161
1200.000	168
1201.000	161
1202.000	168
1203.000	158
1204.000	161
1205.000	160
1206.000	163
1207.000	158
1208.000	166
1209.000	161
1210.000	179
1211.000	169
1212.000	161
1213.000	163
1214.000	167
1215.000	167
1216.000	166
1217.000	171
1218.000	167
1219.000	172
1220.000	174
1221.000	168
1222.000	162
1223.000	166
1224.000	162
1225.000	174
1226.000	170
1227.000	173
1228.000	168
1229.000	166
1230.000	165
1231.000	174
1232.000	177
1233.000	170
1234.000	178
1235.000	169
1236.000	178
1237.000	176
1238.000	175
1239.000	178
1240.000	169
1241.000	168
1242.000	176
1243.000	168
1244.000	172
1245.000	174
1246.000	170
1247.000	176
1248.000	174
1249.000	170
1250.000	171
1251.000	166
1252.000	169
1253.000	173
1254.000	172
1255.000	174
1256.000	172
1257.000	170
1258.000	169
1259.000	168
1260.000	171
1261.000	164
1262.000	170
1263.000	168
1264.000	168
1265.000	169
1266.000	174
1267.000	164
1268.000	167
1269.000	170
1270.000	163
1271.000	167
1272.000	171
1273.000	170
1274.000	168
1275.000	172
1276.000	168
1277.000	176
1278.000	172
1279.000	165
1280.000	167
1281.000	166
1282.000	171
1283.000	172
1284.000	171
1285.000	178
1286.000	172
1287.000	173
1288.000	168
1289.000	174
1290.000	178
1291.000	179
1292.000	177
1293.000	186
1294.000	185
1295.000	187
1296.000	191
1297.000	188
1298.000	191
1299.000	198
1300.000	198
1301.000	195
1302.000	195
1303.000	201
1304.000	202
1305.000	196
1306.000	192
1307.000	194
1308.000	193
1309.000	193
1310.000	191
1311.000	196
1312.000	191
1313.000	187
1314.000	185
1315.000	182
1316.000	187
1317.000	179
1318.000	184
1319.000	183
1320.000	181
1321.000	181
1322.000	180
1323.000	182
1324.000	181
1325.000	181
1326.000	174
1327.000	176
1328.000	178
1329.000	180
1330.000	181
1331.000	180
1332.000	172
1333.000	178
1334.000	166
1335.000	175
1336.000	172
1337.000	176
1338.000	177
1339.000	180
1340.000	183
1341.000	181
1342.000	188
1343.000	172
1344.000	179
1345.000	184
1346.000	180
1347.000	176
1348.000	176
1349.000	173
1350.000	175
1351.000	177
1352.000	191
1353.000	189
1354.000	188
1355.000	191
1356.000	195
1357.000	207
1358.000	212
1359.000	222
1360.000	231
1361.000	248
1362.000	257
1363.000	277
1364.000	309
1365.000	342
1366.000	373
1367.000	386
1368.000	430
1369.000	474
1370.000	514
1371.000	547
1372.000	606
1373.000	640
1374.000	681
1375.000	719
1376.000	741
1377.000	766
1378.000	775
1379.000	782
1380.000	795
1381.000	792
1382.000	758
1383.000	749
1384.000	729
1385.000	678
1386.000	660
1387.000	603
1388.000	572
1389.000	524
1390.000	488
1391.000	422
1392.000	398
1393.000	361
1394.000	327
1395.000	310
1396.000	277
1397.000	259
1398.000	244
1399.000	226
1400.000	213
1401.000	213
1402.000	196
1403.000	195
1404.000	190
1405.000	184
1406.000	183
1407.000	178
1408.000	174
1409.000	172
1410.000	182
1411.000	171
1412.000	177
1413.000	171
1414.000	174
1415.000	179
1416.000	172
1417.000	169
1418.000	176
1419.000	166
1420.000	175
1421.000	174
1422.000	177
1423.000	172
1424.000	174
1425.000	176
1426.000	177
1427.000	172
1428.000	170
1429.000	180
1430.000	171
1431.000	178
1432.000	175
1433.000	176
1434.000	168
1435.000	175
1436.000	180
1437.000	179
1438.000	183
1439.000	175
1440.000	180
1441.000	181
1442.000	181
1443.000	176
1444.000	175
1445.000	184
1446.000	183
1447.000	184
1448.000	185
1449.000	189
1450.000	191
1451.000	188
1452.000	189
1453.000	190
1454.000	183
1455.000	193
1456.000	190
1457.000	189
1458.000	195
1459.000	188
1460.000	185
1461.000	196
1462.000	188
1463.000	194
1464.000	187
1465.000	182
1466.000	192
1467.000	184
1468.000	181
1469.000	184
1470.000	188
1471.000	184
1472.000	181
1473.000	188
1474.000	177
1475.000	181
1476.000	186
1477.000	176
1478.000	178
1479.000	179
1480.000	176
1481.000	182
1482.000	184
1483.000	182
1484.000	183
1485.000	172
1486.000	180
1487.000	180
1488.000	188
1489.000	183
1490.000	178
1491.000	182
1492.000	175
1493.000	181
1494.000	181
1495.000	180
1496.000	184
1497.000	189
1498.000	182
1499.000	183
1500.000	173
1501.000	184
1502.000	184
1503.000	186
1504.000	184
1505.000	184
1506.000	187
1507.000	185
1508.000	190
1509.000	185
1510.000	188
1511.000	187
1512.000	191
1513.000	185
1514.000	186
1515.000	188
1516.000	190
1517.000	190
1518.000	190
1519.000	199
1520.000	197
1521.000	198
1522.000	196
1523.000	202
1524.000	212
1525.000	223
1526.000	220
1527.000	220
1528.000	233
1529.000	236
1530.000	249
1531.000	253
1532.000	259
1533.000	271
1534.000	273
1535.000	279
1536.000	290
1537.000	294
1538.000	308
1539.000	309
1540.000	319
1541.000	326
1542.000	313
1543.000	327
1544.000	333
1545.000	329
1546.000	326
1547.000	318
1548.000	326
1549.000	313
1550.000	307
1551.000	296
1552.000	298
1553.000	291
1554.000	283
1555.000	286
1556.000	271
1557.000	272
1558.000	271
1559.000	269
1560.000	270
1561.000	272
1562.000	272
1563.000	277
1564.000	281
1565.000	285
1566.000	280
1567.000	287
1568.000	299
1569.000	299
1570.000	301
1571.000	313
1572.000	305
1573.000	328
1574.000	328
1575.000	331
1576.000	343
1577.000	354
1578.000	375
1579.000	373
1580.000	394
1581.000	398
1582.000	408
1583.000	408
1584.000	419
1585.000	425
1586.000	450
1587.000	460
1588.000	468
1589.000	500
1590.000	504
1591.000	508
1592.000	513
1593.000	527
1594.000	535
1595.000	555
1596.000	561
1597.000	562
1598.000	576
1599.000	586
1600.000	587
1601.000	599
1602.000	606
1603.000	605
1604.000	628
1605.000	612
1606.000	630
1607.000	620
1608.000	622
1609.000	623
1610.000	616
1611.000	633
1612.000	624
1613.000	624
1614.000	597
1615.000	608
1616.000	613
1617.000	591
1618.000	588
1619.000	564
1620.000	556
1621.000	550
1622.000	549
1623.000	538
1624.000	514
1625.000	505
1626.000	500
1627.000	490
1628.000	479
1629.000	457
1630.000	456
1631.000	437
1632.000	430
1633.000	405
1634.000	402
1635.000	384
1636.000	385
1637.000	372
1638.000	356
1639.000	353
1640.000	338
1641.000	332
1642.000	307
1643.000	311
1644.000	302
1645.000	294
1646.000	287
1647.000	276
1648.000	256
1649.000	265
1650.000	253
1651.000	251
1652.000	253
1653.000	243
1654.000	227
1655.000	227
1656.000	220
1657.000	218
1658.000	216
1659.000	211
1660.000	210
1661.000	202
1662.000	205
1663.000	190
1664.000	198
1665.000	193
1666.000	191
1667.000	192
1668.000	189
1669.000	179
1670.000	185
1671.000	187
1672.000	190
1673.000	193
1674.000	186
1675.000	186
1676.000	197
1677.000	206
1678.000	198
1679.000	213
1680.000	214
1681.000	232
1682.000	244
1683.000	259
1684.000	261
1685.000	278
1686.000	302
1687.000	313
1688.000	334
1689.000	356
1690.000	385
1691.000	394
1692.000	436
1693.000	455
1694.000	468
1695.000	477
1696.000	502
1697.000	519
1698.000	521
1699.000	534
1700.000	547
1701.000	537
1702.000	555
1703.000	544
1704.000	527
1705.000	518
1706.000	505
1707.000	497
1708.000	481
1709.000	459
1710.000	434
1711.000	414
1712.000	388
1713.000	367
1714.000	333
1715.000	308
1716.000	295
1717.000	273
1718.000	249
1719.000	234
1720.000	219
1721.000	212
1722.000	186
1723.000	184
1724.000	174
1725.000	169
1726.000	155
1727.000	160
1728.000	160
1729.000	153
1730.000	151
1731.000	147
1732.000	152
1733.000	143
1734.000	138
1735.000	140
1736.000	140
1737.000	147
1738.000	143
1739.000	149
1740.000	143
1741.000	147
1742.000	149
1743.000	141
1744.000	140
1745.000	149
1746.000	145
1747.000	142
1748.000	145
1749.000	146
1750.000	149
1751.000	147
1752.000	157
1753.000	156
1754.000	158
1755.000	149
1756.000	152
1757.000	151
1758.000	152
1759.000	156
1760.000	157
1761.000	160
1762.000	160
1763.000	162
1764.000	161
1765.000	173
1766.000	163
1767.000	159
1768.000	172
1769.000	170
1770.000	170
1771.000	178
1772.000	176
1773.000	177
1774.000	179
1775.000	175
1776.000	183
1777.000	192
1778.000	181
1779.000	183
1780.000	183
1781.000	198
1782.000	195
1783.000	197
1784.000	196
1785.000	201
1786.000	200
1787.000	197
1788.000	197
1789.000	196
1790.000	200
1791.000	200
1792.000	201
1793.000	194
1794.000	200
1795.000	201
1796.000	196
1797.000	194
1798.000	190
1799.000	206
1800.000	195
1801.000	199
1802.000	198
1803.000	188
1804.000	189
1805.000	189
1806.000	184
1807.000	189
1808.000	188
1809.000	189
1810.000	180
1811.000	176
1812.000	182
1813.000	176
1814.000	177
1815.000	169
1816.000	166
1817.000	173
1818.000	161
1819.000	158
1820.000	164
1821.000	154
1822.000	153
1823.000	157
1824.000	144
1825.000	142
1826.000	137
1827.000	147
1828.000	142
1829.000	137
1830.000	138
1831.000	130
1832.000	135
1833.000	131
1834.000	121
1835.000	128
1836.000	124
1837.000	115
1838.000	118
1839.000	115
1840.000	114
1841.000	117
1842.000	113
1843.000	112
1844.000	112
1845.000	106
1846.000	107
1847.000	106
1848.000	101
1849.000	101
1850.000	102
1851.000	103
1852.000	97
1853.000	97
1854.000	90
1855.000	104
1856.000	89
1857.000	89
1858.000	94
1859.000	90
1860.000	93
1861.000	90
1862.000	85
1863.000	91
1864.000	87
1865.000	86
1866.000	87
1867.000	84
1868.000	85
1869.000	81
1870.000	83
1871.000	84
1872.000	76
1873.000	81
1874.000	71
1875.000	85
1876.000	80
1877.000	72
1878.000	81
1879.000	76
1880.000	78
1881.000	80
1882.000	73
1883.000	73
1884.000	75
1885.000	76
1886.000	77
1887.000	75
1888.000	82
1889.000	81
1890.000	78
1891.000	78
1892.000	79
1893.000	86
1894.000	83
1895.000	81
1896.000	84
1897.000	86
1898.000	94
1899.000	100
1900.000	102
1901.000	100
1902.000	106
1903.000	112
1904.000	109
1905.000	112
1906.000	121
1907.000	114
1908.000	120
1909.000	118
1910.000	119
1911.000	123
1912.000	120
1913.000	120
1914.000	118
1915.000	121
1916.000	120
1917.000	111
1918.000	116
1919.000	100
1920.000	106
1921.000	98
1922.000	95
1923.000	94
1924.000	97
1925.000	85
1926.000	80
1927.000	81
1928.000	80
1929.000	74
1930.000	78
1931.000	70
1932.000	71
1933.000	70
1934.000	70
1935.000	69
1936.000	70
1937.000	67
1938.000	67
1939.000	67
1940.000	69
1941.000	71
1942.000	69
1943.000	72
1944.000	68
1945.000	68
1946.000	71
1947.000	68
1948.000	64
1949.000	66
1950.000	68
1951.000	60
1952.000	63
1953.000	65
1954.000	60
1955.000	60
1956.000	65
1957.000	65
1958.000	58
1959.000	59
1960.000	56
1961.000	61
1962.000	56
1963.000	55
1964.000	53
1965.000	53
1966.000	53
1967.000	55
1968.000	56
1969.000	56
1970.000	48
1971.000	55
1972.000	54
1973.000	56
1974.000	54
1975.000	49
1976.000	52
1977.000	53
1978.000	52
1979.000	52
1980.000	48
1981.000	48
1982.000	53
1983.000	50
1984.000	53
1985.000	54
1986.000	57
1987.000	53
1988.000	52
1989.000	49
1990.000	55
1991.000	50
1992.000	52
1993.000	50
1994.000	51
1995.000	52
1996.000	52
1997.000	55
1998.000	51
1999.000	50
2000.000	50
2001.000	49
2002.000	52
2003.000	53
2004.000	49
2005.000	52
2006.000	50
2007.000	48
2008.000	49
2009.000	51
2010.000	46
2011.000	51
2012.000	46
2013.000	50
2014.000	49
2015.000	49
2016.000	50
2017.000	48
2018.000	46
2019.000	47
2020.000	48
2021.000	49
2022.000	46
2023.000	49
2024.000	47
2025.000	50
2026.000	49
2027.000	47
2028.000	49
2029.000	47
2030.000	49
2031.000	47
2032.000	48
2033.000	47
2034.000	50
2035.000	48
2036.000	49
2037.000	50
2038.000	46
2039.000	49
2040.000	43
2041.000	49
2042.000	46
2043.000	47
2044.000	49
2045.000	45
2046.000	49
2047.000	51
2048.000	0
