C:\Data\CD166_19_(2020)_processed\CD166_19_S1\CD166_19_S1_REP2\XRF data     06-Oct-20  re-evaluated data
peakarea
filename	position (mm)	sample surface	validity	E-gain	E-offset	F-slope	F-offset	cps	MSE	Al	Si	P	S	Cl	Ar	K	Ca	Sc	Ti	V	Cr	Mn	Fe	Ni	Cu	Zn	Ga	Ge	Br	Rb	Sr	Y	Zr	Pd	Cd	I	Cs	Ba	Nd	Sm	Yb	Ta	W	Pb	Bi	Fe a*2	Fe a+b	S1	S2	S3	Mo inc	Mo coh	Dt	
C:\Data\CD166_19_(2020)_processed\CD166_19_S1\CD166_19_S1_REP2\XRF data\L000000.spe	31.54	6.38	1	0.010267	-0.009931	0.009900	0.077115	28455	1.31	23	244	0	46	1102	574	2046	84928	0	1194	57	250	379	27240	166	155	177	58	11	479	244	7264	176	230	19	19	48	0	44	32	17	90	581	1604	68	140	192	103	227	151	212	24088	7584	0.107	
C:\Data\CD166_19_(2020)_processed\CD166_19_S1\CD166_19_S1_REP2\XRF data\L000001.spe	32.54	6.39	1	0.010267	-0.009931	0.009900	0.077115	36353	1.40	73	308	0	7	1447	579	2573	124571	84	1705	99	296	518	36631	86	225	227	30	40	600	253	8623	56	196	22	34	69	0	22	31	0	209	801	1887	10	95	148	269	383	130	230	26345	8685	0.106	
C:\Data\CD166_19_(2020)_processed\CD166_19_S1\CD166_19_S1_REP2\XRF data\L000002.spe	33.54	6.42	1	0.010267	-0.009931	0.009900	0.077115	39533	1.50	54	371	0	46	1582	524	2630	156815	0	1912	100	290	590	36719	140	195	168	0	0	607	153	9092	155	352	83	57	75	0	37	39	10	182	716	2042	8	145	119	189	253	198	373	26033	9378	0.104	
C:\Data\CD166_19_(2020)_processed\CD166_19_S1\CD166_19_S1_REP2\XRF data\L000003.spe	34.54	6.42	1	0.010267	-0.009931	0.009900	0.077115	40475	1.62	77	312	0	34	1542	633	2338	167268	0	2141	0	245	427	35965	130	221	217	22	17	542	156	9733	130	343	28	54	92	0	18	28	32	250	680	2114	22	184	163	130	285	219	415	26450	9600	0.105	
C:\Data\CD166_19_(2020)_processed\CD166_19_S1\CD166_19_S1_REP2\XRF data\L000004.spe	35.54	6.43	1	0.010267	-0.009931	0.009900	0.077115	41069	1.52	96	298	0	37	1676	560	2575	153092	0	1992	108	345	566	38130	140	231	278	35	0	653	208	10173	135	299	48	86	61	0	94	34	7	198	710	2171	42	119	37	132	320	220	325	29496	10255	0.108	
C:\Data\CD166_19_(2020)_processed\CD166_19_S1\CD166_19_S1_REP2\XRF data\L000005.spe	36.54	6.44	1	0.010267	-0.009931	0.009900	0.077115	42872	1.47	45	347	0	40	2022	482	3527	143606	123	1992	144	400	725	46505	179	242	205	0	25	696	268	10096	193	377	33	58	41	0	113	83	18	206	828	2282	48	99	287	363	380	194	391	30708	9888	0.110	
C:\Data\CD166_19_(2020)_processed\CD166_19_S1\CD166_19_S1_REP2\XRF data\L000006.spe	37.54	6.46	1	0.010267	-0.009931	0.009900	0.077115	41422	1.50	22	380	0	61	1730	493	3321	136455	0	2036	0	364	760	45347	148	148	265	7	75	689	333	9827	64	369	52	18	53	0	65	22	0	201	948	2273	121	197	45	309	394	191	275	29792	9737	0.110	
C:\Data\CD166_19_(2020)_processed\CD166_19_S1\CD166_19_S1_REP2\XRF data\L000007.spe	38.54	6.47	1	0.010267	-0.009931	0.009900	0.077115	41411	1.52	67	388	0	37	1723	583	3508	140498	0	2257	102	332	849	46022	215	288	216	127	84	635	302	9805	142	326	10	43	88	0	122	56	35	208	837	2181	54	199	157	122	454	236	389	28916	9691	0.108	
C:\Data\CD166_19_(2020)_processed\CD166_19_S1\CD166_19_S1_REP2\XRF data\L000008.spe	39.54	6.48	1	0.010267	-0.009931	0.009900	0.077115	41645	1.51	62	449	0	31	1728	523	3404	144514	0	2538	45	388	835	47895	105	170	233	31	75	598	232	9555	183	445	61	55	47	0	142	44	22	160	866	2189	57	195	78	292	400	279	424	27797	9699	0.106	
C:\Data\CD166_19_(2020)_processed\CD166_19_S1\CD166_19_S1_REP2\XRF data\L000009.spe	40.54	6.49	1	0.010267	-0.009931	0.009900	0.077115	42268	1.53	59	455	0	58	1694	604	3192	160424	0	2671	75	386	786	46958	65	225	226	15	69	557	270	9295	142	540	48	89	95	0	120	79	14	308	902	2177	46	237	243	0	426	255	356	27183	9884	0.104	
C:\Data\CD166_19_(2020)_processed\CD166_19_S1\CD166_19_S1_REP2\XRF data\L000010.spe	41.54	6.50	1	0.010267	-0.009931	0.009900	0.077115	42516	1.58	50	402	0	46	1640	539	2772	171863	0	2451	62	332	715	42592	101	164	216	0	98	607	320	9963	238	320	27	106	42	0	49	48	41	292	788	2077	0	204	113	7	357	221	326	27634	9539	0.104	
C:\Data\CD166_19_(2020)_processed\CD166_19_S1\CD166_19_S1_REP2\XRF data\L000011.spe	42.54	6.51	1	0.010267	-0.009931	0.009900	0.077115	41773	1.45	81	342	0	8	1469	522	2732	164200	0	2543	0	322	670	42830	118	208	227	0	111	544	285	9778	116	510	58	73	80	0	54	30	36	256	699	2136	71	206	268	153	318	277	505	27168	9621	0.105	
C:\Data\CD166_19_(2020)_processed\CD166_19_S1\CD166_19_S1_REP2\XRF data\L000012.spe	43.54	6.53	1	0.010267	-0.009931	0.009900	0.077115	41931	1.57	77	553	0	20	1410	567	3185	160387	0	3032	34	341	801	47464	103	207	198	59	112	441	294	9601	123	532	57	79	76	0	96	78	11	198	741	2104	78	143	181	12	383	220	300	26546	9776	0.104	
C:\Data\CD166_19_(2020)_processed\CD166_19_S1\CD166_19_S1_REP2\XRF data\L000013.spe	44.54	6.54	1	0.010267	-0.009931	0.009900	0.077115	40457	1.51	26	483	0	35	1409	582	3319	144448	0	2663	35	338	809	47547	150	237	256	0	163	553	319	9417	234	609	31	27	54	0	146	19	32	195	801	2209	92	208	61	0	350	229	315	26327	9380	0.104	
C:\Data\CD166_19_(2020)_processed\CD166_19_S1\CD166_19_S1_REP2\XRF data\L000014.spe	45.54	6.55	1	0.010267	-0.009931	0.009900	0.077115	39004	1.51	72	481	0	62	1390	518	3040	143082	0	2533	87	372	696	42905	152	246	188	10	148	498	359	9260	211	419	60	73	55	0	87	26	43	195	728	1972	11	151	102	52	398	231	280	25657	9048	0.103	
C:\Data\CD166_19_(2020)_processed\CD166_19_S1\CD166_19_S1_REP2\XRF data\L000015.spe	46.54	6.57	1	0.010267	-0.009931	0.009900	0.077115	38636	1.54	58	395	0	0	1330	572	2343	162378	0	2245	61	312	520	37881	117	181	130	20	145	383	214	9397	135	172	53	53	44	0	34	23	19	140	613	2040	136	147	153	70	324	128	269	23776	9078	0.100	
C:\Data\CD166_19_(2020)_processed\CD166_19_S1\CD166_19_S1_REP2\XRF data\L000016.spe	47.54	6.59	1	0.010267	-0.009931	0.009900	0.077115	41701	1.72	65	412	0	20	1472	549	2378	192975	0	2368	78	257	439	36966	98	128	152	0	32	464	264	10251	0	111	62	90	121	0	19	40	17	328	822	1955	55	204	195	0	288	219	284	24257	9057	0.099	
C:\Data\CD166_19_(2020)_processed\CD166_19_S1\CD166_19_S1_REP2\XRF data\L000017.spe	48.54	6.61	1	0.010267	-0.009931	0.009900	0.077115	42528	1.63	65	315	0	23	1480	585	2116	205513	0	2187	44	286	459	35025	27	144	126	14	107	516	188	10316	111	197	48	94	25	0	0	22	0	330	684	1949	38	171	144	165	296	172	328	24473	9338	0.099	
C:\Data\CD166_19_(2020)_processed\CD166_19_S1\CD166_19_S1_REP2\XRF data\L000018.spe	49.54	6.62	1	0.010267	-0.009931	0.009900	0.077115	43547	1.57	126	407	0	93	1547	645	2314	208765	0	2297	103	339	386	36257	174	191	150	32	119	442	117	10529	50	236	47	108	81	0	35	69	20	219	660	2102	25	82	40	194	359	290	292	24786	9260	0.100	
C:\Data\CD166_19_(2020)_processed\CD166_19_S1\CD166_19_S1_REP2\XRF data\L000019.spe	50.54	6.64	1	0.010267	-0.009931	0.009900	0.077115	44095	1.66	59	376	0	0	1566	579	2348	211697	0	2347	14	341	441	36939	39	101	88	0	60	583	98	10769	107	232	50	107	117	0	0	21	14	365	751	2072	118	171	0	105	382	246	207	25057	9795	0.100	
C:\Data\CD166_19_(2020)_processed\CD166_19_S1\CD166_19_S1_REP2\XRF data\L000020.spe	51.54	6.65	1	0.010267	-0.009931	0.009900	0.077115	44924	1.56	104	383	0	71	1685	572	2387	212909	0	2537	0	358	466	40843	76	179	138	0	122	489	116	10865	142	233	102	84	15	0	20	47	0	389	733	2171	100	188	129	231	424	257	323	25006	9836	0.100	
C:\Data\CD166_19_(2020)_processed\CD166_19_S1\CD166_19_S1_REP2\XRF data\L000021.spe	52.54	6.66	1	0.010267	-0.009931	0.009900	0.077115	43865	1.63	78	372	0	12	1650	635	2299	210458	0	2221	30	333	438	37171	152	122	216	51	88	495	145	10747	50	294	65	76	46	0	14	31	0	277	695	2174	125	170	167	180	430	250	132	24818	9623	0.100	
C:\Data\CD166_19_(2020)_processed\CD166_19_S1\CD166_19_S1_REP2\XRF data\L000022.spe	53.54	6.67	1	0.010267	-0.009931	0.009900	0.077115	44683	1.65	81	342	0	66	1720	572	2430	213332	0	2404	52	365	437	39194	111	127	178	31	101	469	227	10848	68	193	82	159	59	0	21	43	30	327	659	2078	16	145	111	20	287	192	216	25332	9624	0.100	
C:\Data\CD166_19_(2020)_processed\CD166_19_S1\CD166_19_S1_REP2\XRF data\L000023.spe	54.54	6.67	1	0.010267	-0.009931	0.009900	0.077115	43292	1.67	109	296	0	43	1543	653	2088	207731	0	2358	15	286	452	37255	163	135	153	0	112	546	91	10506	142	399	48	103	67	0	0	23	28	162	719	2050	12	165	106	169	356	228	159	24329	9427	0.099	
C:\Data\CD166_19_(2020)_processed\CD166_19_S1\CD166_19_S1_REP2\XRF data\L000024.spe	55.54	6.68	1	0.010267	-0.009931	0.009900	0.077115	44517	1.63	64	353	0	60	1595	609	2293	213555	28	2221	36	265	419	38348	28	146	142	0	116	525	172	10987	132	225	84	127	14	0	26	32	13	340	747	2196	59	237	165	0	371	194	185	24891	9776	0.100	
C:\Data\CD166_19_(2020)_processed\CD166_19_S1\CD166_19_S1_REP2\XRF data\L000025.spe	56.54	6.69	1	0.010267	-0.009931	0.009900	0.077115	44636	1.65	60	332	0	32	1678	627	2306	212353	0	2394	41	327	427	39454	141	165	202	0	95	527	170	11129	140	107	89	100	30	0	0	45	0	273	736	2178	68	67	66	0	386	172	204	25405	9691	0.100	
C:\Data\CD166_19_(2020)_processed\CD166_19_S1\CD166_19_S1_REP2\XRF data\L000026.spe	57.54	6.70	1	0.010267	-0.009931	0.009900	0.077115	45527	1.74	102	349	0	46	1746	600	2355	220888	0	2408	77	398	414	39275	67	180	168	4	116	515	46	11106	28	173	47	113	75	0	7	38	41	376	703	2151	140	196	90	223	414	250	290	25748	9763	0.100	
C:\Data\CD166_19_(2020)_processed\CD166_19_S1\CD166_19_S1_REP2\XRF data\L000027.spe	58.54	6.71	1	0.010267	-0.009931	0.009900	0.077115	45728	1.69	85	334	0	29	1715	594	2323	225596	0	2324	53	316	432	38190	47	245	182	0	175	520	208	11002	149	229	81	114	102	0	0	67	26	366	751	2163	132	115	213	22	289	247	356	24972	9843	0.100	
C:\Data\CD166_19_(2020)_processed\CD166_19_S1\CD166_19_S1_REP2\XRF data\L000028.spe	59.54	6.71	1	0.010267	-0.009931	0.009900	0.077115	45182	1.54	101	332	0	62	1736	568	2194	219235	0	2231	0	284	419	38323	48	121	155	53	102	547	93	11036	149	320	56	92	54	0	10	0	0	371	703	2120	61	125	127	248	266	186	395	25281	9842	0.100	
C:\Data\CD166_19_(2020)_processed\CD166_19_S1\CD166_19_S1_REP2\XRF data\L000029.spe	60.54	6.72	1	0.010267	-0.009931	0.009900	0.077115	45609	1.64	76	366	0	60	1686	583	2333	221718	0	2405	28	275	404	39028	39	205	98	32	149	508	223	11237	131	208	98	56	73	0	0	38	0	368	692	2142	72	98	184	0	315	249	314	25328	9709	0.100	
C:\Data\CD166_19_(2020)_processed\CD166_19_S1\CD166_19_S1_REP2\XRF data\L000030.spe	61.54	6.73	1	0.010267	-0.009931	0.009900	0.077115	46123	1.55	76	421	0	48	1713	639	2397	224741	0	2281	37	357	458	40250	29	162	171	27	106	490	227	11032	43	315	96	94	96	0	44	30	26	403	829	2186	110	136	230	0	259	241	403	25673	9790	0.100	
C:\Data\CD166_19_(2020)_processed\CD166_19_S1\CD166_19_S1_REP2\XRF data\L000031.spe	62.54	6.74	1	0.010267	-0.009931	0.009900	0.077115	47059	1.69	96	390	0	48	1736	632	2547	229077	0	2516	0	339	499	41418	98	188	170	0	129	508	25	11422	151	207	45	99	96	0	26	0	18	306	764	2236	46	151	219	236	306	217	347	26127	9992	0.101	
C:\Data\CD166_19_(2020)_processed\CD166_19_S1\CD166_19_S1_REP2\XRF data\L000032.spe	63.54	6.74	1	0.010267	-0.009931	0.009900	0.077115	46871	1.67	75	402	0	35	1646	721	2457	228216	0	2522	41	346	479	41846	93	155	172	53	124	479	124	11332	97	299	41	94	97	0	0	41	11	285	732	2265	118	195	48	132	282	257	378	25609	9722	0.100	
C:\Data\CD166_19_(2020)_processed\CD166_19_S1\CD166_19_S1_REP2\XRF data\L000033.spe	64.54	6.75	1	0.010267	-0.009931	0.009900	0.077115	46858	1.68	95	399	0	86	1490	597	2516	235186	0	2368	28	298	499	39187	49	112	136	9	114	474	142	11289	80	216	89	116	84	0	17	27	9	331	719	2244	31	148	239	62	266	221	425	25520	9987	0.100	
C:\Data\CD166_19_(2020)_processed\CD166_19_S1\CD166_19_S1_REP2\XRF data\L000034.spe	65.54	6.75	1	0.010267	-0.009931	0.009900	0.077115	47610	1.84	93	473	0	22	1459	583	2570	239108	0	2471	51	305	546	40786	127	153	174	0	62	371	152	11431	36	292	65	109	60	0	12	43	0	309	721	2276	62	18	131	0	302	246	357	25714	10019	0.100	
C:\Data\CD166_19_(2020)_processed\CD166_19_S1\CD166_19_S1_REP2\XRF data\L000035.spe	66.54	6.75	1	0.010267	-0.009931	0.009900	0.077115	48358	1.73	118	406	0	43	1512	655	2493	244856	0	2580	36	339	446	41831	98	169	120	0	0	437	168	11327	100	224	89	136	73	0	31	5	0	351	645	2268	0	102	227	16	356	239	344	25800	10067	0.100	
C:\Data\CD166_19_(2020)_processed\CD166_19_S1\CD166_19_S1_REP2\XRF data\L000036.spe	67.54	6.75	1	0.010267	-0.009931	0.009900	0.077115	48383	1.79	76	436	0	9	1459	699	2299	252327	0	2402	0	332	512	38798	66	214	147	31	114	451	122	11694	185	161	92	128	87	0	54	50	9	417	733	2246	0	117	279	321	340	257	159	25077	9962	0.100	
C:\Data\CD166_19_(2020)_processed\CD166_19_S1\CD166_19_S1_REP2\XRF data\L000037.spe	68.54	6.75	1	0.010267	-0.009931	0.009900	0.077115	47676	1.84	71	376	0	0	1665	629	2328	244049	0	2354	36	237	555	38484	87	175	151	0	143	529	37	11396	66	257	91	136	69	0	20	47	0	375	701	2148	59	112	119	190	264	241	342	25132	10008	0.100	
C:\Data\CD166_19_(2020)_processed\CD166_19_S1\CD166_19_S1_REP2\XRF data\L000038.spe	69.54	6.75	1	0.010267	-0.009931	0.009900	0.077115	48359	1.81	105	428	0	15	1529	662	2324	255821	0	2266	41	308	591	37086	73	227	204	44	61	488	136	11424	120	257	84	124	33	0	0	29	0	350	641	2316	57	121	108	90	343	269	427	25126	9993	0.099	
C:\Data\CD166_19_(2020)_processed\CD166_19_S1\CD166_19_S1_REP2\XRF data\L000039.spe	70.54	6.75	1	0.010267	-0.009931	0.009900	0.077115	47925	1.75	88	387	0	51	1412	632	2344	253581	0	2074	47	278	509	36210	52	219	105	0	66	401	167	11275	207	81	94	126	43	0	22	16	9	358	688	2188	0	117	213	30	250	204	471	24859	10134	0.099	
C:\Data\CD166_19_(2020)_processed\CD166_19_S1\CD166_19_S1_REP2\XRF data\L000040.spe	71.54	6.75	1	0.010267	-0.009931	0.009900	0.077115	48761	1.79	118	438	0	42	1497	647	2465	257868	0	2385	16	355	495	38094	43	157	160	5	49	509	128	11558	237	162	81	155	84	0	27	20	48	467	689	2167	167	279	132	186	382	241	377	25441	9899	0.100	
C:\Data\CD166_19_(2020)_processed\CD166_19_S1\CD166_19_S1_REP2\XRF data\L000041.spe	72.54	6.75	1	0.010267	-0.009931	0.009900	0.077115	48348	1.74	77	428	0	8	1472	653	2350	252134	0	2300	24	340	583	38356	98	175	146	0	87	408	143	11556	105	99	95	126	119	0	15	40	30	399	737	2163	76	95	192	26	355	238	173	25538	9826	0.100	
C:\Data\CD166_19_(2020)_processed\CD166_19_S1\CD166_19_S1_REP2\XRF data\L000042.spe	73.54	6.76	1	0.010267	-0.009931	0.009900	0.077115	49395	1.73	96	457	0	30	1535	739	2456	254847	0	2407	0	325	570	39950	102	180	174	0	4	625	132	11556	110	284	36	96	86	0	46	12	19	376	776	2227	0	103	280	78	347	210	343	26120	10168	0.101	
C:\Data\CD166_19_(2020)_processed\CD166_19_S1\CD166_19_S1_REP2\XRF data\L000043.spe	74.54	6.75	1	0.010267	-0.009931	0.009900	0.077115	49376	1.80	92	392	0	36	1592	704	2452	260451	0	2543	0	330	598	40468	66	214	183	0	140	487	263	11323	74	271	50	124	78	0	20	14	15	391	707	2280	0	100	239	45	320	238	317	25347	9791	0.099	
C:\Data\CD166_19_(2020)_processed\CD166_19_S1\CD166_19_S1_REP2\XRF data\L000044.spe	75.54	6.75	1	0.010267	-0.009931	0.009900	0.077115	45155	1.84	72	353	0	13	1456	707	2232	229565	0	2120	31	293	578	35663	54	165	190	6	71	442	188	10950	75	175	41	98	92	0	25	15	0	312	733	2098	116	144	42	83	370	158	263	24638	9631	0.100	
C:\Data\CD166_19_(2020)_processed\CD166_19_S1\CD166_19_S1_REP2\XRF data\L000045.spe	76.54	6.75	1	0.010267	-0.009931	0.009900	0.077115	48038	1.73	78	412	0	40	1552	693	2291	252670	0	2287	33	288	651	37316	142	245	226	42	88	465	198	11282	167	298	50	133	102	0	21	19	18	345	629	2221	100	196	220	112	309	203	284	24866	9824	0.100	
C:\Data\CD166_19_(2020)_processed\CD166_19_S1\CD166_19_S1_REP2\XRF data\L000046.spe	77.54	6.75	1	0.010267	-0.009931	0.009900	0.077115	49317	1.85	90	405	0	30	1511	698	2276	262904	0	2271	0	271	662	37407	120	150	206	0	228	507	260	11489	70	128	48	118	48	0	49	14	0	416	689	2165	102	214	282	57	351	220	190	25222	9940	0.100	
C:\Data\CD166_19_(2020)_processed\CD166_19_S1\CD166_19_S1_REP2\XRF data\L000047.spe	78.54	6.75	1	0.010267	-0.009931	0.009900	0.077115	48140	1.75	88	414	0	0	1568	626	2309	251384	0	2389	18	388	735	38123	168	222	167	0	60	432	189	11259	159	176	85	147	147	0	45	27	23	313	665	2204	62	102	135	159	310	230	296	24980	10102	0.100	
C:\Data\CD166_19_(2020)_processed\CD166_19_S1\CD166_19_S1_REP2\XRF data\L000048.spe	79.54	6.75	1	0.010267	-0.009931	0.009900	0.077115	48734	1.73	109	377	0	36	1543	666	2442	249617	0	2656	35	328	820	40910	150	183	174	9	0	442	99	11590	150	255	60	84	80	0	9	0	22	286	751	2344	48	85	100	202	347	243	266	25549	10303	0.100	
C:\Data\CD166_19_(2020)_processed\CD166_19_S1\CD166_19_S1_REP2\XRF data\L000049.spe	80.54	6.75	1	0.010267	-0.009931	0.009900	0.077115	49369	1.69	114	394	0	17	1623	693	2417	253900	0	2797	0	362	766	41570	124	224	96	0	27	492	120	11669	204	147	66	155	119	0	0	41	50	342	755	2260	81	235	106	170	314	191	216	26114	10229	0.100	
C:\Data\CD166_19_(2020)_processed\CD166_19_S1\CD166_19_S1_REP2\XRF data\L000050.spe	81.54	6.75	1	0.010267	-0.009931	0.009900	0.077115	48631	1.76	104	422	0	41	1604	767	2558	245341	0	2642	20	348	800	42236	0	123	188	29	120	520	179	11420	65	210	31	107	77	0	9	24	47	385	743	2196	164	205	51	60	286	248	313	25914	9842	0.100	
C:\Data\CD166_19_(2020)_processed\CD166_19_S1\CD166_19_S1_REP2\XRF data\L000051.spe	82.54	6.75	1	0.010267	-0.009931	0.009900	0.077115	49356	1.78	86	447	0	40	1612	725	2519	251073	0	2524	6	342	860	41593	115	194	183	41	85	472	151	11654	154	166	31	139	10	0	28	22	33	281	718	2347	50	139	158	15	381	221	387	26442	9931	0.101	
C:\Data\CD166_19_(2020)_processed\CD166_19_S1\CD166_19_S1_REP2\XRF data\L000052.spe	83.54	6.74	1	0.010267	-0.009931	0.009900	0.077115	48610	1.78	103	437	0	16	1738	632	2476	245831	0	2477	71	302	807	40282	117	213	220	31	0	528	28	11589	125	207	81	96	71	0	0	0	0	357	722	2297	156	182	0	283	307	156	326	25980	9982	0.101	
C:\Data\CD166_19_(2020)_processed\CD166_19_S1\CD166_19_S1_REP2\XRF data\L000053.spe	84.54	6.74	1	0.010267	-0.009931	0.009900	0.077115	48360	1.75	100	437	0	16	1723	603	2472	243206	0	2569	0	324	755	40887	55	250	172	51	117	491	302	11245	58	117	114	112	92	0	0	34	26	502	761	2230	31	127	151	0	486	253	83	25878	10305	0.100	
C:\Data\CD166_19_(2020)_processed\CD166_19_S1\CD166_19_S1_REP2\XRF data\L000054.spe	85.54	6.74	1	0.010267	-0.009931	0.009900	0.077115	47848	1.67	90	484	0	16	1684	694	2825	226351	0	2607	15	329	898	44559	207	212	199	0	73	468	67	11687	154	174	71	93	55	0	30	58	0	347	713	2259	99	192	185	158	275	248	495	26681	9959	0.102	
C:\Data\CD166_19_(2020)_processed\CD166_19_S1\CD166_19_S1_REP2\XRF data\L000055.spe	86.54	6.73	1	0.010267	-0.009931	0.009900	0.077115	48455	1.71	108	428	0	48	1869	653	2651	234365	0	2643	32	404	796	43337	5	224	230	0	102	484	173	11568	110	214	92	104	85	0	85	46	70	505	818	2254	153	164	89	99	359	247	400	26533	10116	0.102	
C:\Data\CD166_19_(2020)_processed\CD166_19_S1\CD166_19_S1_REP2\XRF data\L000056.spe	87.54	6.74	1	0.010267	-0.009931	0.009900	0.077115	48934	1.66	102	415	0	74	1788	666	2571	241244	0	2528	57	295	843	42462	143	194	101	0	29	489	296	11610	77	312	92	108	58	0	21	18	0	281	732	2337	51	163	164	113	273	188	435	26663	10128	0.101	
C:\Data\CD166_19_(2020)_processed\CD166_19_S1\CD166_19_S1_REP2\XRF data\L000057.spe	88.54	6.74	1	0.010267	-0.009931	0.009900	0.077115	48318	1.76	59	393	0	79	1776	684	2320	243285	0	2485	11	321	816	40498	92	206	145	18	84	431	54	11147	47	158	23	131	61	0	0	26	0	383	752	2301	86	121	0	288	262	234	329	25911	10005	0.100	
C:\Data\CD166_19_(2020)_processed\CD166_19_S1\CD166_19_S1_REP2\XRF data\L000058.spe	89.54	6.73	1	0.010267	-0.009931	0.009900	0.077115	48734	1.94	69	411	0	11	1794	706	2267	246458	0	2606	0	323	845	42081	45	190	119	25	139	453	50	11238	206	129	44	135	120	0	33	0	35	428	730	2195	49	218	177	260	332	242	288	26191	10094	0.100	
C:\Data\CD166_19_(2020)_processed\CD166_19_S1\CD166_19_S1_REP2\XRF data\L000059.spe	90.54	6.73	1	0.010267	-0.009931	0.009900	0.077115	49003	1.66	58	379	0	0	1832	636	2330	248328	0	2404	37	283	793	40315	114	219	204	0	129	539	133	11646	98	284	105	88	69	0	4	60	18	336	764	2351	114	148	20	22	316	206	323	26149	10220	0.101	
C:\Data\CD166_19_(2020)_processed\CD166_19_S1\CD166_19_S1_REP2\XRF data\L000060.spe	91.54	6.73	1	0.010267	-0.009931	0.009900	0.077115	49687	1.81	83	380	0	39	1701	632	2304	257560	0	2561	52	307	828	39890	17	132	198	0	82	422	246	11606	131	292	75	96	16	0	0	26	0	538	834	2163	99	199	0	0	302	190	341	25731	10124	0.101	
C:\Data\CD166_19_(2020)_processed\CD166_19_S1\CD166_19_S1_REP2\XRF data\L000061.spe	92.54	6.72	1	0.010267	-0.009931	0.009900	0.077115	48569	1.88	69	351	0	56	1674	682	2148	249820	0	2499	17	267	830	37543	111	203	182	17	81	536	181	11562	0	319	68	103	99	0	0	35	0	406	721	2265	67	190	199	132	282	230	390	25771	9990	0.101	
C:\Data\CD166_19_(2020)_processed\CD166_19_S1\CD166_19_S1_REP2\XRF data\L000062.spe	93.54	6.72	1	0.010267	-0.009931	0.009900	0.077115	49541	1.72	77	351	0	42	1652	628	2194	255706	0	2572	54	250	735	39909	5	176	143	0	75	510	115	11380	85	226	78	101	34	0	0	32	0	506	712	2255	0	178	247	200	311	247	431	26093	10158	0.101	
C:\Data\CD166_19_(2020)_processed\CD166_19_S1\CD166_19_S1_REP2\XRF data\L000063.spe	94.54	6.72	1	0.010267	-0.009931	0.009900	0.077115	48131	1.74	70	375	0	0	1640	683	2181	248784	0	2460	0	299	863	37128	85	189	186	0	7	419	284	11217	108	85	116	116	73	0	6	22	10	323	701	2256	74	131	112	0	454	183	224	25758	9940	0.100	
C:\Data\CD166_19_(2020)_processed\CD166_19_S1\CD166_19_S1_REP2\XRF data\L000064.spe	95.54	6.72	1	0.010267	-0.009931	0.009900	0.077115	49025	1.84	86	401	0	53	1578	716	2075	262518	0	2396	0	337	777	36197	84	182	114	27	55	531	237	11084	41	179	86	132	94	0	44	33	35	397	622	2205	50	98	134	70	335	261	231	25096	9891	0.099	
C:\Data\CD166_19_(2020)_processed\CD166_19_S1\CD166_19_S1_REP2\XRF data\L000065.spe	96.54	6.71	1	0.010267	-0.009931	0.009900	0.077115	47666	1.80	84	327	0	27	1606	680	2028	245771	0	2377	31	284	793	36897	105	209	215	0	62	510	196	11179	70	212	71	98	59	0	0	16	15	359	684	2166	61	167	0	0	358	222	149	25951	10161	0.099	
C:\Data\CD166_19_(2020)_processed\CD166_19_S1\CD166_19_S1_REP2\XRF data\L000066.spe	97.54	6.71	1	0.010267	-0.009931	0.009900	0.077115	49069	1.86	60	394	0	0	1658	620	2081	255722	0	2367	33	320	799	38466	130	178	86	0	27	495	49	11332	167	151	138	123	105	0	10	23	0	365	712	2271	7	175	67	157	372	208	217	25941	9767	0.100	
C:\Data\CD166_19_(2020)_processed\CD166_19_S1\CD166_19_S1_REP2\XRF data\L000067.spe	98.54	6.71	1	0.010267	-0.009931	0.009900	0.077115	49193	1.90	72	348	0	20	1573	670	2110	257738	0	2381	63	305	815	37639	118	189	127	33	56	459	48	11469	244	131	111	107	73	0	0	25	0	366	746	2328	48	164	198	332	211	194	317	25936	9826	0.100	
C:\Data\CD166_19_(2020)_processed\CD166_19_S1\CD166_19_S1_REP2\XRF data\L000068.spe	99.54	6.71	1	0.010267	-0.009931	0.009900	0.077115	48121	1.86	108	403	0	63	1793	725	2181	242824	0	2419	51	346	860	39835	79	296	160	7	145	482	152	11221	171	297	59	97	67	0	0	8	0	400	754	2315	71	86	8	127	259	242	360	25270	9710	0.100	
C:\Data\CD166_19_(2020)_processed\CD166_19_S1\CD166_19_S1_REP2\XRF data\L000069.spe	100.54	6.70	1	0.010267	-0.009931	0.009900	0.077115	47768	1.76	88	392	0	71	1624	657	2133	239427	0	2557	24	303	836	39621	112	206	143	23	91	468	15	11275	147	50	46	138	93	0	0	35	0	408	764	2213	5	203	116	297	290	277	325	25702	9910	0.101	
C:\Data\CD166_19_(2020)_processed\CD166_19_S1\CD166_19_S1_REP2\XRF data\L000070.spe	101.54	6.70	1	0.010267	-0.009931	0.009900	0.077115	49165	1.71	70	339	0	39	1623	670	2278	252206	0	2543	18	295	787	38913	91	149	115	0	0	491	53	11680	54	39	77	100	83	0	34	34	9	411	700	2276	117	151	83	306	318	213	374	26611	10131	0.101	
C:\Data\CD166_19_(2020)_processed\CD166_19_S1\CD166_19_S1_REP2\XRF data\L000071.spe	102.54	6.70	1	0.010267	-0.009931	0.009900	0.077115	49607	1.74	71	449	0	53	2019	608	2581	241065	0	2915	71	373	993	46397	105	251	189	17	35	510	0	11901	167	139	82	107	72	0	0	19	9	433	840	2415	89	186	118	174	415	284	358	26486	10088	0.102	
C:\Data\CD166_19_(2020)_processed\CD166_19_S1\CD166_19_S1_REP2\XRF data\L000072.spe	103.54	6.70	1	0.010267	-0.009931	0.009900	0.077115	46959	1.69	81	400	0	59	1612	612	2302	224883	0	2834	31	293	890	44277	97	225	190	41	34	538	106	11206	233	459	122	126	108	0	28	21	56	324	709	2238	125	162	131	270	274	185	431	25908	9677	0.100	
C:\Data\CD166_19_(2020)_processed\CD166_19_S1\CD166_19_S1_REP2\XRF data\L000073.spe	104.54	6.70	1	0.010267	-0.009931	0.009900	0.077115	47724	1.69	98	448	0	33	1587	717	2447	232068	0	2731	34	371	892	43101	146	149	92	0	62	503	0	11698	140	122	92	127	87	0	6	49	43	343	762	2263	91	184	125	282	366	228	469	25910	10076	0.101	
C:\Data\CD166_19_(2020)_processed\CD166_19_S1\CD166_19_S1_REP2\XRF data\L000074.spe	105.54	6.70	1	0.010267	-0.009931	0.009900	0.077115	48638	1.75	59	461	0	60	1663	660	2631	239313	0	2892	0	309	859	43056	25	168	125	12	119	523	106	11776	208	154	81	100	77	0	0	20	0	419	807	2214	152	242	221	232	334	258	298	25972	9904	0.101	
C:\Data\CD166_19_(2020)_processed\CD166_19_S1\CD166_19_S1_REP2\XRF data\L000075.spe	106.54	6.70	1	0.010267	-0.009931	0.009900	0.077115	49076	1.81	92	476	0	0	1787	689	2479	241220	0	2892	35	347	892	44959	123	146	184	0	31	544	179	11549	92	128	69	55	28	0	0	23	22	429	811	2268	89	215	0	21	305	214	403	26449	9814	0.101	
C:\Data\CD166_19_(2020)_processed\CD166_19_S1\CD166_19_S1_REP2\XRF data\L000076.spe	107.54	6.69	1	0.010267	-0.009931	0.009900	0.077115	48223	1.79	63	401	0	17	1504	644	2251	236305	0	2830	55	283	945	44242	122	165	86	0	66	518	104	11304	102	205	78	136	75	0	20	42	0	392	691	2145	33	68	97	71	465	227	260	25819	9862	0.101	
C:\Data\CD166_19_(2020)_processed\CD166_19_S1\CD166_19_S1_REP2\XRF data\L000077.spe	108.54	6.69	1	0.010267	-0.009931	0.009900	0.077115	49978	1.87	126	382	0	25	1842	693	2542	244647	0	3095	58	407	968	47305	84	154	167	0	112	469	110	11832	265	130	84	145	98	0	8	69	58	384	863	2292	43	217	128	192	342	222	475	26990	10605	0.102	
C:\Data\CD166_19_(2020)_processed\CD166_19_S1\CD166_19_S1_REP2\XRF data\L000078.spe	109.54	6.69	1	0.010267	-0.009931	0.009900	0.077115	48936	1.84	125	369	0	37	1782	729	2241	243690	0	2842	13	352	863	44183	62	282	115	12	119	525	61	11448	179	181	48	113	79	0	0	4	39	401	702	2289	82	159	103	205	304	241	496	26062	10011	0.101	
C:\Data\CD166_19_(2020)_processed\CD166_19_S1\CD166_19_S1_REP2\XRF data\L000079.spe	110.54	6.68	1	0.010267	-0.009931	0.009900	0.077115	47868	1.75	60	444	0	47	1563	666	2271	237030	0	2877	22	339	879	42933	77	187	138	0	210	499	120	11094	91	245	117	86	28	0	14	44	9	369	734	2175	37	187	239	76	454	241	182	25858	9969	0.100	
C:\Data\CD166_19_(2020)_processed\CD166_19_S1\CD166_19_S1_REP2\XRF data\L000080.spe	111.54	6.68	1	0.010267	-0.009931	0.009900	0.077115	49552	1.82	97	440	0	21	1663	752	2178	253347	0	3051	0	336	834	42626	165	242	128	26	65	394	173	11167	16	269	56	110	137	0	0	29	28	365	768	2285	79	161	68	41	413	241	214	25867	10223	0.101	
C:\Data\CD166_19_(2020)_processed\CD166_19_S1\CD166_19_S1_REP2\XRF data\L000081.spe	112.54	6.68	1	0.010267	-0.009931	0.009900	0.077115	47968	1.67	92	426	0	53	1671	728	2168	239396	0	2890	14	372	827	42277	81	128	152	0	76	483	141	10796	49	189	118	121	64	0	22	26	32	408	796	2237	130	220	126	80	335	264	300	25626	9771	0.101	
C:\Data\CD166_19_(2020)_processed\CD166_19_S1\CD166_19_S1_REP2\XRF data\L000082.spe	113.54	6.67	1	0.010267	-0.009931	0.009900	0.077115	48489	1.89	96	398	0	31	1582	770	2274	238724	0	2912	33	331	905	44560	74	182	210	0	119	513	176	11220	25	230	49	155	155	0	11	34	59	353	733	2146	61	178	99	122	421	201	200	26066	10095	0.101	
C:\Data\CD166_19_(2020)_processed\CD166_19_S1\CD166_19_S1_REP2\XRF data\L000083.spe	114.54	6.67	1	0.010267	-0.009931	0.009900	0.077115	48312	1.73	84	413	0	10	1665	723	2420	231064	0	3081	41	341	967	46702	194	189	209	5	94	466	188	11290	97	196	62	112	20	0	0	42	0	286	733	2255	157	172	0	88	343	186	388	26437	9943	0.101	
C:\Data\CD166_19_(2020)_processed\CD166_19_S1\CD166_19_S1_REP2\XRF data\L000084.spe	115.54	6.67	1	0.010267	-0.009931	0.009900	0.077115	49833	1.70	103	425	0	50	1707	678	2665	240190	0	3383	30	351	973	48739	157	280	159	66	0	546	145	11191	137	268	68	72	67	0	0	15	0	352	694	2348	77	186	70	229	288	266	407	26660	10134	0.102	
C:\Data\CD166_19_(2020)_processed\CD166_19_S1\CD166_19_S1_REP2\XRF data\L000085.spe	116.54	6.66	1	0.010267	-0.009931	0.009900	0.077115	48868	1.81	103	406	0	0	1664	667	2549	232993	0	3061	84	321	1000	48174	78	150	151	0	124	508	125	11244	243	267	106	87	100	0	30	42	37	391	798	2303	157	257	173	50	345	259	308	26717	10218	0.102	
C:\Data\CD166_19_(2020)_processed\CD166_19_S1\CD166_19_S1_REP2\XRF data\L000086.spe	117.54	6.66	1	0.010267	-0.009931	0.009900	0.077115	48686	1.81	123	475	0	67	1658	730	2620	226632	0	3166	45	324	969	50179	103	196	135	45	174	447	217	10958	98	231	77	112	89	0	0	0	18	434	805	2196	42	198	200	47	368	271	327	26181	10037	0.102	
C:\Data\CD166_19_(2020)_processed\CD166_19_S1\CD166_19_S1_REP2\XRF data\L000087.spe	118.54	6.65	1	0.010267	-0.009931	0.009900	0.077115	48372	1.71	110	486	0	94	1650	718	2763	220670	0	3140	50	378	1010	50667	101	235	165	72	29	431	180	11007	217	202	96	120	39	0	72	78	0	390	731	2235	31	197	158	90	388	293	367	26948	10006	0.102	
C:\Data\CD166_19_(2020)_processed\CD166_19_S1\CD166_19_S1_REP2\XRF data\L000088.spe	119.54	6.65	1	0.010267	-0.009931	0.009900	0.077115	48239	1.65	83	489	0	73	1729	728	3053	213555	0	3217	73	362	1097	52818	146	271	244	46	118	428	236	10933	28	310	64	101	106	0	40	43	28	318	771	2394	106	172	130	239	426	270	336	27099	10207	0.102	
C:\Data\CD166_19_(2020)_processed\CD166_19_S1\CD166_19_S1_REP2\XRF data\L000089.spe	120.54	6.65	1	0.010267	-0.009931	0.009900	0.077115	47817	1.66	67	479	0	27	1768	678	3035	211230	0	3207	68	360	1062	51892	154	259	220	11	45	526	301	11018	131	200	71	86	142	0	33	36	47	346	790	2330	51	141	265	0	443	314	258	26824	9984	0.102	
C:\Data\CD166_19_(2020)_processed\CD166_19_S1\CD166_19_S1_REP2\XRF data\L000090.spe	121.54	6.64	1	0.010267	-0.009931	0.009900	0.077115	48445	1.64	64	491	0	40	1786	704	2974	216407	0	3278	91	338	1021	51754	165	205	194	0	34	411	210	11102	70	351	67	84	67	0	13	53	0	227	730	2373	101	106	71	0	426	229	372	27210	10183	0.103	
C:\Data\CD166_19_(2020)_processed\CD166_19_S1\CD166_19_S1_REP2\XRF data\L000091.spe	122.54	6.64	1	0.010267	-0.009931	0.009900	0.077115	48460	1.75	92	457	0	42	1696	668	2916	217228	0	3230	21	336	1125	51152	126	244	186	93	34	450	303	11337	157	218	72	92	72	0	40	8	4	377	817	2377	140	162	218	23	450	259	402	27028	10157	0.103	
C:\Data\CD166_19_(2020)_processed\CD166_19_S1\CD166_19_S1_REP2\XRF data\L000092.spe	123.54	6.64	1	0.010267	-0.009931	0.009900	0.077115	48834	1.77	80	471	0	48	1835	746	2996	220583	0	3396	18	370	962	50880	156	353	212	62	117	472	194	11081	176	289	38	100	71	0	0	44	19	384	805	2419	115	140	172	46	422	292	326	27182	10150	0.104	
C:\Data\CD166_19_(2020)_processed\CD166_19_S1\CD166_19_S1_REP2\XRF data\L000093.spe	124.54	6.63	1	0.010267	-0.009931	0.009900	0.077115	48248	1.72	54	492	0	36	1625	638	2992	219135	0	2998	46	333	1013	49684	93	261	193	14	142	435	247	10923	140	340	85	83	75	0	14	30	49	346	788	2275	97	165	116	0	381	275	396	26900	9909	0.103	
C:\Data\CD166_19_(2020)_processed\CD166_19_S1\CD166_19_S1_REP2\XRF data\L000094.spe	125.54	6.63	1	0.010267	-0.009931	0.009900	0.077115	47663	1.68	71	409	0	39	1668	722	2924	217317	0	2930	28	308	996	47474	116	207	208	26	109	436	273	10884	66	211	45	76	74	0	51	28	48	385	788	2292	48	145	0	140	464	308	216	26982	10041	0.103	
C:\Data\CD166_19_(2020)_processed\CD166_19_S1\CD166_19_S1_REP2\XRF data\L000095.spe	126.54	6.63	1	0.010267	-0.009931	0.009900	0.077115	48073	1.70	91	485	0	13	1753	683	2984	218415	0	3035	44	326	1021	49497	177	266	243	0	126	557	190	10685	147	349	52	105	68	0	38	53	28	258	782	2318	136	163	163	229	315	241	430	27199	10205	0.102	
C:\Data\CD166_19_(2020)_processed\CD166_19_S1\CD166_19_S1_REP2\XRF data\L000096.spe	127.54	6.62	1	0.010267	-0.009931	0.009900	0.077115	48488	1.66	132	513	0	67	1756	700	3051	215978	0	3293	55	391	976	51377	180	248	203	0	96	503	192	11052	218	216	87	105	89	0	44	31	29	236	789	2389	97	108	196	170	369	259	475	27232	10152	0.103	
C:\Data\CD166_19_(2020)_processed\CD166_19_S1\CD166_19_S1_REP2\XRF data\L000097.spe	128.54	6.62	1	0.010267	-0.009931	0.009900	0.077115	48160	1.68	46	499	0	0	1622	700	3003	216240	0	3270	0	362	1077	50271	99	269	264	21	76	466	263	11062	91	356	40	86	42	0	24	50	16	387	823	2351	89	156	0	166	420	241	253	27128	10393	0.103	
C:\Data\CD166_19_(2020)_processed\CD166_19_S1\CD166_19_S1_REP2\XRF data\L000098.spe	129.54	6.62	1	0.010267	-0.009931	0.009900	0.077115	48084	1.70	59	531	0	20	1554	667	3141	214149	0	3219	86	362	1077	51433	203	274	229	37	113	526	155	10692	272	323	103	58	82	0	66	37	30	283	771	2322	90	167	55	333	350	235	384	26930	10217	0.103	