C:\Data\CD166_19_(2020)_processed\CD166_19_S3\CD166_19_S3_REP1\XRF data     06-Oct-20  re-evaluated data
peakarea
filename	position (mm)	sample surface	validity	E-gain	E-offset	F-slope	F-offset	cps	MSE	Al	Si	P	S	Cl	Ar	K	Ca	Sc	Ti	V	Cr	Mn	Fe	Ni	Cu	Zn	Ga	Ge	Br	Rb	Sr	Y	Zr	Pd	Cd	I	Cs	Ba	Nd	Sm	Yb	Ta	W	Pb	Bi	Fe a*2	Fe a+b	S1	S2	S3	Mo inc	Mo coh	Dt	
C:\Data\CD166_19_(2020)_processed\CD166_19_S3\CD166_19_S3_REP1\XRF data\L000000.spe	29.75	8.02	1	0.010267	-0.009931	0.009900	0.077115	61103	1.79	148	1537	0	0	1417	414	9200	75626	0	9399	299	863	6673	185637	432	404	545	98	78	472	1197	5688	155	930	0	0	0	0	319	96	140	132	1040	2540	1038	272	365	328	1381	793	804	34463	11317	0.115	
C:\Data\CD166_19_(2020)_processed\CD166_19_S3\CD166_19_S3_REP1\XRF data\L000001.spe	30.75	8.06	1	0.010267	-0.009931	0.009900	0.077115	51844	1.68	137	1305	0	38	4368	568	7218	39667	21	8485	392	874	5120	159792	348	520	432	199	48	480	1021	4570	136	708	0	0	32	0	441	168	208	140	867	2448	2078	237	0	306	1110	646	1023	32037	10340	0.111	
C:\Data\CD166_19_(2020)_processed\CD166_19_S3\CD166_19_S3_REP1\XRF data\L000002.spe	31.75	8.10	1	0.010267	-0.009931	0.009900	0.077115	55485	1.77	141	1254	0	46	8183	737	7653	38111	0	9254	434	875	4967	174394	309	557	495	166	0	524	1172	4754	161	734	0	0	0	0	342	129	217	251	1011	2375	1442	299	213	149	1308	625	1092	33862	10449	0.114	
C:\Data\CD166_19_(2020)_processed\CD166_19_S3\CD166_19_S3_REP1\XRF data\L000003.spe	32.75	8.13	1	0.010267	-0.009931	0.009900	0.077115	55514	1.79	140	1255	0	8	1118	704	7980	32369	0	9807	307	1012	11421	184106	513	709	541	164	0	498	1146	4193	249	947	0	0	0	0	410	138	205	113	988	2345	212	187	353	0	1185	731	1518	32501	10506	0.112	
C:\Data\CD166_19_(2020)_processed\CD166_19_S3\CD166_19_S3_REP1\XRF data\L000004.spe	33.75	8.12	1	0.010267	-0.009931	0.009900	0.077115	56271	1.86	164	1316	0	0	1158	684	8000	33779	0	9861	381	990	4639	189489	364	636	438	211	102	424	1072	4133	168	973	0	0	0	0	444	179	215	194	924	2527	186	227	450	478	1460	707	1298	33502	10419	0.112	
C:\Data\CD166_19_(2020)_processed\CD166_19_S3\CD166_19_S3_REP1\XRF data\L000005.spe	34.75	8.10	1	0.010267	-0.009931	0.009900	0.077115	55810	1.71	149	1276	0	0	1207	732	7838	41518	0	9211	345	934	10143	177445	438	614	556	234	0	532	1054	4546	163	913	0	0	0	0	460	114	257	123	989	2481	100	172	462	259	1278	679	1351	33534	10595	0.112	
C:\Data\CD166_19_(2020)_processed\CD166_19_S3\CD166_19_S3_REP1\XRF data\L000006.spe	35.75	8.10	1	0.010267	-0.009931	0.009900	0.077115	54466	1.67	132	1217	0	10	1257	641	7663	44988	0	8674	368	980	5168	173359	452	636	444	120	10	498	1042	4327	197	812	22	0	40	0	471	167	237	137	981	2371	215	282	439	413	1205	716	1367	33518	10416	0.112	
C:\Data\CD166_19_(2020)_processed\CD166_19_S3\CD166_19_S3_REP1\XRF data\L000007.spe	36.75	8.10	1	0.010267	-0.009931	0.009900	0.077115	49199	1.59	152	1011	0	0	1034	763	6608	33190	0	7871	292	799	3815	158261	312	593	440	128	64	437	943	3720	168	942	0	0	72	0	406	178	197	274	991	2117	169	272	300	115	1128	675	1007	31350	9483	0.110	
C:\Data\CD166_19_(2020)_processed\CD166_19_S3\CD166_19_S3_REP1\XRF data\L000008.spe	37.75	8.09	1	0.010267	-0.009931	0.009900	0.077115	52253	1.74	145	1121	0	18	1149	691	7205	35935	0	8956	382	863	4007	172574	337	646	408	183	140	491	871	3920	225	914	0	0	47	0	389	190	141	208	887	2332	147	244	446	266	1287	699	996	31750	9951	0.110	
C:\Data\CD166_19_(2020)_processed\CD166_19_S3\CD166_19_S3_REP1\XRF data\L000009.spe	38.75	8.08	1	0.010267	-0.009931	0.009900	0.077115	51822	1.70	146	1073	0	22	1155	708	7064	32506	0	9189	394	927	6177	171923	400	647	483	187	78	483	1230	3728	163	708	0	0	34	0	346	197	211	84	951	2283	126	189	326	18	1344	637	1028	31832	9786	0.108	
C:\Data\CD166_19_(2020)_processed\CD166_19_S3\CD166_19_S3_REP1\XRF data\L000010.spe	39.75	8.06	1	0.010267	-0.009931	0.009900	0.077115	49545	1.64	120	1014	0	8	1154	677	6659	39849	0	7816	346	749	3687	155511	327	585	392	292	43	495	996	3818	219	905	0	0	22	0	335	145	184	196	929	2233	170	190	332	258	966	639	1333	31792	9965	0.109	
C:\Data\CD166_19_(2020)_processed\CD166_19_S3\CD166_19_S3_REP1\XRF data\L000011.spe	40.75	8.06	1	0.010267	-0.009931	0.009900	0.077115	49458	1.64	108	954	0	38	1177	654	6647	45853	0	7703	291	819	3361	152708	303	490	359	145	107	391	908	3904	325	909	0	5	27	0	394	177	202	180	979	2212	159	158	367	377	1225	747	887	30778	9551	0.109	
C:\Data\CD166_19_(2020)_processed\CD166_19_S3\CD166_19_S3_REP1\XRF data\L000012.spe	41.75	8.06	1	0.010267	-0.009931	0.009900	0.077115	49210	1.72	103	954	0	18	1214	652	6739	48309	37	7520	311	877	3631	148336	251	470	376	193	19	402	886	4686	98	665	15	0	76	0	352	161	155	167	916	2307	164	157	300	113	1068	608	1222	30926	9694	0.109	
C:\Data\CD166_19_(2020)_processed\CD166_19_S3\CD166_19_S3_REP1\XRF data\L000013.spe	42.75	8.05	1	0.010267	-0.009931	0.009900	0.077115	49081	1.69	118	970	0	49	1291	644	6852	65713	15	6685	255	723	2849	134358	290	513	367	106	68	503	778	5798	293	866	0	0	23	0	340	136	177	207	1008	2315	92	129	197	279	1012	504	925	30591	10092	0.110	
C:\Data\CD166_19_(2020)_processed\CD166_19_S3\CD166_19_S3_REP1\XRF data\L000014.spe	43.75	8.06	1	0.010267	-0.009931	0.009900	0.077115	48543	1.58	112	973	0	17	1298	639	6666	65381	0	6686	325	672	3270	133432	243	436	337	171	80	464	790	5553	214	606	0	0	78	0	259	141	130	216	966	2341	43	159	303	98	936	606	1066	30470	9739	0.108	
C:\Data\CD166_19_(2020)_processed\CD166_19_S3\CD166_19_S3_REP1\XRF data\L000015.spe	44.75	8.06	1	0.010267	-0.009931	0.009900	0.077115	49275	1.66	109	919	0	52	1344	614	6645	70745	0	6247	228	679	11480	129657	353	400	406	29	142	417	976	5466	114	682	22	0	47	0	403	131	219	218	1031	2150	58	237	296	0	1093	531	583	29747	9645	0.107	
C:\Data\CD166_19_(2020)_processed\CD166_19_S3\CD166_19_S3_REP1\XRF data\L000016.spe	45.75	8.05	1	0.010267	-0.009931	0.009900	0.077115	50051	1.60	103	999	0	18	1331	632	6886	65995	21	6767	317	740	5426	138109	307	500	392	175	0	500	1013	5656	327	690	0	0	0	0	318	99	151	162	937	2350	158	222	246	162	1061	579	889	31254	10228	0.109	
C:\Data\CD166_19_(2020)_processed\CD166_19_S3\CD166_19_S3_REP1\XRF data\L000017.spe	46.75	8.06	1	0.010267	-0.009931	0.009900	0.077115	53053	1.60	131	1180	0	12	1321	630	7426	44445	0	8738	411	842	4829	168887	353	566	367	141	19	489	1101	4695	146	707	0	0	5	0	437	185	180	132	1095	2387	151	175	122	26	1200	628	1095	31469	10053	0.109	
C:\Data\CD166_19_(2020)_processed\CD166_19_S3\CD166_19_S3_REP1\XRF data\L000018.spe	47.75	8.06	1	0.010267	-0.009931	0.009900	0.077115	51066	1.70	111	1049	0	21	1275	629	7228	52027	0	7835	335	875	4860	152605	392	534	355	62	24	443	876	4864	147	813	37	0	51	0	272	159	183	143	1095	2409	163	212	350	103	1019	585	1285	31495	9903	0.109	
C:\Data\CD166_19_(2020)_processed\CD166_19_S3\CD166_19_S3_REP1\XRF data\L000019.spe	48.75	8.04	1	0.010267	-0.009931	0.009900	0.077115	49429	1.73	112	952	0	14	1408	625	6622	66443	81	6831	301	834	3769	137461	345	515	382	138	40	487	787	5599	271	608	0	0	69	0	298	143	194	135	951	2284	183	246	217	306	1054	586	726	30883	10236	0.108	
C:\Data\CD166_19_(2020)_processed\CD166_19_S3\CD166_19_S3_REP1\XRF data\L000020.spe	49.75	8.03	1	0.010267	-0.009931	0.009900	0.077115	51215	1.66	134	995	0	14	1303	595	7043	46537	0	8108	261	905	4289	161265	358	544	466	134	0	469	1082	4471	245	1004	9	0	69	0	413	143	164	213	1072	2439	158	231	372	136	1186	588	1104	30340	9663	0.109	
C:\Data\CD166_19_(2020)_processed\CD166_19_S3\CD166_19_S3_REP1\XRF data\L000021.spe	50.75	8.04	1	0.010267	-0.009931	0.009900	0.077115	55030	1.76	137	1094	0	34	1364	618	7634	44237	0	8952	358	913	4825	178844	342	535	501	148	85	573	998	4299	292	808	14	0	76	0	517	145	230	197	1119	2404	219	246	299	296	1136	835	1294	32557	10226	0.111	
C:\Data\CD166_19_(2020)_processed\CD166_19_S3\CD166_19_S3_REP1\XRF data\L000022.spe	51.75	8.04	1	0.010267	-0.009931	0.009900	0.077115	55068	1.68	163	1034	0	23	1427	639	7415	37246	0	9043	396	986	7088	182508	272	600	462	129	4	462	1008	4214	128	775	0	0	38	0	444	155	239	331	1126	2286	109	204	501	270	1443	751	1118	31590	10052	0.111	
C:\Data\CD166_19_(2020)_processed\CD166_19_S3\CD166_19_S3_REP1\XRF data\L000023.spe	52.75	8.05	1	0.010267	-0.009931	0.009900	0.077115	55432	1.82	170	1155	0	12	1425	528	7661	32669	0	9525	467	947	8457	186040	394	597	513	131	0	517	903	4002	111	867	13	0	11	0	465	184	258	241	1170	2395	139	169	478	350	1354	784	1110	32177	10031	0.111	
C:\Data\CD166_19_(2020)_processed\CD166_19_S3\CD166_19_S3_REP1\XRF data\L000024.spe	53.75	8.05	1	0.010267	-0.009931	0.009900	0.077115	55032	1.70	143	1122	0	38	1469	581	7855	31293	0	9884	456	959	4042	187734	250	578	433	124	15	465	1155	4051	104	855	0	0	57	0	377	178	259	304	1079	2389	148	210	530	201	1378	635	1149	32611	10341	0.111	
C:\Data\CD166_19_(2020)_processed\CD166_19_S3\CD166_19_S3_REP1\XRF data\L000025.spe	54.75	8.05	1	0.010267	-0.009931	0.009900	0.077115	55138	1.88	143	1027	0	0	1469	611	7528	36818	0	9549	396	985	4451	184793	376	593	433	168	94	454	945	5121	247	749	0	0	13	0	405	189	184	151	1007	2411	163	199	514	381	1500	715	999	32055	10378	0.110	
C:\Data\CD166_19_(2020)_processed\CD166_19_S3\CD166_19_S3_REP1\XRF data\L000026.spe	55.75	8.05	1	0.010267	-0.009931	0.009900	0.077115	56853	1.76	183	1064	0	53	1589	633	7828	35161	0	9743	437	1107	4313	193071	420	572	553	229	43	541	1012	4271	200	995	0	0	59	0	479	185	216	93	1055	2607	214	267	495	245	1414	856	1439	33622	10517	0.112	
C:\Data\CD166_19_(2020)_processed\CD166_19_S3\CD166_19_S3_REP1\XRF data\L000027.spe	56.75	8.05	1	0.010267	-0.009931	0.009900	0.077115	57577	1.73	161	1081	0	27	1563	592	7748	31307	0	10119	413	934	4620	199283	435	678	511	194	38	516	1121	3674	282	902	0	0	0	0	558	225	250	176	1065	2525	250	257	441	82	1515	767	1191	33226	10377	0.112	
C:\Data\CD166_19_(2020)_processed\CD166_19_S3\CD166_19_S3_REP1\XRF data\L000028.spe	57.75	8.05	1	0.010267	-0.009931	0.009900	0.077115	55599	1.74	126	982	0	7	1503	588	7163	36965	0	9481	312	1027	7200	182311	429	476	440	62	0	482	943	4231	197	1008	0	0	0	0	443	203	188	201	1161	2416	134	212	423	281	1371	675	1132	32980	10353	0.112	
C:\Data\CD166_19_(2020)_processed\CD166_19_S3\CD166_19_S3_REP1\XRF data\L000029.spe	58.75	8.04	1	0.010267	-0.009931	0.009900	0.077115	55199	1.70	120	1134	0	11	1417	641	7714	34367	0	9625	352	1010	5332	180294	324	546	481	112	36	636	994	4517	147	954	0	0	26	0	465	158	250	226	1062	2478	218	220	583	194	1435	546	1037	33722	10748	0.113	
C:\Data\CD166_19_(2020)_processed\CD166_19_S3\CD166_19_S3_REP1\XRF data\L000030.spe	59.75	8.04	1	0.010267	-0.009931	0.009900	0.077115	56230	1.80	166	1080	0	29	1394	557	7944	31594	0	9967	506	949	3891	188289	435	619	437	161	46	567	983	4514	275	1050	14	0	0	0	368	144	198	71	1050	2604	193	238	472	255	1427	728	1010	33309	10549	0.113	
C:\Data\CD166_19_(2020)_processed\CD166_19_S3\CD166_19_S3_REP1\XRF data\L000031.spe	60.75	8.04	1	0.010267	-0.009931	0.009900	0.077115	58089	1.82	201	1130	0	17	1423	676	7981	26856	0	10542	368	1101	6086	200718	400	676	506	134	20	519	1148	3497	220	1007	0	0	12	0	510	144	282	163	1170	2504	123	253	394	151	1410	784	1536	33895	10537	0.113	
C:\Data\CD166_19_(2020)_processed\CD166_19_S3\CD166_19_S3_REP1\XRF data\L000032.spe	61.75	8.05	1	0.010267	-0.009931	0.009900	0.077115	59147	1.79	126	1232	0	35	1488	660	7980	29618	12	10347	549	1080	5021	202998	341	551	426	136	80	644	1228	3531	234	998	0	23	0	0	455	162	271	266	1114	2398	234	162	448	162	1482	836	1531	35843	10661	0.115	
C:\Data\CD166_19_(2020)_processed\CD166_19_S3\CD166_19_S3_REP1\XRF data\L000033.spe	62.75	8.04	1	0.010267	-0.009931	0.009900	0.077115	62668	1.75	179	1181	0	51	1568	618	8743	33535	0	11154	456	1036	4585	215872	469	734	567	237	0	656	987	3936	315	889	0	0	46	0	509	218	236	198	1200	2709	230	311	521	542	1553	834	1426	36927	11242	0.117	
C:\Data\CD166_19_(2020)_processed\CD166_19_S3\CD166_19_S3_REP1\XRF data\L000034.spe	63.75	8.02	1	0.010267	-0.009931	0.009900	0.077115	62963	1.76	172	1286	0	25	1666	648	8581	42073	0	10768	428	1027	5501	210138	556	745	605	215	29	621	1244	4168	242	1009	0	0	4	0	497	159	240	136	1188	2832	72	278	512	305	1267	868	1665	36691	11208	0.118	
C:\Data\CD166_19_(2020)_processed\CD166_19_S3\CD166_19_S3_REP1\XRF data\L000035.spe	64.75	8.01	1	0.010267	-0.009931	0.009900	0.077115	58543	1.67	135	1080	0	31	1458	682	7777	39901	0	10052	388	1107	4920	196858	330	655	434	66	0	583	1215	3714	271	1051	0	0	0	0	473	207	203	265	1071	2404	222	205	569	249	1353	784	1516	34443	10456	0.113	
C:\Data\CD166_19_(2020)_processed\CD166_19_S3\CD166_19_S3_REP1\XRF data\L000036.spe	65.75	7.98	1	0.010267	-0.009931	0.009900	0.077115	56982	1.75	157	1124	0	0	1408	639	7584	37956	0	9690	418	954	4514	192235	427	645	454	240	0	511	1050	3862	179	932	0	0	0	0	388	192	207	33	1054	2473	123	222	489	245	1405	752	1375	33480	10247	0.112	
C:\Data\CD166_19_(2020)_processed\CD166_19_S3\CD166_19_S3_REP1\XRF data\L000037.spe	66.75	7.98	1	0.010267	-0.009931	0.009900	0.077115	55729	1.66	129	1030	0	19	1421	550	7143	45934	0	8856	485	1021	5905	178870	352	689	481	64	22	429	1126	4090	196	945	16	0	8	0	446	176	208	329	1121	2337	102	234	284	20	1157	751	1603	33014	10543	0.112	
C:\Data\CD166_19_(2020)_processed\CD166_19_S3\CD166_19_S3_REP1\XRF data\L000038.spe	67.75	7.98	1	0.010267	-0.009931	0.009900	0.077115	55873	1.72	105	1035	0	0	1488	541	7377	31803	0	9517	445	879	6384	187066	413	586	401	126	75	585	1106	4452	131	849	19	0	0	0	424	176	268	121	1097	2359	143	254	570	275	1419	709	1206	33248	10422	0.113	
C:\Data\CD166_19_(2020)_processed\CD166_19_S3\CD166_19_S3_REP1\XRF data\L000039.spe	68.75	7.97	1	0.010267	-0.009931	0.009900	0.077115	55572	1.72	131	1022	0	30	1466	526	7531	37921	0	9365	395	971	6100	181110	401	549	542	194	129	541	821	4868	150	877	9	0	4	0	473	194	190	220	1176	2473	227	297	300	333	1285	809	1232	32736	10484	0.112	
C:\Data\CD166_19_(2020)_processed\CD166_19_S3\CD166_19_S3_REP1\XRF data\L000040.spe	69.75	7.97	1	0.010267	-0.009931	0.009900	0.077115	56591	1.75	111	1099	0	23	1606	547	7490	43376	7	9385	362	899	11798	177151	680	761	520	156	31	574	855	5255	105	896	0	0	16	0	377	178	207	191	1078	2520	142	198	367	310	1289	585	1391	33660	10782	0.113	
C:\Data\CD166_19_(2020)_processed\CD166_19_S3\CD166_19_S3_REP1\XRF data\L000041.spe	70.75	7.97	1	0.010267	-0.009931	0.009900	0.077115	56034	1.70	140	957	0	28	1588	527	6875	67264	0	8238	345	998	5132	166530	459	657	477	113	127	450	901	5940	236	766	0	0	56	0	463	142	240	50	1073	2525	190	162	325	329	1123	671	1343	32824	10506	0.112	
C:\Data\CD166_19_(2020)_processed\CD166_19_S3\CD166_19_S3_REP1\XRF data\L000042.spe	71.75	7.96	1	0.010267	-0.009931	0.009900	0.077115	53997	1.62	115	959	0	16	1558	522	6786	63143	0	7764	369	877	9036	156534	494	628	359	140	0	572	806	5647	188	797	23	0	21	0	382	161	212	58	940	2609	211	289	371	318	1197	653	1266	32285	10235	0.110	
C:\Data\CD166_19_(2020)_processed\CD166_19_S3\CD166_19_S3_REP1\XRF data\L000043.spe	72.75	7.97	1	0.010267	-0.009931	0.009900	0.077115	54516	1.75	154	979	0	30	1443	544	7031	49310	0	8666	330	797	4576	170526	369	491	428	95	47	534	959	5416	272	728	0	0	22	0	381	150	177	203	1111	2416	214	280	326	216	1325	659	1220	33089	10626	0.112	
C:\Data\CD166_19_(2020)_processed\CD166_19_S3\CD166_19_S3_REP1\XRF data\L000044.spe	73.75	7.97	1	0.010267	-0.009931	0.009900	0.077115	57281	1.75	147	1078	0	0	1439	551	7486	28966	23	10034	446	972	6042	195827	357	662	512	174	24	565	1000	3811	189	901	0	0	0	0	452	192	219	213	1119	2437	126	234	435	339	1318	687	1515	34194	10587	0.113	
C:\Data\CD166_19_(2020)_processed\CD166_19_S3\CD166_19_S3_REP1\XRF data\L000045.spe	74.75	7.98	1	0.010267	-0.009931	0.009900	0.077115	57143	1.77	143	1141	0	18	1356	584	7438	24366	0	10512	400	1077	4739	198426	404	529	342	75	44	526	1188	3382	230	1148	0	0	18	0	450	165	296	76	1089	2375	104	189	537	141	1482	747	1537	34360	10611	0.114	
C:\Data\CD166_19_(2020)_processed\CD166_19_S3\CD166_19_S3_REP1\XRF data\L000046.spe	75.75	7.98	1	0.010267	-0.009931	0.009900	0.077115	57519	1.82	159	1077	0	8	1388	585	7433	21236	0	10819	352	1064	4321	203112	436	676	534	287	32	612	1196	3462	136	953	0	0	0	0	467	213	215	168	1065	2431	161	216	407	265	1462	859	1263	34729	10965	0.114	
C:\Data\CD166_19_(2020)_processed\CD166_19_S3\CD166_19_S3_REP1\XRF data\L000047.spe	76.75	7.98	1	0.010267	-0.009931	0.009900	0.077115	56589	1.64	134	1108	0	4	1427	589	7336	27047	0	10397	394	1027	3749	193911	433	689	428	135	0	543	882	3440	198	1071	0	0	0	0	402	172	212	79	1134	2578	45	265	388	385	1309	810	1600	34469	10615	0.113	
C:\Data\CD166_19_(2020)_processed\CD166_19_S3\CD166_19_S3_REP1\XRF data\L000048.spe	77.75	7.98	1	0.010267	-0.009931	0.009900	0.077115	56699	1.71	118	1093	0	9	1496	583	7302	27957	0	9846	427	1011	3524	194873	289	538	480	66	0	530	970	3602	224	876	0	0	36	0	502	184	245	193	1219	2392	234	238	345	456	1344	778	1260	34461	10255	0.114	
C:\Data\CD166_19_(2020)_processed\CD166_19_S3\CD166_19_S3_REP1\XRF data\L000049.spe	78.75	7.98	1	0.010267	-0.009931	0.009900	0.077115	56650	1.71	157	1148	0	0	1429	546	7472	28436	0	10310	396	1134	3688	194658	446	593	472	130	43	557	1127	3998	175	862	0	0	22	0	380	172	271	68	1092	2470	94	194	483	40	1499	758	1207	33948	10808	0.112	
C:\Data\CD166_19_(2020)_processed\CD166_19_S3\CD166_19_S3_REP1\XRF data\L000050.spe	79.75	7.98	1	0.010267	-0.009931	0.009900	0.077115	54381	1.78	135	999	0	4	1442	645	7272	56214	0	8735	266	854	2727	164299	390	495	377	87	4	552	920	5020	144	962	0	0	37	0	265	164	160	24	1148	2595	207	135	395	358	1168	689	1041	33710	10848	0.112	
C:\Data\CD166_19_(2020)_processed\CD166_19_S3\CD166_19_S3_REP1\XRF data\L000051.spe	80.75	7.98	1	0.010267	-0.009931	0.009900	0.077115	54245	1.64	133	1031	0	20	1488	572	6960	58993	0	8430	213	827	2807	161942	317	602	337	88	5	595	1014	5324	166	763	0	0	32	0	379	187	212	238	997	2526	238	241	318	120	1220	683	1094	33716	10101	0.112	
C:\Data\CD166_19_(2020)_processed\CD166_19_S3\CD166_19_S3_REP1\XRF data\L000052.spe	81.75	7.98	1	0.010267	-0.009931	0.009900	0.077115	54646	1.65	118	1040	0	5	1533	575	7027	55188	0	8862	306	873	4178	164799	288	509	432	226	0	529	1066	4901	160	819	14	0	8	0	334	159	176	268	1061	2472	163	167	350	51	1077	703	1252	33099	10670	0.113	
C:\Data\CD166_19_(2020)_processed\CD166_19_S3\CD166_19_S3_REP1\XRF data\L000053.spe	82.75	7.98	1	0.010267	-0.009931	0.009900	0.077115	55841	1.65	158	1079	0	12	1363	638	7152	38007	82	9832	436	1108	3250	185718	366	633	431	217	0	510	841	4244	172	966	0	0	29	0	435	155	238	183	1028	2521	114	238	445	563	1394	825	1338	33314	10067	0.112	
C:\Data\CD166_19_(2020)_processed\CD166_19_S3\CD166_19_S3_REP1\XRF data\L000054.spe	83.75	7.98	1	0.010267	-0.009931	0.009900	0.077115	54914	1.68	166	1102	0	21	1537	579	6961	50917	0	9441	279	875	3258	173244	335	488	401	96	21	495	900	5164	129	912	0	0	0	0	264	171	229	184	1078	2441	81	178	519	140	1262	646	1067	32848	10572	0.112	
C:\Data\CD166_19_(2020)_processed\CD166_19_S3\CD166_19_S3_REP1\XRF data\L000055.spe	84.75	7.98	1	0.010267	-0.009931	0.009900	0.077115	54034	1.68	110	932	0	5	1476	514	6717	63776	0	8429	329	887	2909	159140	215	575	480	172	120	535	897	5415	271	880	20	0	69	0	411	159	141	267	1001	2454	157	233	417	73	1161	652	982	33200	10579	0.112	
C:\Data\CD166_19_(2020)_processed\CD166_19_S3\CD166_19_S3_REP1\XRF data\L000056.spe	85.75	7.99	1	0.010267	-0.009931	0.009900	0.077115	55018	1.63	155	1038	0	31	1401	585	6757	54138	34	9415	272	976	3102	170959	405	658	488	236	13	539	876	5164	234	879	17	11	45	0	386	198	203	108	1030	2536	55	243	296	255	1249	731	1336	32523	10395	0.112	
C:\Data\CD166_19_(2020)_processed\CD166_19_S3\CD166_19_S3_REP1\XRF data\L000057.spe	86.75	7.99	1	0.010267	-0.009931	0.009900	0.077115	54289	1.80	92	1049	0	0	1419	608	6612	52056	0	9627	313	961	3323	169135	361	582	405	75	62	445	704	5286	335	781	0	0	38	0	327	125	184	106	1095	2497	152	248	447	379	1229	583	1223	32428	10451	0.111	
C:\Data\CD166_19_(2020)_processed\CD166_19_S3\CD166_19_S3_REP1\XRF data\L000058.spe	87.75	7.99	1	0.010267	-0.009931	0.009900	0.077115	53560	1.59	142	974	0	0	1373	624	6364	57524	0	9027	243	871	2758	163430	324	550	407	149	0	545	955	4943	209	961	0	0	6	0	323	179	200	154	1120	2468	209	329	264	85	1112	531	1044	32773	10125	0.111	
C:\Data\CD166_19_(2020)_processed\CD166_19_S3\CD166_19_S3_REP1\XRF data\L000059.spe	88.75	7.99	1	0.010267	-0.009931	0.009900	0.077115	53542	1.68	149	899	0	9	1395	536	6631	47257	0	9303	365	926	2999	173797	270	507	431	149	75	580	822	4374	257	899	19	0	23	0	249	165	216	184	1077	2391	143	205	383	214	1251	717	1199	31351	10051	0.110	
C:\Data\CD166_19_(2020)_processed\CD166_19_S3\CD166_19_S3_REP1\XRF data\L000060.spe	89.75	7.99	1	0.010267	-0.009931	0.009900	0.077115	53703	1.65	135	1000	0	17	1265	556	6640	38638	0	9456	324	909	3133	176704	303	637	419	186	42	537	1114	4423	161	837	11	0	8	0	353	171	184	217	998	2329	190	249	332	113	1133	711	1462	32464	10062	0.111	
C:\Data\CD166_19_(2020)_processed\CD166_19_S3\CD166_19_S3_REP1\XRF data\L000061.spe	90.75	8.00	1	0.010267	-0.009931	0.009900	0.077115	54672	1.72	110	982	0	13	1472	613	6966	37755	0	9496	311	1008	3388	181182	393	589	401	121	62	497	961	4627	143	882	0	0	0	0	473	162	220	127	1141	2379	62	244	385	191	1313	691	1184	32385	10407	0.111	
C:\Data\CD166_19_(2020)_processed\CD166_19_S3\CD166_19_S3_REP1\XRF data\L000062.spe	91.75	8.01	1	0.010267	-0.009931	0.009900	0.077115	53135	1.65	114	958	0	36	1329	594	6553	39542	0	9530	337	950	4977	172278	402	601	420	107	61	587	816	4712	278	879	18	0	20	0	338	129	280	141	987	2367	181	241	310	346	1185	694	1341	31972	9933	0.110	
C:\Data\CD166_19_(2020)_processed\CD166_19_S3\CD166_19_S3_REP1\XRF data\L000063.spe	92.75	8.01	1	0.010267	-0.009931	0.009900	0.077115	54825	1.72	137	958	0	12	1497	633	6800	47950	0	9219	310	897	9382	170766	463	601	462	94	41	535	903	5118	208	870	0	0	18	0	323	172	189	103	1080	2378	144	202	438	79	1188	599	1501	32536	10214	0.111	
C:\Data\CD166_19_(2020)_processed\CD166_19_S3\CD166_19_S3_REP1\XRF data\L000064.spe	93.75	8.01	1	0.010267	-0.009931	0.009900	0.077115	52930	1.61	124	971	0	12	1492	632	6725	60450	14	8474	217	816	3577	157137	294	503	386	154	83	562	836	5963	214	792	0	0	60	0	344	136	232	178	1031	2445	137	266	253	211	1097	537	1104	31749	10404	0.110	
C:\Data\CD166_19_(2020)_processed\CD166_19_S3\CD166_19_S3_REP1\XRF data\L000065.spe	94.75	8.02	1	0.010267	-0.009931	0.009900	0.077115	53356	1.78	142	920	0	60	1608	590	6544	71245	16	8200	394	859	3281	152501	237	484	430	76	73	487	945	6186	202	782	34	14	68	0	385	177	194	334	996	2353	148	209	239	98	1143	594	960	31927	10221	0.111	
C:\Data\CD166_19_(2020)_processed\CD166_19_S3\CD166_19_S3_REP1\XRF data\L000066.spe	95.75	8.02	1	0.010267	-0.009931	0.009900	0.077115	53972	1.70	87	901	0	14	1595	653	6641	59190	0	8734	234	948	3233	161193	307	538	412	111	92	611	612	5750	276	890	31	0	46	0	337	156	164	235	978	2477	221	187	244	376	1153	693	1150	32988	10160	0.111	
C:\Data\CD166_19_(2020)_processed\CD166_19_S3\CD166_19_S3_REP1\XRF data\L000067.spe	96.75	8.02	1	0.010267	-0.009931	0.009900	0.077115	53893	1.68	109	915	0	5	1676	611	6634	59934	0	8731	208	919	2848	160417	335	565	410	164	0	610	738	5638	182	652	15	0	31	0	365	129	177	144	1048	2543	189	277	308	422	1038	625	1212	33052	10297	0.111	
C:\Data\CD166_19_(2020)_processed\CD166_19_S3\CD166_19_S3_REP1\XRF data\L000068.spe	97.75	8.01	1	0.010267	-0.009931	0.009900	0.077115	53053	1.71	114	878	6	25	1707	635	6612	65949	7	8194	242	832	2558	151740	260	459	376	42	0	520	831	6375	140	678	0	0	73	0	327	141	143	99	1054	2566	50	155	331	192	1150	641	1010	32170	10511	0.112	
C:\Data\CD166_19_(2020)_processed\CD166_19_S3\CD166_19_S3_REP1\XRF data\L000069.spe	98.75	8.02	1	0.010267	-0.009931	0.009900	0.077115	53732	1.64	112	912	0	48	1719	635	6397	66748	0	8177	380	828	2507	156200	265	516	392	106	80	562	604	5936	240	762	0	23	56	0	335	196	174	269	1032	2398	145	217	274	425	1245	699	1004	32537	10630	0.111	
C:\Data\CD166_19_(2020)_processed\CD166_19_S3\CD166_19_S3_REP1\XRF data\L000070.spe	99.75	8.02	1	0.010267	-0.009931	0.009900	0.077115	53349	1.68	129	848	0	0	1590	634	6337	54944	0	8745	316	791	2741	164278	305	553	384	57	31	577	849	5007	184	875	0	0	41	0	297	150	216	45	1084	2397	102	148	325	237	1042	655	1421	32379	9947	0.110	
C:\Data\CD166_19_(2020)_processed\CD166_19_S3\CD166_19_S3_REP1\XRF data\L000071.spe	100.75	8.02	1	0.010267	-0.009931	0.009900	0.077115	51114	1.71	110	821	0	0	1691	652	5910	80369	73	7715	123	886	2358	138734	221	495	254	266	0	527	728	6061	249	659	8	10	0	0	242	110	119	263	960	2448	140	200	222	95	861	657	1128	31004	10093	0.109	
C:\Data\CD166_19_(2020)_processed\CD166_19_S3\CD166_19_S3_REP1\XRF data\L000072.spe	101.75	8.02	1	0.010267	-0.009931	0.009900	0.077115	50200	1.62	68	768	0	13	1627	668	5274	127063	0	5779	202	617	2128	103125	144	381	272	14	36	500	656	7559	241	673	46	39	52	0	211	134	149	348	923	2489	119	136	157	116	805	438	825	31331	10243	0.108	
C:\Data\CD166_19_(2020)_processed\CD166_19_S3\CD166_19_S3_REP1\XRF data\L000073.spe	102.75	8.01	1	0.010267	-0.009931	0.009900	0.077115	49950	1.63	68	675	0	37	1628	722	4995	141235	0	4719	194	513	1783	92719	174	366	311	49	94	528	454	7743	274	677	7	53	13	0	163	131	61	275	947	2404	114	254	144	403	565	368	904	30959	10283	0.109	
C:\Data\CD166_19_(2020)_processed\CD166_19_S3\CD166_19_S3_REP1\XRF data\L000074.spe	103.75	8.02	1	0.010267	-0.009931	0.009900	0.077115	50807	1.69	115	781	0	40	1669	609	5593	120249	0	5550	212	595	1932	109955	186	440	390	147	77	518	570	7136	238	618	18	27	101	0	239	128	106	234	955	2524	182	208	87	286	832	403	829	31706	10416	0.109	
C:\Data\CD166_19_(2020)_processed\CD166_19_S3\CD166_19_S3_REP1\XRF data\L000075.spe	104.75	8.03	1	0.010267	-0.009931	0.009900	0.077115	51729	1.67	112	788	0	25	1627	708	5884	114094	0	6082	161	627	1938	117831	186	437	328	60	109	556	748	7222	154	688	0	0	66	0	239	113	153	313	1049	2558	112	176	235	57	867	581	849	31394	10607	0.109	
C:\Data\CD166_19_(2020)_processed\CD166_19_S3\CD166_19_S3_REP1\XRF data\L000076.spe	105.75	8.03	1	0.010267	-0.009931	0.009900	0.077115	52301	1.48	107	780	0	13	1686	652	6002	102671	24	6448	307	673	2041	127503	238	434	362	234	96	432	716	7089	314	513	0	18	43	0	262	109	164	300	1084	2504	104	243	197	194	1032	562	959	31845	10255	0.110	
C:\Data\CD166_19_(2020)_processed\CD166_19_S3\CD166_19_S3_REP1\XRF data\L000077.spe	106.75	8.03	1	0.010267	-0.009931	0.009900	0.077115	51391	1.61	87	917	0	13	1657	684	5766	94170	0	6991	224	795	2096	125974	219	519	299	122	21	570	583	6991	281	757	31	40	52	0	237	168	122	238	921	2519	100	227	185	311	919	532	1115	32035	10583	0.111	
C:\Data\CD166_19_(2020)_processed\CD166_19_S3\CD166_19_S3_REP1\XRF data\L000078.spe	107.75	8.03	1	0.010267	-0.009931	0.009900	0.077115	51124	1.63	114	895	0	32	1612	668	6014	90914	79	6872	215	713	2682	125553	279	504	348	117	0	503	636	6832	189	536	16	0	34	0	252	105	150	276	1082	2513	76	267	150	419	831	557	1143	31973	10333	0.111	
C:\Data\CD166_19_(2020)_processed\CD166_19_S3\CD166_19_S3_REP1\XRF data\L000079.spe	108.75	8.03	1	0.010267	-0.009931	0.009900	0.077115	51377	1.64	123	923	0	0	1559	687	6136	86214	84	7380	210	792	2144	132058	185	406	408	62	9	466	740	6631	206	723	0	0	56	0	229	143	167	321	1087	2458	80	214	303	17	904	548	1021	31791	10587	0.110	
C:\Data\CD166_19_(2020)_processed\CD166_19_S3\CD166_19_S3_REP1\XRF data\L000080.spe	109.75	8.03	1	0.010267	-0.009931	0.009900	0.077115	50710	1.58	126	997	0	17	1491	667	6254	90767	34	7578	303	671	2074	127456	205	449	378	66	0	461	720	7231	170	670	21	17	47	0	199	155	152	255	968	2463	188	219	299	110	828	462	1089	30664	10439	0.109	
C:\Data\CD166_19_(2020)_processed\CD166_19_S3\CD166_19_S3_REP1\XRF data\L000081.spe	110.75	8.03	1	0.010267	-0.009931	0.009900	0.077115	50729	1.73	135	1018	0	31	1548	638	6343	96722	0	7340	151	780	1880	121714	234	440	386	53	90	550	593	8095	282	581	12	0	104	0	222	168	141	199	899	2426	137	249	281	267	1029	475	635	31629	10513	0.110	
C:\Data\CD166_19_(2020)_processed\CD166_19_S3\CD166_19_S3_REP1\XRF data\L000082.spe	111.75	8.03	1	0.010267	-0.009931	0.009900	0.077115	52948	1.60	93	948	0	36	1596	641	6353	84038	0	7980	176	800	2278	140661	355	508	432	44	0	476	606	7323	245	712	0	0	0	0	230	88	179	138	1068	2653	106	260	360	255	1084	509	800	31953	10434	0.111	
C:\Data\CD166_19_(2020)_processed\CD166_19_S3\CD166_19_S3_REP1\XRF data\L000083.spe	112.75	8.03	1	0.010267	-0.009931	0.009900	0.077115	53237	1.63	130	873	0	30	1512	721	6219	64754	0	7988	246	884	2483	155626	227	479	348	55	69	557	831	5632	215	669	0	0	19	0	333	97	172	222	1106	2440	156	241	378	263	1126	591	1067	33478	10424	0.111	
C:\Data\CD166_19_(2020)_processed\CD166_19_S3\CD166_19_S3_REP1\XRF data\L000084.spe	113.75	8.04	1	0.010267	-0.009931	0.009900	0.077115	52080	1.72	118	818	0	37	1625	652	5919	78460	0	7819	228	796	2444	143645	167	565	400	126	162	572	750	6192	297	637	0	20	97	0	244	115	162	326	1010	2454	159	154	202	149	936	600	1143	32122	10231	0.110	
C:\Data\CD166_19_(2020)_processed\CD166_19_S3\CD166_19_S3_REP1\XRF data\L000085.spe	114.75	8.03	1	0.010267	-0.009931	0.009900	0.077115	52155	1.65	116	826	0	35	1408	666	6054	84938	0	7598	243	752	2390	138398	219	481	334	153	90	533	571	7302	263	623	0	5	19	0	195	125	146	353	951	2239	41	175	369	276	1046	563	829	31789	10576	0.111	
C:\Data\CD166_19_(2020)_processed\CD166_19_S3\CD166_19_S3_REP1\XRF data\L000086.spe	115.75	8.03	1	0.010267	-0.009931	0.009900	0.077115	52925	1.82	117	919	0	14	1567	735	6203	72446	0	8192	365	722	2853	149474	319	492	340	148	89	528	810	6565	147	635	0	27	48	0	284	123	120	190	1084	2492	98	184	382	91	1058	659	903	32427	10456	0.111	
C:\Data\CD166_19_(2020)_processed\CD166_19_S3\CD166_19_S3_REP1\XRF data\L000087.spe	116.75	8.03	1	0.010267	-0.009931	0.009900	0.077115	51220	1.68	119	923	0	40	1490	671	6161	91581	0	7120	172	825	2702	128757	226	424	326	96	89	520	695	7141	274	597	48	15	47	0	273	126	167	294	1008	2459	100	298	287	109	905	584	836	31386	10356	0.110	
C:\Data\CD166_19_(2020)_processed\CD166_19_S3\CD166_19_S3_REP1\XRF data\L000088.spe	117.75	8.03	1	0.010267	-0.009931	0.009900	0.077115	50875	1.69	87	845	0	25	1505	673	6063	99188	0	6646	244	651	2277	123194	211	460	277	0	0	480	484	7554	209	556	10	15	85	0	205	136	94	235	993	2438	46	122	264	302	1059	495	682	31328	10254	0.109	
C:\Data\CD166_19_(2020)_processed\CD166_19_S3\CD166_19_S3_REP1\XRF data\L000089.spe	118.75	8.03	1	0.010267	-0.009931	0.009900	0.077115	50197	1.76	82	933	0	26	1423	756	6019	84254	44	7181	238	738	2480	129494	185	468	229	52	57	483	738	7699	218	654	0	0	67	0	267	105	139	356	993	2418	93	181	279	0	1005	430	738	30067	10249	0.109	
C:\Data\CD166_19_(2020)_processed\CD166_19_S3\CD166_19_S3_REP1\XRF data\L000090.spe	119.75	8.03	1	0.010267	-0.009931	0.009900	0.077115	50626	1.65	109	806	0	41	1567	740	5861	100684	69	6586	270	696	2559	121545	242	473	312	159	152	460	565	7869	96	410	23	18	39	0	255	144	152	332	946	2434	120	141	282	171	940	598	719	30359	10331	0.109	
C:\Data\CD166_19_(2020)_processed\CD166_19_S3\CD166_19_S3_REP1\XRF data\L000091.spe	120.75	8.03	1	0.010267	-0.009931	0.009900	0.077115	49998	1.65	107	762	0	28	1577	731	5482	98015	0	6507	136	687	2465	122850	215	403	293	119	123	491	613	7742	117	592	0	50	32	0	238	130	89	298	1012	2437	103	209	277	209	1100	487	575	30120	10170	0.107	
C:\Data\CD166_19_(2020)_processed\CD166_19_S3\CD166_19_S3_REP1\XRF data\L000092.spe	121.75	8.02	1	0.010267	-0.009931	0.009900	0.077115	49715	1.70	101	797	0	13	1581	651	5425	107355	0	6402	157	727	1924	115237	210	476	337	145	19	514	648	8234	274	615	43	28	64	0	198	137	134	248	934	2418	182	271	350	70	780	433	929	30340	10291	0.108	
C:\Data\CD166_19_(2020)_processed\CD166_19_S3\CD166_19_S3_REP1\XRF data\L000093.spe	122.75	8.03	1	0.010267	-0.009931	0.009900	0.077115	50327	1.59	99	721	0	19	1623	709	5455	103805	0	6733	175	746	1982	121243	195	445	349	171	12	523	494	8153	159	593	30	12	73	0	238	109	185	239	849	2535	116	200	276	176	901	582	896	29736	10145	0.107	
C:\Data\CD166_19_(2020)_processed\CD166_19_S3\CD166_19_S3_REP1\XRF data\L000094.spe	123.75	8.03	1	0.010267	-0.009931	0.009900	0.077115	50275	1.64	122	743	0	42	1610	680	5493	107922	22	6609	184	722	2406	118434	146	386	321	0	132	558	372	8379	245	654	33	0	29	0	211	150	99	299	968	2439	127	227	223	242	832	488	874	29750	10218	0.107	
C:\Data\CD166_19_(2020)_processed\CD166_19_S3\CD166_19_S3_REP1\XRF data\L000095.spe	124.75	8.03	1	0.010267	-0.009931	0.009900	0.077115	49451	1.60	120	728	0	0	1536	733	5355	114191	0	6010	176	596	1988	109234	208	381	344	140	47	463	496	8904	263	469	19	7	37	0	129	101	84	195	984	2516	169	203	258	212	777	457	872	30004	10266	0.108	
C:\Data\CD166_19_(2020)_processed\CD166_19_S3\CD166_19_S3_REP1\XRF data\L000096.spe	125.75	8.03	1	0.010267	-0.009931	0.009900	0.077115	49927	1.73	103	817	0	37	1628	708	5231	115290	0	6334	211	616	2026	112711	239	353	230	115	92	441	284	8804	267	500	25	39	101	0	154	101	123	204	1011	2445	122	246	144	360	820	527	891	30042	10209	0.106	
C:\Data\CD166_19_(2020)_processed\CD166_19_S3\CD166_19_S3_REP1\XRF data\L000097.spe	126.75	8.03	1	0.010267	-0.009931	0.009900	0.077115	49436	1.64	91	674	0	30	1823	764	5041	124326	0	5812	167	619	1849	105523	169	354	307	115	58	483	396	8921	177	501	0	15	49	0	148	86	98	243	921	2421	60	205	147	314	799	446	610	29617	10385	0.107	
C:\Data\CD166_19_(2020)_processed\CD166_19_S3\CD166_19_S3_REP1\XRF data\L000098.spe	127.75	8.03	1	0.010267	-0.009931	0.009900	0.077115	49340	1.56	103	713	0	0	1677	710	4760	135014	0	5658	124	580	1772	99753	194	415	243	114	73	400	333	9396	160	502	19	48	88	0	109	118	99	201	838	2413	169	225	69	120	740	419	813	29009	10115	0.106	
C:\Data\CD166_19_(2020)_processed\CD166_19_S3\CD166_19_S3_REP1\XRF data\L000099.spe	128.75	8.03	1	0.010267	-0.009931	0.009900	0.077115	50059	1.68	61	656	0	0	1653	733	4508	143823	0	5691	213	598	1727	98572	132	253	222	80	0	429	413	9375	159	588	22	50	57	0	136	86	110	350	976	2418	98	156	152	160	536	387	982	28411	10246	0.107	
C:\Data\CD166_19_(2020)_processed\CD166_19_S3\CD166_19_S3_REP1\XRF data\L000100.spe	129.75	8.03	1	0.010267	-0.009931	0.009900	0.077115	49718	1.66	118	733	0	30	1711	763	4769	131245	56	6007	164	638	1946	103844	185	358	318	63	107	497	440	8798	193	576	24	8	33	0	136	112	86	255	886	2452	137	197	213	0	857	485	846	29040	9962	0.106	
C:\Data\CD166_19_(2020)_processed\CD166_19_S3\CD166_19_S3_REP1\XRF data\L000101.spe	130.75	8.03	1	0.010267	-0.009931	0.009900	0.077115	50031	1.65	84	691	0	22	1638	775	4967	121670	0	6767	202	695	1770	112032	174	319	254	0	40	546	421	8909	257	566	41	0	62	0	167	104	107	210	931	2503	54	197	34	208	692	481	909	29037	10292	0.106	
C:\Data\CD166_19_(2020)_processed\CD166_19_S3\CD166_19_S3_REP1\XRF data\L000102.spe	131.75	8.03	1	0.010267	-0.009931	0.009900	0.077115	49204	1.57	70	574	0	24	1772	797	4317	147317	0	5635	238	618	1549	93688	201	381	253	74	80	484	313	9635	200	508	38	52	105	0	67	121	103	275	923	2383	69	231	129	287	672	550	678	28257	10171	0.104	
C:\Data\CD166_19_(2020)_processed\CD166_19_S3\CD166_19_S3_REP1\XRF data\L000103.spe	132.75	8.03	1	0.010267	-0.009931	0.009900	0.077115	49237	1.78	121	618	0	9	1747	747	4072	163060	0	5371	111	518	1375	85156	102	203	236	0	149	462	308	10459	195	391	7	53	9	0	84	22	91	349	1002	2335	114	201	44	79	700	315	447	27705	10237	0.104	
C:\Data\CD166_19_(2020)_processed\CD166_19_S3\CD166_19_S3_REP1\XRF data\L000104.spe	133.75	8.03	1	0.010267	-0.009931	0.009900	0.077115	49548	1.68	87	639	0	30	1704	742	4100	154333	0	5866	165	625	1470	90968	105	280	185	0	63	430	344	10529	241	442	46	51	88	0	130	118	78	288	945	2377	83	175	244	100	776	435	333	28023	10162	0.105	
C:\Data\CD166_19_(2020)_processed\CD166_19_S3\CD166_19_S3_REP1\XRF data\L000105.spe	134.75	8.02	1	0.010267	-0.009931	0.009900	0.077115	50186	1.68	121	659	0	0	1764	751	4305	155974	0	5638	156	538	1429	91894	60	317	201	69	31	412	249	10135	354	462	14	66	28	0	107	81	60	391	984	2372	12	158	83	246	744	396	427	29396	10665	0.106	
C:\Data\CD166_19_(2020)_processed\CD166_19_S3\CD166_19_S3_REP1\XRF data\L000106.spe	135.75	8.02	1	0.010267	-0.009931	0.009900	0.077115	49098	1.58	79	665	0	23	1597	754	4518	146871	0	5257	157	632	1450	91642	173	360	286	117	60	482	374	9807	260	337	64	28	28	0	118	103	126	267	880	2516	196	268	229	321	722	380	500	28952	10049	0.106	
C:\Data\CD166_19_(2020)_processed\CD166_19_S3\CD166_19_S3_REP1\XRF data\L000107.spe	136.75	8.02	1	0.010267	-0.009931	0.009900	0.077115	48868	1.68	70	626	0	0	1689	724	4279	150599	0	5168	96	577	1270	89606	115	354	327	80	27	452	364	9613	211	361	39	33	20	0	133	107	97	313	933	2493	101	195	200	157	690	423	624	28199	10140	0.105	
C:\Data\CD166_19_(2020)_processed\CD166_19_S3\CD166_19_S3_REP1\XRF data\L000108.spe	137.75	8.02	1	0.010267	-0.009931	0.009900	0.077115	47277	1.57	65	589	0	18	1554	773	3961	148229	40	4894	120	512	1384	83588	126	304	255	41	0	413	380	9281	237	467	0	56	50	0	96	39	102	203	817	2329	113	141	208	107	601	338	653	28356	9913	0.105	
C:\Data\CD166_19_(2020)_processed\CD166_19_S3\CD166_19_S3_REP1\XRF data\L000109.spe	138.75	8.02	1	0.010267	-0.009931	0.009900	0.077115	50313	1.78	104	565	0	0	1658	774	3801	175069	0	4933	162	527	1631	84212	69	371	244	112	0	449	426	9868	143	467	30	35	24	0	54	82	43	464	883	2495	45	152	135	35	646	393	720	27757	10040	0.105	
C:\Data\CD166_19_(2020)_processed\CD166_19_S3\CD166_19_S3_REP1\XRF data\L000110.spe	139.75	8.02	1	0.010267	-0.009931	0.009900	0.077115	49668	1.66	105	550	0	11	1662	784	3797	164760	0	5370	165	577	1737	87234	83	298	230	23	26	531	280	9793	195	473	25	52	0	0	80	87	60	259	856	2402	73	243	154	47	688	390	536	28167	10129	0.105	
C:\Data\CD166_19_(2020)_processed\CD166_19_S3\CD166_19_S3_REP1\XRF data\L000111.spe	140.75	8.02	1	0.010267	-0.009931	0.009900	0.077115	50922	1.74	87	630	0	21	1722	733	4253	153430	0	6041	137	645	2298	99006	249	436	322	60	59	501	363	9594	261	436	0	47	56	0	75	84	105	265	923	2499	114	203	250	209	673	480	881	29134	10245	0.105	
C:\Data\CD166_19_(2020)_processed\CD166_19_S3\CD166_19_S3_REP1\XRF data\L000112.spe	141.75	8.01	1	0.010267	-0.009931	0.009900	0.077115	50243	1.67	56	612	0	5	1572	727	4150	150321	0	5980	192	620	3569	98109	226	361	268	65	63	496	180	9286	205	370	51	56	45	0	153	100	87	340	873	2414	61	119	116	248	732	462	622	28655	10060	0.105	
C:\Data\CD166_19_(2020)_processed\CD166_19_S3\CD166_19_S3_REP1\XRF data\L000113.spe	142.75	8.01	1	0.010267	-0.009931	0.009900	0.077115	51022	1.65	89	588	0	18	1675	756	3974	154838	0	6288	146	563	11125	96467	127	414	255	48	28	588	263	8965	103	364	60	36	45	0	82	79	120	373	873	2422	64	201	148	154	690	416	704	27840	9868	0.104	
C:\Data\CD166_19_(2020)_processed\CD166_19_S3\CD166_19_S3_REP1\XRF data\L000114.spe	143.75	8.01	1	0.010267	-0.009931	0.009900	0.077115	51459	1.75	118	599	0	0	1631	823	3479	172819	0	6116	151	636	11522	90026	153	361	215	63	66	441	315	9504	222	462	31	73	68	0	30	125	105	343	865	2300	33	185	107	28	695	441	504	27052	10114	0.102	
C:\Data\CD166_19_(2020)_processed\CD166_19_S3\CD166_19_S3_REP1\XRF data\L000115.spe	144.75	8.02	1	0.010267	-0.009931	0.009900	0.077115	51188	1.84	101	552	0	0	1675	828	3404	170771	0	5854	96	630	11147	90780	202	365	273	140	110	473	289	9128	142	620	41	52	125	0	89	67	92	345	788	2299	86	219	216	223	830	377	522	26795	10108	0.102	
C:\Data\CD166_19_(2020)_processed\CD166_19_S3\CD166_19_S3_REP1\XRF data\L000116.spe	145.75	8.01	1	0.010267	-0.009931	0.009900	0.077115	50172	1.80	55	465	0	37	1764	764	3083	184841	0	5330	154	645	5431	81728	138	349	151	71	120	444	238	9723	136	553	54	77	89	0	41	52	110	443	793	2275	41	176	190	200	714	294	443	26847	9832	0.102	
C:\Data\CD166_19_(2020)_processed\CD166_19_S3\CD166_19_S3_REP1\XRF data\L000117.spe	146.75	8.00	1	0.010267	-0.009931	0.009900	0.077115	50626	1.78	104	473	0	0	1676	764	2981	184643	0	5422	137	589	8222	81714	146	383	238	91	110	518	262	10247	221	260	30	71	20	0	0	68	66	374	769	2386	129	181	242	156	656	316	444	27336	10097	0.102	
C:\Data\CD166_19_(2020)_processed\CD166_19_S3\CD166_19_S3_REP1\XRF data\L000118.spe	147.75	8.01	1	0.010267	-0.009931	0.009900	0.077115	50262	1.79	69	469	0	50	1718	745	3187	196011	0	4735	94	507	3203	74519	144	258	226	89	121	456	140	10291	187	384	47	50	75	0	0	64	29	381	863	2344	108	144	153	406	537	332	615	27813	10108	0.103	
C:\Data\CD166_19_(2020)_processed\CD166_19_S3\CD166_19_S3_REP1\XRF data\L000119.spe	148.75	8.00	1	0.010267	-0.009931	0.009900	0.077115	51224	1.65	80	424	0	42	1760	844	2931	200603	0	4772	129	447	7604	74152	214	265	241	57	0	427	390	10484	201	439	56	94	65	0	39	46	29	339	819	2412	64	206	148	27	653	341	457	27483	10243	0.102	
C:\Data\CD166_19_(2020)_processed\CD166_19_S3\CD166_19_S3_REP1\XRF data\L000120.spe	149.75	8.01	1	0.010267	-0.009931	0.009900	0.077115	52049	1.70	114	475	0	24	1842	849	2979	202752	0	4770	135	595	5290	76806	209	246	151	0	0	486	352	10322	99	381	25	66	115	0	81	74	105	311	871	2419	98	141	172	60	551	390	885	27953	10480	0.104	
C:\Data\CD166_19_(2020)_processed\CD166_19_S3\CD166_19_S3_REP1\XRF data\L000121.spe	150.75	7.99	1	0.010267	-0.009931	0.009900	0.077115	50859	1.61	53	439	0	0	1832	758	3430	186354	0	4657	116	514	1952	80100	92	272	249	10	15	376	332	9726	93	320	30	54	43	0	56	53	66	436	933	2407	94	273	148	302	559	352	781	28890	9950	0.105	
C:\Data\CD166_19_(2020)_processed\CD166_19_S3\CD166_19_S3_REP1\XRF data\L000122.spe	151.75	8.00	1	0.010267	-0.009931	0.009900	0.077115	50095	1.69	83	550	0	51	1751	758	3706	178130	0	4409	137	547	2367	80771	173	328	246	29	47	518	440	9331	178	237	67	29	108	0	94	87	60	353	925	2486	95	211	170	207	695	330	576	29085	10086	0.104	
C:\Data\CD166_19_(2020)_processed\CD166_19_S3\CD166_19_S3_REP1\XRF data\L000123.spe	152.75	8.00	1	0.010267	-0.009931	0.009900	0.077115	50246	1.70	75	547	0	70	1808	748	3794	173403	0	4981	123	584	1878	84280	195	307	283	64	63	496	346	9368	164	358	54	96	110	0	99	89	77	344	901	2385	102	247	0	109	595	316	689	28486	9834	0.105	
C:\Data\CD166_19_(2020)_processed\CD166_19_S3\CD166_19_S3_REP1\XRF data\L000124.spe	153.75	8.00	1	0.010267	-0.009931	0.009900	0.077115	50325	1.65	53	619	0	48	1664	805	4236	156793	0	5186	152	614	5860	91571	146	356	323	50	0	520	416	8942	177	488	0	49	78	0	112	63	119	295	857	2441	133	163	142	125	650	449	877	28972	10130	0.105	
C:\Data\CD166_19_(2020)_processed\CD166_19_S3\CD166_19_S3_REP1\XRF data\L000125.spe	154.75	8.00	1	0.010267	-0.009931	0.009900	0.077115	50042	1.76	115	522	0	59	1630	826	3564	183538	0	4618	67	465	10261	76340	165	273	223	0	155	407	229	10074	200	369	28	59	91	0	86	59	107	370	890	2324	47	148	263	214	665	330	622	26968	9854	0.102	
C:\Data\CD166_19_(2020)_processed\CD166_19_S3\CD166_19_S3_REP1\XRF data\L000126.spe	155.75	8.00	1	0.010267	-0.009931	0.009900	0.077115	50584	1.69	104	472	0	72	1757	858	3126	211929	0	3638	118	359	11514	60952	264	336	155	11	14	266	311	10754	124	427	47	83	106	0	81	72	86	304	857	2470	121	79	94	101	560	251	599	26288	9933	0.102	
C:\Data\CD166_19_(2020)_processed\CD166_19_S3\CD166_19_S3_REP1\XRF data\L000127.spe	156.75	7.99	1	0.010267	-0.009931	0.009900	0.077115	50749	1.62	58	446	0	48	1763	809	2897	218820	0	4056	110	443	2362	65049	119	251	225	0	42	339	271	11038	86	317	61	111	68	0	60	90	20	470	838	2368	90	175	257	167	496	328	512	27037	9875	0.102	
C:\Data\CD166_19_(2020)_processed\CD166_19_S3\CD166_19_S3_REP1\XRF data\L000128.spe	157.75	7.99	1	0.010267	-0.009931	0.009900	0.077115	51264	1.79	76	446	0	16	1805	800	2922	230373	0	3831	84	456	1151	60569	79	255	184	27	86	404	222	11431	116	237	45	123	104	0	21	47	39	481	862	2461	0	214	119	0	568	240	400	27377	10236	0.103	
C:\Data\CD166_19_(2020)_processed\CD166_19_S3\CD166_19_S3_REP1\XRF data\L000129.spe	158.75	7.99	1	0.010267	-0.009931	0.009900	0.077115	50218	1.80	90	413	0	32	1780	844	2746	232473	0	3436	115	444	2774	53255	125	220	190	0	5	509	138	11236	163	450	38	136	98	0	10	52	58	417	891	2425	104	152	27	50	534	260	401	26219	10151	0.102	
C:\Data\CD166_19_(2020)_processed\CD166_19_S3\CD166_19_S3_REP1\XRF data\L000130.spe	159.75	7.99	1	0.010267	-0.009931	0.009900	0.077115	49473	1.85	106	447	0	6	1648	727	2786	223349	0	3203	0	403	2047	53599	84	191	220	0	117	390	170	11120	280	292	74	81	85	0	19	49	55	441	922	2287	116	150	174	212	432	205	494	26880	10389	0.103	
C:\Data\CD166_19_(2020)_processed\CD166_19_S3\CD166_19_S3_REP1\XRF data\L000131.spe	160.75	7.98	1	0.010267	-0.009931	0.009900	0.077115	49786	1.72	41	434	0	24	1748	882	2966	231686	0	3076	40	397	1607	51040	160	199	183	88	82	402	203	11517	121	299	20	133	43	0	30	32	61	371	770	2414	66	156	113	181	419	244	460	27374	10237	0.103	
C:\Data\CD166_19_(2020)_processed\CD166_19_S3\CD166_19_S3_REP1\XRF data\L000132.spe	161.75	7.98	1	0.010267	-0.009931	0.009900	0.077115	49938	1.69	69	433	0	41	1715	810	3215	232866	0	2668	55	414	1113	48737	92	172	200	0	114	446	174	11819	306	228	85	123	74	0	38	26	67	420	864	2291	74	137	52	215	509	171	347	27915	10428	0.103	
C:\Data\CD166_19_(2020)_processed\CD166_19_S3\CD166_19_S3_REP1\XRF data\L000133.spe	162.75	7.98	1	0.010267	-0.009931	0.009900	0.077115	47887	1.71	61	444	0	0	1578	797	3140	220333	0	2317	11	349	1417	44081	73	212	160	0	0	373	132	11679	186	322	52	113	21	0	42	30	61	508	819	2221	0	147	51	83	481	232	318	27798	10977	0.104	
C:\Data\CD166_19_(2020)_processed\CD166_19_S3\CD166_19_S3_REP1\XRF data\L000134.spe	163.75	7.97	1	0.010267	-0.009931	0.009900	0.077115	51516	1.78	103	500	0	32	1929	920	3415	248883	0	2747	98	369	1881	48984	30	239	147	63	90	390	200	11929	214	359	47	107	26	0	0	74	43	585	893	2360	0	162	300	190	554	266	337	27548	10213	0.102	
C:\Data\CD166_19_(2020)_processed\CD166_19_S3\CD166_19_S3_REP1\XRF data\L000135.spe	164.75	7.93	1	0.010267	-0.009931	0.009900	0.077115	45256	1.70	73	420	0	0	1650	746	3030	219303	0	2211	7	336	771	40918	13	191	133	0	88	471	53	10841	229	219	94	114	42	0	5	60	12	441	884	2249	35	126	195	435	340	277	311	24987	9127	0.099	
C:\Data\CD166_19_(2020)_processed\CD166_19_S3\CD166_19_S3_REP1\XRF data\L000136.spe	165.75	7.91	1	0.010267	-0.009931	0.009900	0.077115	43609	1.79	45	473	0	6	1488	821	2849	209022	0	2221	0	292	655	39503	0	129	90	0	87	431	158	10276	187	331	61	110	48	0	0	50	55	466	764	2177	139	112	10	139	355	248	246	24235	8982	0.098	
C:\Data\CD166_19_(2020)_processed\CD166_19_S3\CD166_19_S3_REP1\XRF data\L000137.spe	166.75	7.92	1	0.010267	-0.009931	0.009900	0.077115	43191	1.72	94	326	0	0	1591	841	2938	203080	0	2015	53	346	623	39890	0	169	168	5	88	364	236	10294	22	101	39	105	100	0	36	45	70	536	758	2192	125	141	188	38	364	232	270	24491	9019	0.098	
C:\Data\CD166_19_(2020)_processed\CD166_19_S3\CD166_19_S3_REP1\XRF data\L000138.spe	167.75	7.92	1	0.010267	-0.009931	0.009900	0.077115	43594	1.70	79	369	0	7	1505	857	2918	202766	66	2114	11	308	555	41712	33	272	190	108	0	458	219	10337	154	284	34	74	72	0	55	69	48	357	686	2294	122	173	68	117	432	254	306	24540	9347	0.098	
C:\Data\CD166_19_(2020)_processed\CD166_19_S3\CD166_19_S3_REP1\XRF data\L000139.spe	168.75	7.93	1	0.010267	-0.009931	0.009900	0.077115	44814	1.60	36	423	0	17	1607	790	2974	218558	0	2312	74	334	518	40346	39	140	168	0	52	405	36	10431	196	206	71	82	11	0	40	70	0	385	793	2293	21	186	123	206	309	188	295	24142	9054	0.098	
C:\Data\CD166_19_(2020)_processed\CD166_19_S3\CD166_19_S3_REP1\XRF data\L000140.spe	169.75	7.93	1	0.010267	-0.009931	0.009900	0.077115	45542	1.75	87	366	0	0	1566	808	2892	221242	0	2214	97	343	577	40774	0	172	106	0	25	392	184	10643	130	300	66	97	106	0	0	53	29	557	802	2256	72	117	45	84	346	233	340	24545	9183	0.098	
C:\Data\CD166_19_(2020)_processed\CD166_19_S3\CD166_19_S3_REP1\XRF data\L000141.spe	170.75	7.94	1	0.010267	-0.009931	0.009900	0.077115	45716	1.81	92	402	0	0	1545	834	2847	217904	0	2233	66	312	558	42427	56	187	192	0	0	515	154	10880	213	288	22	113	29	0	30	42	9	390	738	2362	89	279	186	295	333	237	398	25851	9849	0.099	
C:\Data\CD166_19_(2020)_processed\CD166_19_S3\CD166_19_S3_REP1\XRF data\L000142.spe	171.75	7.94	1	0.010267	-0.009931	0.009900	0.077115	46358	1.72	91	402	0	39	1667	855	3078	218988	0	2429	63	303	623	43835	0	193	120	0	104	405	280	10982	196	289	38	78	83	0	25	87	19	524	784	2236	84	166	176	66	345	273	441	25597	9555	0.100	
C:\Data\CD166_19_(2020)_processed\CD166_19_S3\CD166_19_S3_REP1\XRF data\L000143.spe	172.75	7.95	1	0.010267	-0.009931	0.009900	0.077115	46404	1.77	55	433	0	24	1551	796	3143	222198	21	2086	73	347	589	41451	0	132	187	34	69	411	199	11341	121	168	93	67	94	0	48	30	19	521	765	2329	51	158	101	122	383	252	380	25862	9506	0.101	
C:\Data\CD166_19_(2020)_processed\CD166_19_S3\CD166_19_S3_REP1\XRF data\L000144.spe	173.75	7.95	1	0.010267	-0.009931	0.009900	0.077115	46792	1.79	55	445	0	54	1657	880	3017	229213	0	2023	0	384	531	39586	54	199	143	27	103	391	280	11459	197	112	43	153	98	0	57	73	26	438	854	2385	75	174	198	141	442	266	398	25792	9722	0.100	
C:\Data\CD166_19_(2020)_processed\CD166_19_S3\CD166_19_S3_REP1\XRF data\L000145.spe	174.75	7.96	1	0.010267	-0.009931	0.009900	0.077115	46807	1.83	57	402	0	0	1538	885	2882	228590	23	2139	28	313	633	40932	81	159	101	0	116	397	338	11098	143	209	12	129	38	0	0	19	49	371	760	2338	69	205	49	0	332	189	453	25826	9544	0.100	
C:\Data\CD166_19_(2020)_processed\CD166_19_S3\CD166_19_S3_REP1\XRF data\L000146.spe	175.75	7.96	1	0.010267	-0.009931	0.009900	0.077115	48087	1.73	66	418	0	60	1662	757	2722	240459	0	2372	58	273	594	41104	62	157	122	17	77	536	87	11691	185	234	88	131	96	0	28	40	24	420	815	2305	60	248	171	284	407	222	286	25872	9889	0.100	
C:\Data\CD166_19_(2020)_processed\CD166_19_S3\CD166_19_S3_REP1\XRF data\L000147.spe	176.75	7.97	1	0.010267	-0.009931	0.009900	0.077115	47886	1.82	65	380	0	26	1580	821	2857	239599	0	2199	77	303	609	39079	8	206	148	36	39	451	307	11944	185	76	50	125	66	0	0	37	32	542	766	2243	51	198	154	104	390	233	361	26482	9975	0.101	
C:\Data\CD166_19_(2020)_processed\CD166_19_S3\CD166_19_S3_REP1\XRF data\L000148.spe	177.75	7.97	1	0.010267	-0.009931	0.009900	0.077115	47536	1.69	59	380	0	57	1808	876	2859	235498	0	2112	0	284	544	37338	11	158	129	0	88	310	299	11933	94	138	90	133	102	0	27	31	31	455	775	2277	25	94	159	132	351	138	320	25803	9963	0.101	
C:\Data\CD166_19_(2020)_processed\CD166_19_S3\CD166_19_S3_REP1\XRF data\L000149.spe	178.75	7.97	1	0.010267	-0.009931	0.009900	0.077115	47835	1.72	64	373	0	25	1739	831	3168	228148	0	2228	72	334	539	42140	24	250	182	58	0	489	306	11777	86	200	25	98	98	0	0	68	35	484	754	2582	55	198	89	125	387	229	234	26676	10006	0.103	