C:\Data\CD166_19_(2020)\CD166_19_S3\CD166_19_S3_REP1     23-Sep-20  re-evaluated data
peakarea
filename	position (mm)	sample surface	validity	E-gain	E-offset	F-slope	F-offset	cps	MSE	Al	Si	P	S	Cl	Ar	K	Ca	Sc	Ti	V	Cr	Mn	Fe	Ni	Cu	Zn	Ga	Ge	Br	Rb	Sr	Y	Zr	Pd	Cd	I	Cs	Ba	Ce	Nd	Ta	W	Pb	Bi	Fe a*2	Fe a+b	S1	S2	S3	Mo inc	Mo coh	Dt	
C:\Data\CD166_19_(2020)\CD166_19_S3\CD166_19_S3_REP1\XRF data\L000000.spe	29.75	8.02	1	0.010268	-0.008542	0.009800	0.078770	54104	2.65	168	1599	0	35	1476	399	9124	77521	436	9656	581	645	6600	190997	374	276	569	165	254	403	1135	5595	215	1031	0	0	0	0	0	213	0	1306	3275	1186	258	359	278	339	732	3382	35757	11383	0.115	
C:\Data\CD166_19_(2020)\CD166_19_S3\CD166_19_S3_REP1\XRF data\L000001.spe	30.75	8.06	1	0.010260	-0.008542	0.009800	0.078770	46110	2.19	156	1357	0	91	4422	525	7251	40617	119	8449	596	702	4956	164173	335	475	477	278	207	396	1050	4451	198	855	64	0	87	0	419	37	93	1106	3185	2503	181	0	55	0	545	4535	33506	10491	0.111	
C:\Data\CD166_19_(2020)\CD166_19_S3\CD166_19_S3_REP1\XRF data\L000002.spe	31.75	8.10	1	0.010264	-0.008542	0.009800	0.078770	49186	2.05	160	1309	8	97	8281	667	7667	39068	100	9510	661	655	4857	179553	338	476	539	255	135	443	1167	4645	224	890	45	0	11	0	19	230	0	1253	3185	1681	273	202	0	169	534	4300	35156	10571	0.114	
C:\Data\CD166_19_(2020)\CD166_19_S3\CD166_19_S3_REP1\XRF data\L000003.spe	32.75	8.13	1	0.010265	-0.008542	0.009800	0.078770	49315	1.95	153	1307	0	55	1158	689	7970	33159	80	10092	566	779	11297	190019	452	600	553	244	150	427	1134	4111	287	1086	0	0	13	0	50	243	0	1254	3033	203	169	254	0	60	666	4658	33700	10625	0.112	
C:\Data\CD166_19_(2020)\CD166_19_S3\CD166_19_S3_REP1\XRF data\L000004.spe	33.75	8.12	1	0.010265	-0.008542	0.009800	0.078770	49963	2.03	181	1372	0	48	1202	670	7977	34664	54	10107	644	751	4535	195201	339	534	464	295	259	348	1049	4050	209	1115	0	0	0	0	102	200	16	1162	3303	179	210	341	357	285	605	4478	34861	10539	0.112	
C:\Data\CD166_19_(2020)\CD166_19_S3\CD166_19_S3_REP1\XRF data\L000005.spe	34.75	8.10	1	0.010264	-0.008542	0.009784	0.078770	49539	1.96	167	1325	0	38	1242	716	7826	42542	96	9369	586	713	9987	182972	379	511	560	324	149	453	1056	4459	196	1061	0	0	10	0	217	159	0	1215	3175	75	133	346	97	108	593	4637	34892	10722	0.112	
C:\Data\CD166_19_(2020)\CD166_19_S3\CD166_19_S3_REP1\XRF data\L000006.spe	35.75	8.10	1	0.010264	-0.008542	0.009743	0.078770	48378	1.98	147	1268	24	63	1298	629	7640	46085	143	8878	573	739	5048	178446	397	530	468	212	165	417	1035	4232	229	975	49	0	73	0	166	191	18	1248	3096	194	256	338	256	108	612	4413	34754	10518	0.112	
C:\Data\CD166_19_(2020)\CD166_19_S3\CD166_19_S3_REP1\XRF data\L000007.spe	36.75	8.10	1	0.010264	-0.008542	0.009743	0.078770	43797	2.03	167	1057	0	40	1073	749	6609	33962	43	8028	486	587	3712	162716	340	505	468	221	176	363	937	3637	203	1079	6	0	103	0	165	156	46	1187	2844	137	253	214	0	80	577	3875	32566	9582	0.110	
C:\Data\CD166_19_(2020)\CD166_19_S3\CD166_19_S3_REP1\XRF data\L000008.spe	37.75	8.09	1	0.010265	-0.008542	0.009743	0.078770	46527	1.98	162	1169	0	66	1192	680	7201	36849	130	9126	629	662	3920	177648	337	570	436	270	271	427	855	3840	255	1037	14	0	85	0	136	149	64	1078	3129	147	271	344	152	220	615	3958	32929	10042	0.110	
C:\Data\CD166_19_(2020)\CD166_19_S3\CD166_19_S3_REP1\XRF data\L000009.spe	38.75	8.08	1	0.010266	-0.008542	0.009743	0.078770	46205	2.14	161	1128	0	65	1193	696	7037	33316	0	9380	647	711	6071	176979	322	546	489	269	231	414	1207	3642	197	833	21	0	40	0	60	128	72	1177	2932	116	161	219	0	294	553	3827	32941	9864	0.108	
C:\Data\CD166_19_(2020)\CD166_19_S3\CD166_19_S3_REP1\XRF data\L000010.spe	39.75	8.06	1	0.010263	-0.008542	0.009682	0.078770	44157	1.98	136	1064	0	56	1194	664	6661	40805	79	7931	527	553	3574	159881	320	499	421	383	172	423	1000	3730	249	1013	0	0	57	0	132	123	25	1144	2950	162	178	229	98	0	544	4319	33081	10047	0.109	
C:\Data\CD166_19_(2020)\CD166_19_S3\CD166_19_S3_REP1\XRF data\L000011.spe	40.75	8.06	1	0.010263	-0.008542	0.009533	0.078770	44074	1.95	124	998	0	88	1211	637	6644	46966	102	7870	449	591	3245	156889	274	384	378	231	242	314	900	3794	348	998	18	0	56	0	122	183	39	1215	2867	122	138	262	220	176	651	3845	32030	9586	0.109	
C:\Data\CD166_19_(2020)\CD166_19_S3\CD166_19_S3_REP1\XRF data\L000012.spe	41.75	8.06	1	0.010265	-0.008542	0.009533	0.078770	43848	2.00	120	1006	0	69	1254	637	6726	49417	276	7703	485	654	3534	152532	217	375	395	280	169	327	857	4573	120	769	45	0	124	0	58	181	10	1119	2974	140	130	194	0	104	519	3890	32117	9704	0.109	
C:\Data\CD166_19_(2020)\CD166_19_S3\CD166_19_S3_REP1\XRF data\L000013.spe	42.75	8.05	1	0.010266	-0.008542	0.009533	0.078770	43705	1.91	134	1016	0	101	1327	626	6824	67279	345	6799	414	515	2752	138238	275	409	386	201	212	434	747	5683	305	953	21	0	38	0	91	128	0	1204	3033	60	121	89	178	121	417	3219	31725	10092	0.110	
C:\Data\CD166_19_(2020)\CD166_19_S3\CD166_19_S3_REP1\XRF data\L000014.spe	43.75	8.06	1	0.010266	-0.008542	0.009554	0.078770	43309	1.92	129	1023	0	71	1340	623	6641	66907	237	6754	494	491	3175	137221	241	330	361	261	223	401	760	5446	227	704	34	4	128	0	69	86	21	1172	3079	29	157	191	0	56	530	3360	31587	9735	0.108	
C:\Data\CD166_19_(2020)\CD166_19_S3\CD166_19_S3_REP1\XRF data\L000015.spe	44.75	8.06	1	0.010267	-0.008542	0.009554	0.078770	43989	2.21	128	966	0	105	1379	597	6593	72316	345	6402	358	457	11383	133529	344	283	417	109	268	352	937	5366	144	781	45	0	78	0	97	176	0	1242	2845	25	250	199	0	229	468	2630	30903	9630	0.107	
C:\Data\CD166_19_(2020)\CD166_19_S3\CD166_19_S3_REP1\XRF data\L000016.spe	45.75	8.05	1	0.010263	-0.008542	0.009554	0.078770	44581	2.04	120	1047	0	73	1374	620	6885	67529	292	6842	462	550	5294	142009	286	424	418	268	116	419	1001	5530	345	798	17	0	38	0	137	112	0	1155	3082	128	206	142	6	92	499	3603	32573	10259	0.109	
C:\Data\CD166_19_(2020)\CD166_19_S3\CD166_19_S3_REP1\XRF data\L000017.spe	46.75	8.06	1	0.010263	-0.008542	0.009554	0.078770	47258	2.02	147	1232	0	62	1362	615	7423	45509	62	8813	612	618	4688	173523	290	461	382	245	172	408	1094	4578	179	801	22	0	38	0	255	111	54	1338	3059	117	139	13	0	82	522	4344	32850	10090	0.109	
C:\Data\CD166_19_(2020)\CD166_19_S3\CD166_19_S3_REP1\XRF data\L000018.spe	47.75	8.06	1	0.010263	-0.008542	0.009554	0.078770	45486	2.10	128	1095	0	69	1308	617	7228	53249	130	7997	495	651	4732	156825	348	437	370	167	173	367	870	4742	165	913	65	0	102	0	8	182	14	1353	3118	141	193	241	0	0	495	4362	32825	9955	0.109	
C:\Data\CD166_19_(2020)\CD166_19_S3\CD166_19_S3_REP1\XRF data\L000019.spe	48.75	8.04	1	0.010262	-0.008542	0.009554	0.078770	44067	2.22	129	998	0	66	1448	610	6620	68024	331	6926	437	631	3644	141242	302	429	397	235	187	408	793	5471	280	736	21	0	143	0	101	119	30	1155	2944	158	206	121	126	62	492	3552	32098	10243	0.108	
C:\Data\CD166_19_(2020)\CD166_19_S3\CD166_19_S3_REP1\XRF data\L000020.spe	49.75	8.03	1	0.010267	-0.008542	0.009554	0.078770	45615	2.06	153	1045	0	62	1342	578	7006	47622	166	8268	470	674	4201	165884	339	415	488	209	83	396	1039	4365	273	1055	38	0	91	0	113	160	0	1326	3212	129	211	279	59	213	509	3623	31550	9652	0.109	
C:\Data\CD166_19_(2020)\CD166_19_S3\CD166_19_S3_REP1\XRF data\L000021.spe	50.75	8.04	1	0.010265	-0.008542	0.009554	0.078770	48930	1.99	155	1142	0	80	1393	601	7609	45219	72	8984	584	683	4696	184116	315	417	505	232	229	489	975	4182	316	899	36	0	100	0	352	80	23	1365	3157	193	202	201	164	20	747	4409	33800	10240	0.111	
C:\Data\CD166_19_(2020)\CD166_19_S3\CD166_19_S3_REP1\XRF data\L000022.spe	51.75	8.04	1	0.010266	-0.008542	0.009554	0.078770	48946	2.15	180	1083	0	67	1459	613	7388	38061	83	9241	606	725	6962	187775	305	465	477	205	128	388	979	4118	163	862	0	0	44	0	106	191	0	1350	3068	94	181	396	170	270	660	4190	32740	10042	0.111	
C:\Data\CD166_19_(2020)\CD166_19_S3\CD166_19_S3_REP1\XRF data\L000023.spe	52.75	8.05	1	0.010262	-0.008542	0.009554	0.078770	49300	2.09	187	1204	10	52	1456	512	7656	33401	78	9604	680	705	8258	191446	383	482	531	234	125	439	911	3898	151	946	36	0	40	0	282	130	53	1424	3138	125	147	368	175	89	682	4829	33782	10061	0.111	
C:\Data\CD166_19_(2020)\CD166_19_S3\CD166_19_S3_REP1\XRF data\L000024.spe	53.75	8.05	1	0.010264	-0.008542	0.009554	0.078770	48925	2.09	161	1172	21	82	1503	558	7846	31988	44	10000	690	703	3892	192972	271	466	462	221	139	386	1143	3941	143	963	24	0	64	0	136	93	34	1304	3206	122	196	420	50	139	518	4576	33888	10355	0.111	
C:\Data\CD166_19_(2020)\CD166_19_S3\CD166_19_S3_REP1\XRF data\L000025.spe	54.75	8.05	1	0.010263	-0.008542	0.009577	0.078770	49059	2.15	160	1077	0	49	1511	596	7532	37709	7	9698	620	744	4326	190097	327	510	446	268	236	376	941	5009	278	865	21	0	42	0	149	160	33	1222	3146	139	189	401	217	269	615	4534	33473	10421	0.110	
C:\Data\CD166_19_(2020)\CD166_19_S3\CD166_19_S3_REP1\XRF data\L000026.spe	55.75	8.05	1	0.010263	-0.008542	0.009577	0.078770	50465	2.05	201	1115	28	103	1629	610	7845	36008	68	9880	652	847	4175	198406	337	483	573	341	209	447	1006	4139	223	1092	5	0	94	0	237	175	22	1322	3361	190	246	373	56	135	742	5280	35083	10572	0.112	
C:\Data\CD166_19_(2020)\CD166_19_S3\CD166_19_S3_REP1\XRF data\L000027.spe	56.75	8.05	1	0.010262	-0.008542	0.009577	0.078770	51105	2.27	178	1132	19	76	1602	573	7758	32054	16	10217	629	675	4460	204591	392	585	526	299	186	427	1123	3546	319	1017	25	0	15	0	352	162	88	1314	3281	245	241	331	0	134	647	5255	34646	10431	0.112	
C:\Data\CD166_19_(2020)\CD166_19_S3\CD166_19_S3_REP1\XRF data\L000028.spe	57.75	8.05	1	0.010267	-0.008542	0.009577	0.078770	49359	2.15	145	1031	20	52	1542	568	7116	37773	100	9716	566	765	7105	187702	389	331	448	144	138	410	897	4129	224	1082	21	0	0	0	68	206	28	1431	3181	110	202	318	205	282	601	3931	34094	10330	0.112	
C:\Data\CD166_19_(2020)\CD166_19_S3\CD166_19_S3_REP1\XRF data\L000029.spe	58.75	8.04	1	0.010267	-0.008542	0.009577	0.078770	48958	2.08	136	1185	0	56	1455	619	7679	35135	81	9941	578	719	5224	185487	298	412	497	187	181	553	958	4405	179	1057	0	0	23	0	5	268	0	1305	3272	200	192	480	97	298	450	3919	34891	10734	0.113	
C:\Data\CD166_19_(2020)\CD166_19_S3\CD166_19_S3_REP1\XRF data\L000030.spe	59.75	8.04	1	0.010267	-0.008542	0.009577	0.078770	49850	2.14	183	1136	0	73	1430	539	7898	32357	61	10208	770	698	3789	193773	328	501	444	241	220	486	938	4396	296	1135	40	0	0	0	0	195	0	1319	3338	184	206	360	160	290	647	3947	34469	10541	0.113	
C:\Data\CD166_19_(2020)\CD166_19_S3\CD166_19_S3_REP1\XRF data\L000031.spe	60.75	8.04	1	0.010267	-0.008542	0.009577	0.078770	51502	2.20	219	1179	18	56	1452	650	7944	27513	102	10807	645	814	5975	206577	329	517	514	219	179	437	1101	3389	250	1073	0	0	0	0	97	216	0	1452	3234	77	236	283	66	204	703	4638	35055	10521	0.113	
C:\Data\CD166_19_(2020)\CD166_19_S3\CD166_19_S3_REP1\XRF data\L000032.spe	61.75	8.05	1	0.010267	-0.008542	0.009528	0.078770	52347	2.22	143	1283	32	73	1515	632	7933	30321	132	10683	798	777	4902	208811	326	400	435	212	221	562	1180	3424	271	1077	0	5	0	0	0	286	0	1359	3178	206	125	349	80	259	748	4665	36984	10612	0.115	
C:\Data\CD166_19_(2020)\CD166_19_S3\CD166_19_S3_REP1\XRF data\L000033.spe	62.75	8.04	1	0.010267	-0.008542	0.009556	0.078770	55308	2.24	198	1237	7	98	1603	593	8692	34328	114	11378	747	745	4471	222058	404	570	583	317	129	565	940	3819	338	990	0	0	37	0	121	192	29	1495	3515	204	284	412	441	278	734	4711	38116	11219	0.117	
C:\Data\CD166_19_(2020)\CD166_19_S3\CD166_19_S3_REP1\XRF data\L000034.spe	63.75	8.02	1	0.010267	-0.008542	0.009595	0.078770	55553	2.25	193	1346	0	77	1708	622	8534	43118	89	11001	716	747	5382	216198	456	572	612	299	218	534	1195	4055	272	1098	0	0	5	0	102	208	0	1493	3616	39	258	382	217	36	772	4865	37934	11206	0.118	
C:\Data\CD166_19_(2020)\CD166_19_S3\CD166_19_S3_REP1\XRF data\L000035.spe	64.75	8.01	1	0.010262	-0.008542	0.009595	0.078770	51917	2.11	153	1134	12	82	1500	665	7783	40938	5	10169	614	848	4762	202118	338	576	462	180	97	497	1231	3598	311	1133	28	0	6	0	265	150	51	1293	3215	222	177	451	31	24	654	5605	35966	10501	0.113	
C:\Data\CD166_19_(2020)\CD166_19_S3\CD166_19_S3_REP1\XRF data\L000036.spe	65.75	7.98	1	0.010265	-0.008542	0.009595	0.078770	50598	2.06	172	1177	0	47	1446	617	7570	38915	25	9817	655	718	4386	197718	306	545	465	344	157	430	1025	3747	202	1024	4	0	10	0	138	119	55	1320	3185	111	202	359	101	185	655	4798	34693	10290	0.112	
C:\Data\CD166_19_(2020)\CD166_19_S3\CD166_19_S3_REP1\XRF data\L000037.spe	66.75	7.98	1	0.010265	-0.008542	0.009595	0.078770	49475	2.01	146	1079	0	71	1464	536	7104	47105	141	9076	696	766	5787	183955	385	561	505	150	150	354	1098	3991	234	1021	44	0	23	0	95	212	8	1351	3146	62	217	183	0	20	653	4694	34371	10565	0.112	
C:\Data\CD166_19_(2020)\CD166_19_S3\CD166_19_S3_REP1\XRF data\L000038.spe	67.75	7.98	1	0.010266	-0.008542	0.009595	0.078770	49577	2.08	123	1088	18	38	1523	521	7335	32589	37	9657	684	629	6249	192521	334	456	410	215	214	504	1079	4346	166	957	43	0	0	0	141	119	27	1370	3077	122	241	455	158	236	621	4321	34500	10438	0.113	
C:\Data\CD166_19_(2020)\CD166_19_S3\CD166_19_S3_REP1\XRF data\L000039.spe	68.75	7.97	1	0.010264	-0.008542	0.009595	0.078770	49337	1.92	149	1071	0	77	1503	509	7522	38837	122	9483	633	736	5963	186373	381	428	559	290	268	456	811	4747	174	976	37	0	24	0	253	125	65	1448	3249	201	289	201	181	100	710	4604	34087	10534	0.112	
C:\Data\CD166_19_(2020)\CD166_19_S3\CD166_19_S3_REP1\XRF data\L000040.spe	69.75	7.97	1	0.010264	-0.008542	0.009640	0.078770	50208	1.92	128	1149	0	71	1646	528	7479	44425	187	9476	595	675	11617	182642	636	638	530	245	181	494	855	5150	135	1001	13	0	55	0	178	98	48	1334	3268	120	175	258	154	122	495	4702	35175	10852	0.113	
C:\Data\CD166_19_(2020)\CD166_19_S3\CD166_19_S3_REP1\XRF data\L000041.spe	70.75	7.97	1	0.010263	-0.008542	0.009640	0.078770	49750	2.18	158	1002	0	84	1630	510	6870	68894	131	8308	542	781	4995	171208	360	551	474	219	290	367	898	5810	258	903	33	0	109	0	283	128	26	1339	3195	167	129	208	150	0	576	4644	34229	10576	0.112	
C:\Data\CD166_19_(2020)\CD166_19_S3\CD166_19_S3_REP1\XRF data\L000042.spe	71.75	7.96	1	0.010267	-0.008542	0.009640	0.078770	48052	2.05	136	1012	0	70	1599	506	6743	64705	292	7870	565	661	8928	161195	390	507	365	205	162	497	775	5539	210	902	54	0	41	0	126	108	23	1211	3288	208	304	269	215	199	585	3796	33525	10266	0.110	
C:\Data\CD166_19_(2020)\CD166_19_S3\CD166_19_S3_REP1\XRF data\L000043.spe	72.75	7.97	1	0.010265	-0.008542	0.009640	0.078770	48420	2.04	173	1024	0	78	1478	526	7009	50541	151	8822	549	577	4470	175422	356	384	452	191	185	462	949	5312	299	846	20	0	58	0	118	158	7	1372	3213	206	281	229	74	217	577	4295	34466	10677	0.112	
C:\Data\CD166_19_(2020)\CD166_19_S3\CD166_19_S3_REP1\XRF data\L000044.spe	73.75	7.97	1	0.010264	-0.008542	0.009640	0.078770	50783	1.98	166	1130	0	47	1478	534	7472	29658	120	10213	677	723	5901	201508	338	557	537	278	170	487	1000	3712	230	988	25	0	6	0	169	178	32	1375	3206	118	217	318	180	61	580	5173	35698	10676	0.113	
C:\Data\CD166_19_(2020)\CD166_19_S3\CD166_19_S3_REP1\XRF data\L000045.spe	74.75	7.98	1	0.010264	-0.008542	0.009659	0.078770	50650	2.00	159	1196	0	62	1391	564	7429	24948	0	10649	658	816	4594	204165	313	417	353	165	199	442	1178	3276	274	1221	0	0	14	0	201	124	26	1400	3076	71	157	414	0	183	640	5230	35944	10691	0.114	
C:\Data\CD166_19_(2020)\CD166_19_S3\CD166_19_S3_REP1\XRF data\L000046.spe	75.75	7.98	1	0.010263	-0.008542	0.009659	0.078770	50979	2.12	175	1129	0	56	1428	563	7445	21727	0	10995	611	809	4190	208869	390	588	556	402	179	528	1205	3360	176	1054	0	0	0	0	211	169	72	1298	3200	143	206	285	74	145	746	5104	36142	11049	0.114	
C:\Data\CD166_19_(2020)\CD166_19_S3\CD166_19_S3_REP1\XRF data\L000047.spe	76.75	7.98	1	0.010266	-0.008542	0.009659	0.078770	50186	2.08	153	1159	8	45	1463	569	7306	27705	89	10719	662	762	3657	199461	332	567	429	229	99	467	850	3339	218	1163	8	0	0	0	0	263	0	1389	3303	0	266	266	277	149	722	4698	35654	10656	0.113	
C:\Data\CD166_19_(2020)\CD166_19_S3\CD166_19_S3_REP1\XRF data\L000048.spe	77.75	7.98	1	0.010264	-0.008542	0.009659	0.078770	50259	2.09	134	1143	0	53	1533	562	7288	28623	74	10058	669	754	3408	200367	264	426	504	178	97	453	956	3508	258	983	0	0	44	0	185	198	39	1499	3174	244	237	237	313	109	676	4733	35784	10317	0.114	
C:\Data\CD166_19_(2020)\CD166_19_S3\CD166_19_S3_REP1\XRF data\L000049.spe	78.75	7.98	1	0.010264	-0.008542	0.009659	0.078770	50280	2.09	176	1199	0	35	1461	526	7449	29119	99	10603	644	867	3583	200207	346	475	465	224	206	482	1111	3902	209	967	0	0	30	0	0	248	6	1342	3147	74	180	364	0	253	664	4691	35261	10872	0.112	
C:\Data\CD166_19_(2020)\CD166_19_S3\CD166_19_S3_REP1\XRF data\L000050.spe	79.75	7.98	1	0.010265	-0.008542	0.009677	0.078770	48301	2.14	157	1053	0	62	1486	628	7251	57592	252	8987	475	622	2637	168988	275	386	393	191	194	471	896	4905	163	1064	22	0	81	0	0	205	5	1462	3274	183	87	280	217	120	596	3917	35050	10924	0.112	
C:\Data\CD166_19_(2020)\CD166_19_S3\CD166_19_S3_REP1\XRF data\L000051.spe	80.75	7.98	1	0.010266	-0.008542	0.009677	0.078770	48147	2.04	151	1082	6	75	1531	555	6922	60395	230	8599	418	585	2707	166561	316	482	362	159	153	518	986	5226	202	885	19	0	50	0	80	153	43	1261	3343	223	242	222	13	187	588	3780	35050	10161	0.112	
C:\Data\CD166_19_(2020)\CD166_19_S3\CD166_19_S3_REP1\XRF data\L000052.spe	81.75	7.98	1	0.010266	-0.008542	0.009677	0.078770	48497	2.12	137	1098	0	62	1584	561	6987	56486	275	9009	546	645	4071	169485	298	386	459	314	109	457	1034	4806	194	925	46	0	22	0	60	116	15	1296	3280	142	134	249	0	43	611	3926	34380	10717	0.113	
C:\Data\CD166_19_(2020)\CD166_19_S3\CD166_19_S3_REP1\XRF data\L000053.spe	82.75	7.98	1	0.010262	-0.008542	0.009677	0.078770	49579	2.04	174	1129	0	66	1407	625	7154	38922	193	9982	662	863	3119	190782	340	547	450	318	81	425	859	4128	192	1093	22	0	65	0	205	165	16	1277	3289	70	213	328	354	127	706	5143	34748	10141	0.112	
C:\Data\CD166_19_(2020)\CD166_19_S3\CD166_19_S3_REP1\XRF data\L000054.spe	83.75	7.98	1	0.010265	-0.008542	0.009677	0.078770	48776	2.05	185	1154	0	71	1576	560	6950	52081	110	9616	516	646	3148	178228	309	383	424	193	170	426	883	5066	159	1031	22	0	0	0	0	137	35	1338	3242	77	168	400	14	132	555	4157	34167	10648	0.112	
C:\Data\CD166_19_(2020)\CD166_19_S3\CD166_19_S3_REP1\XRF data\L000055.spe	84.75	7.98	1	0.010264	-0.008542	0.009677	0.078770	47983	2.16	131	987	0	68	1530	506	6703	65273	242	8508	539	684	2810	163600	241	484	517	270	261	459	885	5303	292	1022	55	0	122	0	229	123	29	1229	3274	129	216	308	0	101	553	3954	34454	10650	0.112	
C:\Data\CD166_19_(2020)\CD166_19_S3\CD166_19_S3_REP1\XRF data\L000056.spe	85.75	7.99	1	0.010265	-0.008542	0.009748	0.078770	48868	2.13	176	1092	0	85	1441	573	6737	55409	282	9626	524	740	3015	175846	336	543	493	323	182	471	861	5075	257	1009	48	10	70	0	76	184	60	1296	3255	33	252	180	131	164	638	4294	33808	10492	0.112	
C:\Data\CD166_19_(2020)\CD166_19_S3\CD166_19_S3_REP1\XRF data\L000057.spe	86.75	7.99	1	0.010265	-0.008542	0.009662	0.078770	48250	2.13	110	1100	0	49	1461	590	6591	53246	65	9877	553	717	3229	174027	290	474	428	175	224	364	681	5173	346	909	0	0	61	0	0	225	0	1377	3241	118	225	335	243	150	492	4168	33647	10511	0.111	
C:\Data\CD166_19_(2020)\CD166_19_S3\CD166_19_S3_REP1\XRF data\L000058.spe	87.75	7.99	1	0.010266	-0.008542	0.009662	0.078770	47633	2.02	160	1024	0	58	1416	611	6331	58913	264	9262	476	633	2670	168136	278	430	418	241	153	467	929	4839	229	1085	33	0	16	0	0	201	23	1365	3174	188	325	172	0	108	439	3649	33789	10153	0.111	
C:\Data\CD166_19_(2020)\CD166_19_S3\CD166_19_S3_REP1\XRF data\L000059.spe	88.75	7.99	1	0.010267	-0.008542	0.009662	0.078770	47651	2.28	168	946	0	55	1429	520	6588	48370	177	9567	613	687	2910	178722	242	374	437	226	224	515	789	4282	277	996	47	0	45	0	0	197	22	1326	3126	132	199	288	132	224	647	3877	32421	10080	0.110	
C:\Data\CD166_19_(2020)\CD166_19_S3\CD166_19_S3_REP1\XRF data\L000060.spe	89.75	7.99	1	0.010262	-0.008542	0.009662	0.078770	47724	2.14	150	1050	16	73	1310	546	6644	39538	38	9548	542	694	2996	181449	298	556	445	290	183	450	1123	4309	195	976	40	0	48	0	193	96	54	1209	3045	162	199	229	0	0	589	5141	33820	10127	0.111	
C:\Data\CD166_19_(2020)\CD166_19_S3\CD166_19_S3_REP1\XRF data\L000061.spe	90.75	8.00	1	0.010264	-0.008542	0.009662	0.078770	48600	2.14	130	1037	0	62	1514	593	6952	38655	7	9612	559	776	3272	186318	333	481	418	230	219	427	953	4531	174	1003	0	0	12	0	257	114	35	1416	3082	61	241	263	50	145	591	4436	33747	10470	0.111	
C:\Data\CD166_19_(2020)\CD166_19_S3\CD166_19_S3_REP1\XRF data\L000062.spe	91.75	8.01	1	0.010266	-0.008542	0.009662	0.078770	47280	1.94	131	1013	19	84	1365	578	6504	40491	90	9882	562	676	4866	177328	343	484	433	189	206	505	792	4608	299	995	41	0	20	0	0	277	0	1225	3083	143	216	209	227	110	603	4193	33103	9977	0.110	
C:\Data\CD166_19_(2020)\CD166_19_S3\CD166_19_S3_REP1\XRF data\L000063.spe	92.75	8.01	1	0.010266	-0.008542	0.009676	0.078770	48720	1.94	155	1009	0	64	1539	614	6765	49084	197	9393	553	668	9266	176048	386	476	477	176	194	462	873	5019	234	981	21	0	43	0	29	144	24	1372	3082	116	195	331	0	122	525	4324	33773	10269	0.111	
C:\Data\CD166_19_(2020)\CD166_19_S3\CD166_19_S3_REP1\XRF data\L000064.spe	93.75	8.01	1	0.010267	-0.008542	0.009676	0.078770	47089	2.08	144	1022	0	66	1533	612	6684	61805	314	8626	436	579	3466	161665	260	382	406	233	235	487	810	5863	239	919	24	0	83	0	59	124	0	1288	3195	106	251	150	105	95	445	3593	32983	10449	0.110	
C:\Data\CD166_19_(2020)\CD166_19_S3\CD166_19_S3_REP1\XRF data\L000065.spe	94.75	8.02	1	0.010267	-0.008542	0.009676	0.078770	47429	2.42	164	974	0	121	1657	574	6487	72768	394	8441	600	613	3197	156804	287	365	464	159	202	414	902	6082	229	908	64	12	85	0	0	221	0	1203	3192	103	189	145	20	193	501	3282	33071	10241	0.111	
C:\Data\CD166_19_(2020)\CD166_19_S3\CD166_19_S3_REP1\XRF data\L000066.spe	95.75	8.02	1	0.010262	-0.008542	0.009676	0.078770	47967	2.19	105	952	0	74	1644	642	6646	60638	174	8872	428	723	3116	165543	321	464	441	212	237	533	613	5639	301	1038	67	0	107	0	118	161	15	1202	3278	223	175	130	215	22	582	4453	34451	10258	0.111	
C:\Data\CD166_19_(2020)\CD166_19_S3\CD166_19_S3_REP1\XRF data\L000067.spe	96.75	8.02	1	0.010262	-0.008542	0.009556	0.078770	47924	2.16	127	963	0	61	1720	594	6640	61318	204	8840	398	690	2732	164679	294	486	431	269	133	523	755	5516	194	792	51	0	91	0	159	155	0	1297	3295	154	277	196	216	0	520	4564	34452	10324	0.111	
C:\Data\CD166_19_(2020)\CD166_19_S3\CD166_19_S3_REP1\XRF data\L000068.spe	97.75	8.01	1	0.010265	-0.008542	0.009556	0.078770	47127	2.19	133	931	54	83	1758	619	6596	67391	315	8369	441	606	2466	155959	190	359	396	138	107	444	802	6246	155	796	39	0	119	0	35	178	0	1327	3313	14	136	202	63	147	551	3735	33469	10536	0.112	
C:\Data\CD166_19_(2020)\CD166_19_S3\CD166_19_S3_REP1\XRF data\L000069.spe	98.75	8.02	1	0.010266	-0.008542	0.009556	0.078770	47761	2.14	130	961	10	105	1762	612	6370	68288	266	8397	567	584	2411	160469	282	412	428	194	219	485	579	5818	252	901	31	20	75	0	0	203	31	1268	3216	114	222	164	304	218	604	3698	33718	10643	0.111	
C:\Data\CD166_19_(2020)\CD166_19_S3\CD166_19_S3_REP1\XRF data\L000070.spe	99.75	8.02	1	0.010264	-0.008542	0.009606	0.078770	47460	2.08	147	895	9	41	1631	616	6326	56253	178	8923	516	564	2635	168826	211	450	385	154	196	497	835	4888	205	981	24	0	94	0	17	179	0	1367	3032	77	115	204	87	0	562	4569	33686	10019	0.110	
C:\Data\CD166_19_(2020)\CD166_19_S3\CD166_19_S3_REP1\XRF data\L000071.spe	100.75	8.02	1	0.010263	-0.008542	0.009606	0.078770	45539	2.06	129	870	0	66	1742	639	5909	82307	424	7863	300	674	2264	142562	248	420	287	361	128	452	727	5944	262	789	47	17	43	0	0	147	0	1149	3255	111	189	114	0	0	557	3816	32293	10155	0.109	
C:\Data\CD166_19_(2020)\CD166_19_S3\CD166_19_S3_REP1\XRF data\L000072.spe	101.75	8.02	1	0.010263	-0.008542	0.009606	0.078770	44770	2.28	86	812	0	83	1675	657	5278	130053	455	5795	334	451	2027	105827	233	308	304	107	173	434	647	7434	257	846	86	50	114	0	77	65	36	1085	3334	97	108	53	0	9	347	3001	32652	10298	0.108	
C:\Data\CD166_19_(2020)\CD166_19_S3\CD166_19_S3_REP1\XRF data\L000073.spe	102.75	8.01	1	0.010266	-0.008542	0.009606	0.078770	44495	2.18	89	724	0	119	1690	714	4978	144555	600	4788	313	363	1720	95205	226	285	342	131	233	461	430	7620	264	805	50	71	23	0	0	111	15	1148	3233	78	241	49	293	0	296	2522	32056	10299	0.109	
C:\Data\CD166_19_(2020)\CD166_19_S3\CD166_19_S3_REP1\XRF data\L000074.spe	103.75	8.02	1	0.010264	-0.008542	0.009606	0.078770	45256	2.25	139	833	0	121	1729	597	5588	123099	357	5631	333	418	1849	112933	209	355	437	246	230	443	550	7012	245	768	63	41	170	0	23	124	0	1193	3356	164	206	0	155	56	315	2900	32931	10462	0.109	
C:\Data\CD166_19_(2020)\CD166_19_S3\CD166_19_S3_REP1\XRF data\L000075.spe	104.75	8.03	1	0.010265	-0.008542	0.009587	0.078770	46071	2.35	133	832	0	91	1671	692	5859	116752	437	6221	300	439	1864	120998	245	331	349	137	256	489	726	7100	157	823	31	6	125	0	0	172	0	1281	3410	89	155	131	0	67	507	2930	32432	10621	0.109	
C:\Data\CD166_19_(2020)\CD166_19_S3\CD166_19_S3_REP1\XRF data\L000076.spe	105.75	8.03	1	0.010267	-0.008542	0.009587	0.078770	46549	2.05	126	825	0	78	1738	639	5960	105100	625	6618	467	467	1963	130947	275	306	382	312	245	362	677	6970	320	643	29	23	80	0	0	172	0	1312	3316	67	234	96	106	181	484	3016	32899	10241	0.110	
C:\Data\CD166_19_(2020)\CD166_19_S3\CD166_19_S3_REP1\XRF data\L000077.spe	106.75	8.03	1	0.010268	-0.008542	0.009587	0.078770	45706	2.19	107	965	0	81	1704	669	5722	96287	472	7136	404	590	2020	129425	224	408	336	199	180	499	548	6873	281	869	73	46	72	0	0	139	21	1153	3337	74	232	76	219	101	449	3103	33086	10567	0.111	
C:\Data\CD166_19_(2020)\CD166_19_S3\CD166_19_S3_REP1\XRF data\L000078.spe	107.75	8.03	1	0.010265	-0.008542	0.009587	0.078770	45474	2.03	134	943	0	99	1661	654	6003	93012	504	6991	372	512	2586	129056	310	398	379	212	141	428	621	6711	194	683	55	0	84	0	11	142	0	1326	3345	24	258	44	282	0	466	3457	33194	10368	0.111	
C:\Data\CD166_19_(2020)\CD166_19_S3\CD166_19_S3_REP1\XRF data\L000079.spe	108.75	8.03	1	0.010266	-0.008542	0.009587	0.078770	45713	2.24	145	974	0	64	1609	673	6108	88116	526	7613	375	565	2062	135670	234	290	447	160	146	398	711	6513	213	846	17	0	88	0	0	212	0	1327	3316	46	210	195	0	36	457	3257	32844	10594	0.110	
C:\Data\CD166_19_(2020)\CD166_19_S3\CD166_19_S3_REP1\XRF data\L000080.spe	109.75	8.03	1	0.010263	-0.008542	0.009587	0.078770	45163	2.04	146	1045	0	80	1538	656	6254	92862	393	7671	483	485	1977	130956	240	376	408	166	87	387	706	7110	180	825	56	23	99	0	0	104	42	1150	3290	154	206	200	0	0	372	3579	31850	10479	0.109	
C:\Data\CD166_19_(2020)\CD166_19_S3\CD166_19_S3_REP1\XRF data\L000081.spe	110.75	8.03	1	0.010262	-0.008542	0.009587	0.078770	45130	2.30	154	1067	0	100	1593	621	6351	98847	353	7470	322	578	1791	124996	237	382	417	158	223	472	593	7953	284	765	53	0	187	0	0	140	40	1073	3222	89	256	179	101	121	382	3167	32894	10547	0.110	
C:\Data\CD166_19_(2020)\CD166_19_S3\CD166_19_S3_REP1\XRF data\L000082.spe	111.75	8.03	1	0.010267	-0.008542	0.009587	0.078770	47052	2.19	112	996	0	100	1650	627	6310	85961	291	8169	380	579	2193	144631	299	377	441	119	134	395	568	7193	243	838	13	0	0	0	0	172	0	1322	3379	56	214	252	150	184	427	3033	33068	10428	0.111	
C:\Data\CD166_19_(2020)\CD166_19_S3\CD166_19_S3_REP1\XRF data\L000083.spe	112.75	8.03	1	0.010265	-0.008542	0.009587	0.078770	47335	2.12	151	922	0	90	1562	701	6191	66302	276	8148	441	656	2387	159921	220	363	369	149	223	481	807	5520	238	815	5	0	46	0	51	167	0	1352	3187	122	240	274	143	115	498	3748	34705	10439	0.111	
C:\Data\CD166_19_(2020)\CD166_19_S3\CD166_19_S3_REP1\XRF data\L000084.spe	113.75	8.04	1	0.010265	-0.008542	0.009510	0.078770	46352	2.11	137	869	0	101	1671	633	5902	80289	256	7985	407	565	2345	147642	215	456	441	212	300	491	722	6064	309	779	39	23	145	0	0	167	0	1235	3305	139	119	92	30	0	507	3662	33265	10212	0.110	
C:\Data\CD166_19_(2020)\CD166_19_S3\CD166_19_S3_REP1\XRF data\L000085.spe	114.75	8.03	1	0.010266	-0.008542	0.009510	0.078770	46391	2.20	137	875	0	100	1456	652	6031	86832	373	7720	431	543	2292	142181	286	375	368	233	209	465	549	7190	274	784	35	9	49	0	0	119	0	1139	3050	17	153	258	172	128	475	3203	32940	10534	0.111	
C:\Data\CD166_19_(2020)\CD166_19_S3\CD166_19_S3_REP1\XRF data\L000086.spe	115.75	8.03	1	0.010263	-0.008542	0.009510	0.078770	47062	2.14	137	970	0	76	1618	716	6213	74159	209	8325	541	510	2743	153643	301	396	377	249	241	447	796	6418	160	785	0	32	119	0	39	164	0	1366	3266	74	140	257	0	41	561	3842	33748	10483	0.111	
C:\Data\CD166_19_(2020)\CD166_19_S3\CD166_19_S3_REP1\XRF data\L000087.spe	116.75	8.03	1	0.010262	-0.008542	0.009510	0.078770	45604	2.04	136	966	0	100	1529	662	6161	93778	257	7177	329	624	2592	132252	271	337	355	186	225	449	690	7004	279	742	76	21	104	0	100	118	0	1224	3275	85	312	181	0	0	490	3506	32683	10348	0.110	
C:\Data\CD166_19_(2020)\CD166_19_S3\CD166_19_S3_REP1\XRF data\L000088.spe	117.75	8.03	1	0.010262	-0.008542	0.009510	0.078770	45317	2.24	105	895	0	96	1557	663	6083	101526	301	6726	375	463	2170	126396	231	376	313	37	143	405	479	7392	208	737	51	26	186	0	20	128	0	1240	3216	8	94	139	141	109	396	3376	32512	10264	0.109	
C:\Data\CD166_19_(2020)\CD166_19_S3\CD166_19_S3_REP1\XRF data\L000089.spe	118.75	8.03	1	0.010266	-0.008542	0.009510	0.078770	44716	2.09	100	979	0	87	1470	741	5997	86198	508	7291	417	538	2388	133118	257	362	249	130	181	416	708	7580	230	771	13	0	113	0	21	131	0	1175	3267	54	188	181	0	129	344	3022	31136	10220	0.109	
C:\Data\CD166_19_(2020)\CD166_19_S3\CD166_19_S3_REP1\XRF data\L000090.spe	119.75	8.03	1	0.010266	-0.008542	0.009510	0.078770	45122	2.07	127	850	0	105	1604	724	5836	102975	563	6627	440	510	2460	124946	302	379	343	246	288	388	533	7734	95	561	55	22	57	0	72	59	31	1125	3277	89	111	174	61	109	518	2847	31395	10318	0.109	
C:\Data\CD166_19_(2020)\CD166_19_S3\CD166_19_S3_REP1\XRF data\L000091.spe	120.75	8.03	1	0.010267	-0.008542	0.009510	0.078770	44638	2.28	128	808	0	95	1631	717	5463	100239	348	6657	292	489	2393	126158	255	290	318	198	266	418	581	7613	115	724	25	59	47	0	0	169	0	1221	3212	60	180	177	107	282	406	2630	31099	10129	0.107	
C:\Data\CD166_19_(2020)\CD166_19_S3\CD166_19_S3_REP1\XRF data\L000092.spe	121.75	8.02	1	0.010262	-0.008542	0.009510	0.078770	44357	2.16	120	841	0	78	1626	642	5424	109850	419	6460	296	540	1825	118311	240	409	370	243	155	432	631	8081	276	808	77	37	133	0	26	87	21	1130	3209	159	265	246	0	0	339	3326	31430	10297	0.108	
C:\Data\CD166_19_(2020)\CD166_19_S3\CD166_19_S3_REP1\XRF data\L000093.spe	122.75	8.03	1	0.010264	-0.008542	0.009510	0.078770	44919	2.14	118	765	0	84	1664	693	5445	106178	335	6837	311	532	1879	124475	206	359	373	254	161	439	475	8010	163	754	65	14	128	0	0	138	0	1034	3319	68	166	166	39	24	485	3252	30974	10156	0.107	
C:\Data\CD166_19_(2020)\CD166_19_S3\CD166_19_S3_REP1\XRF data\L000094.spe	123.75	8.03	1	0.010265	-0.008542	0.009478	0.078770	44882	2.10	139	785	0	106	1651	666	5475	110344	559	6748	343	531	2331	121705	197	289	341	71	264	486	352	8236	235	797	68	0	75	0	0	161	13	1169	3247	94	203	125	122	33	413	3037	30820	10198	0.107	
C:\Data\CD166_19_(2020)\CD166_19_S3\CD166_19_S3_REP1\XRF data\L000095.spe	124.75	8.03	1	0.010265	-0.008542	0.009410	0.078770	44101	2.09	139	768	0	48	1578	718	5344	116829	574	6107	316	423	1913	112190	204	284	357	216	202	388	466	8741	246	635	59	18	76	0	0	127	0	1198	3251	138	181	157	90	27	388	2869	30820	10203	0.108	
C:\Data\CD166_19_(2020)\CD166_19_S3\CD166_19_S3_REP1\XRF data\L000096.spe	125.75	8.03	1	0.010264	-0.008542	0.009362	0.078770	44611	2.17	122	862	0	108	1675	695	5223	118005	517	6431	337	416	1926	115650	237	269	269	220	238	357	255	8629	249	671	62	48	173	0	0	135	0	1238	3228	74	249	26	226	6	440	3095	31011	10154	0.106	
C:\Data\CD166_19_(2020)\CD166_19_S3\CD166_19_S3_REP1\XRF data\L000097.spe	126.75	8.03	1	0.010263	-0.008542	0.009362	0.078770	44170	2.08	108	714	0	98	1865	745	5044	127329	529	5858	291	444	1755	108272	191	271	328	199	203	405	392	8752	166	671	34	25	105	0	0	95	0	1109	3154	29	188	38	164	12	362	2800	30724	10335	0.107	
C:\Data\CD166_19_(2020)\CD166_19_S3\CD166_19_S3_REP1\XRF data\L000098.spe	127.75	8.03	1	0.010262	-0.008542	0.009362	0.078770	44133	2.22	120	748	0	60	1709	695	4766	138141	448	5728	239	416	1686	102242	205	343	256	190	220	328	309	9210	147	701	50	55	170	0	0	118	0	1018	3129	148	224	0	0	0	346	2981	29912	10064	0.106	
C:\Data\CD166_19_(2020)\CD166_19_S3\CD166_19_S3_REP1\XRF data\L000099.spe	128.75	8.03	1	0.010262	-0.008542	0.009321	0.078770	44719	2.22	78	696	0	73	1691	717	4513	147294	597	5673	331	426	1625	100996	218	181	262	175	122	352	382	9184	148	753	56	58	115	0	9	55	0	1157	3261	48	137	36	33	0	299	3128	29447	10159	0.107	
C:\Data\CD166_19_(2020)\CD166_19_S3\CD166_19_S3_REP1\XRF data\L000100.spe	129.75	8.03	1	0.010266	-0.008542	0.009321	0.078770	44448	2.10	134	768	0	96	1753	747	4749	134250	809	5991	326	478	1864	106603	211	260	334	125	245	423	407	8622	166	704	60	18	53	0	0	40	7	1076	3245	80	187	116	0	142	418	2709	29826	9852	0.106	
C:\Data\CD166_19_(2020)\CD166_19_S3\CD166_19_S3_REP1\XRF data\L000101.spe	130.75	8.03	1	0.010264	-0.008542	0.009321	0.078770	44743	2.14	103	736	0	85	1676	759	4954	124355	603	6831	353	498	1678	115011	174	240	283	89	189	471	396	8744	242	738	74	8	120	0	0	111	0	1117	3288	14	194	0	79	0	397	3067	29917	10201	0.106	
C:\Data\CD166_19_(2020)\CD166_19_S3\CD166_19_S3_REP1\XRF data\L000102.spe	131.75	8.03	1	0.010265	-0.008542	0.009321	0.078770	44087	2.23	89	613	0	93	1811	784	4305	150691	677	5844	343	418	1475	96055	243	293	280	157	217	411	293	9460	179	664	75	61	161	0	0	211	0	1114	3157	25	232	24	161	0	471	2455	29209	10083	0.104	
C:\Data\CD166_19_(2020)\CD166_19_S3\CD166_19_S3_REP1\XRF data\L000103.spe	132.75	8.03	1	0.010266	-0.008542	0.009321	0.078770	44125	2.43	138	658	0	84	1794	732	4063	166814	894	5458	236	352	1304	87347	191	115	267	16	274	392	284	10287	172	556	46	68	16	0	0	144	0	1167	3129	78	190	0	0	65	249	2014	28560	10129	0.104	
C:\Data\CD166_19_(2020)\CD166_19_S3\CD166_19_S3_REP1\XRF data\L000104.spe	133.75	8.03	1	0.010263	-0.008542	0.009223	0.078770	44329	2.22	107	680	0	103	1745	728	4106	157879	573	5865	292	452	1387	93283	165	204	219	58	193	346	317	10311	212	630	85	64	139	0	0	83	0	1150	3179	31	142	128	0	73	360	2261	28929	10067	0.105	
C:\Data\CD166_19_(2020)\CD166_19_S3\CD166_19_S3_REP1\XRF data\L000105.spe	134.75	8.02	1	0.010264	-0.008542	0.009176	0.078770	44874	2.31	140	698	0	62	1806	735	4309	159569	728	5652	277	372	1346	94168	163	237	236	158	159	342	225	9936	324	635	51	79	62	0	0	93	0	1141	3197	0	169	0	124	57	317	2275	30281	10514	0.106	
C:\Data\CD166_19_(2020)\CD166_19_S3\CD166_19_S3_REP1\XRF data\L000106.spe	135.75	8.02	1	0.010265	-0.008542	0.009176	0.078770	43901	2.17	98	703	0	93	1637	741	4499	150178	732	5271	268	447	1359	93930	204	269	312	191	211	397	344	9596	228	480	99	37	25	0	0	77	0	1038	3279	152	245	129	188	29	303	2216	29787	9902	0.106	
C:\Data\CD166_19_(2020)\CD166_19_S3\CD166_19_S3_REP1\XRF data\L000107.spe	136.75	8.02	1	0.010266	-0.008542	0.009176	0.078770	43741	2.28	87	663	0	58	1721	705	4260	154029	723	5186	211	401	1191	91796	169	254	355	152	169	374	326	9410	183	489	74	41	17	0	0	92	0	1102	3272	45	187	98	48	36	349	2266	28943	9967	0.105	
C:\Data\CD166_19_(2020)\CD166_19_S3\CD166_19_S3_REP1\XRF data\L000108.spe	137.75	8.02	1	0.010262	-0.008542	0.009176	0.078770	42333	2.17	83	626	0	85	1589	755	3968	151689	704	4945	204	340	1289	85564	139	240	291	132	136	325	355	9062	208	631	35	64	108	0	0	99	0	993	3032	53	100	94	0	0	257	2498	29324	9802	0.105	
C:\Data\CD166_19_(2020)\CD166_19_S3\CD166_19_S3_REP1\XRF data\L000109.spe	138.75	8.02	1	0.010264	-0.008542	0.009176	0.078770	45020	2.31	121	600	0	58	1703	761	3798	179279	720	4896	279	384	1552	86223	210	292	282	186	110	375	391	9679	114	597	69	52	45	0	0	55	0	1014	3395	0	120	31	0	6	324	2424	28605	9898	0.105	
C:\Data\CD166_19_(2020)\CD166_19_S3\CD166_19_S3_REP1\XRF data\L000110.spe	139.75	8.02	1	0.010265	-0.008542	0.009176	0.078770	44473	2.22	122	589	0	87	1706	766	3791	168622	850	5406	287	407	1662	89398	121	216	260	100	166	451	251	9587	159	606	66	66	14	0	0	113	0	1020	3157	27	215	47	0	60	322	2171	28949	9979	0.105	
C:\Data\CD166_19_(2020)\CD166_19_S3\CD166_19_S3_REP1\XRF data\L000111.spe	140.75	8.02	1	0.010265	-0.008542	0.009145	0.078770	45570	2.21	101	660	0	84	1753	714	4234	156943	741	6011	286	472	2203	101534	271	333	343	131	203	414	332	9373	228	566	35	53	95	0	0	45	0	1105	3268	64	175	141	82	0	410	2715	29977	10066	0.105	
C:\Data\CD166_19_(2020)\CD166_19_S3\CD166_19_S3_REP1\XRF data\L000112.spe	141.75	8.01	1	0.010266	-0.008542	0.009145	0.078770	44978	2.33	72	646	0	71	1606	711	4135	153624	696	5981	338	442	3476	100627	286	251	281	119	192	418	156	9079	170	485	85	64	60	0	0	85	0	1034	3205	0	86	16	129	50	393	2396	29477	9876	0.105	
C:\Data\CD166_19_(2020)\CD166_19_S3\CD166_19_S3_REP1\XRF data\L000113.spe	142.75	8.01	1	0.010263	-0.008542	0.009145	0.078770	45739	2.22	108	626	0	85	1707	738	3965	158437	595	6322	272	361	10963	99180	205	328	291	125	149	503	244	8768	90	539	94	44	91	0	0	103	0	1020	3239	9	194	42	30	0	347	2702	28802	9732	0.104	
C:\Data\CD166_19_(2020)\CD166_19_S3\CD166_19_S3_REP1\XRF data\L000114.spe	143.75	8.01	1	0.010265	-0.008542	0.009131	0.078770	46194	2.42	135	636	0	68	1663	802	3468	176753	656	6160	276	442	11387	92620	218	265	235	125	190	361	281	9312	200	602	64	81	110	0	0	105	0	1022	3031	0	143	0	0	13	383	2259	27911	9944	0.102	
C:\Data\CD166_19_(2020)\CD166_19_S3\CD166_19_S3_REP1\XRF data\L000115.spe	144.75	8.02	1	0.010265	-0.008542	0.009101	0.078770	45949	2.41	117	588	0	52	1708	808	3389	174676	766	5860	221	439	11011	93360	269	277	300	201	234	392	265	8920	112	735	75	60	198	0	0	94	0	928	3068	32	188	113	96	137	319	2318	27554	9913	0.102	
C:\Data\CD166_19_(2020)\CD166_19_S3\CD166_19_S3_REP1\XRF data\L000116.spe	145.75	8.01	1	0.010265	-0.008542	0.009090	0.078770	45071	2.42	69	495	0	100	1787	742	3067	189049	942	5325	274	471	5321	83839	264	269	171	132	226	372	212	9518	104	693	86	83	151	0	0	81	0	885	3097	0	159	92	88	69	233	2060	27548	9637	0.102	
C:\Data\CD166_19_(2020)\CD166_19_S3\CD166_19_S3_REP1\XRF data\L000117.spe	146.75	8.00	1	0.010264	-0.008542	0.009127	0.078770	45447	2.42	119	502	0	45	1701	743	2973	188972	832	5398	258	435	8104	83974	242	297	263	146	230	436	245	10030	186	435	63	81	60	0	0	62	0	903	3176	78	144	142	22	21	265	2104	28051	9927	0.102	
C:\Data\CD166_19_(2020)\CD166_19_S3\CD166_19_S3_REP1\XRF data\L000118.spe	147.75	8.01	1	0.010265	-0.008542	0.009106	0.078770	45096	2.52	86	507	0	132	1760	731	3184	200555	767	4677	207	368	3118	76359	249	183	258	157	245	381	121	10078	145	525	88	68	117	0	0	45	0	1000	3136	58	118	52	274	0	272	2081	28479	9911	0.103	
C:\Data\CD166_19_(2020)\CD166_19_S3\CD166_19_S3_REP1\XRF data\L000119.spe	148.75	8.00	1	0.010266	-0.008542	0.009106	0.078770	45977	2.38	97	454	0	115	1791	829	2920	205129	819	4728	254	310	7526	76100	293	179	260	109	127	353	350	10257	156	579	93	111	97	0	0	69	0	964	3198	0	171	48	0	104	302	1831	28085	10034	0.102	
C:\Data\CD166_19_(2020)\CD166_19_S3\CD166_19_S3_REP1\XRF data\L000120.spe	149.75	8.01	1	0.010267	-0.008542	0.009106	0.078770	46661	2.49	131	507	0	99	1876	825	2963	207265	1152	4725	245	427	5202	78695	263	147	171	12	55	406	314	10093	59	496	61	74	146	0	0	62	0	1026	3174	32	89	66	0	0	331	2270	28649	10258	0.104	
C:\Data\CD166_19_(2020)\CD166_19_S3\CD166_19_S3_REP1\XRF data\L000121.spe	150.75	7.99	1	0.010262	-0.008542	0.009106	0.078770	45532	2.31	70	472	0	52	1863	740	3427	190793	737	4671	203	354	1863	81917	225	205	278	94	131	302	314	9480	63	480	65	65	94	0	0	101	0	1078	3262	48	263	50	157	0	283	2562	29751	9767	0.105	
C:\Data\CD166_19_(2020)\CD166_19_S3\CD166_19_S3_REP1\XRF data\L000122.spe	151.75	8.00	1	0.010262	-0.008542	0.009106	0.078770	44891	2.29	99	588	0	127	1790	745	3710	182496	667	4304	222	401	2263	82628	252	246	272	106	182	433	423	9103	144	424	107	45	202	0	17	15	0	1090	3267	41	190	58	53	25	252	2407	29891	9895	0.104	
C:\Data\CD166_19_(2020)\CD166_19_S3\CD166_19_S3_REP1\XRF data\L000123.spe	152.75	8.00	1	0.010262	-0.008542	0.009106	0.078770	44993	2.47	92	582	0	142	1841	731	3804	177611	521	4982	214	414	1782	86092	272	239	318	154	193	417	320	9128	140	526	92	110	194	0	0	93	0	1048	3168	73	249	0	0	0	235	2619	29300	9694	0.105	
C:\Data\CD166_19_(2020)\CD166_19_S3\CD166_19_S3_REP1\XRF data\L000124.spe	153.75	8.00	1	0.010265	-0.008542	0.009106	0.078770	45063	2.32	72	657	0	116	1696	783	4218	160422	712	5182	246	418	5733	93877	185	273	356	137	142	439	380	8730	153	609	32	54	123	0	0	77	0	999	3217	80	145	35	6	0	374	2651	29795	9939	0.105	
C:\Data\CD166_19_(2020)\CD166_19_S3\CD166_19_S3_REP1\XRF data\L000125.spe	154.75	8.00	1	0.010266	-0.008542	0.009106	0.078770	44928	2.25	133	552	0	123	1654	805	3539	187737	906	4572	165	298	10145	78555	250	187	250	18	274	330	198	9864	165	521	56	63	148	0	0	56	0	1028	3110	0	98	153	98	59	279	2083	27702	9671	0.102	
C:\Data\CD166_19_(2020)\CD166_19_S3\CD166_19_S3_REP1\XRF data\L000126.spe	155.75	8.00	1	0.010266	-0.008542	0.009106	0.078770	45409	2.35	121	504	0	147	1789	840	3108	216689	1035	3605	193	207	11433	62715	316	241	172	76	157	194	266	10540	88	539	82	96	159	0	0	84	0	1004	3234	81	35	0	0	66	205	1739	27003	9750	0.102	
C:\Data\CD166_19_(2020)\CD166_19_S3\CD166_19_S3_REP1\XRF data\L000127.spe	156.75	7.99	1	0.010266	-0.008542	0.009156	0.078770	45550	2.34	78	481	0	135	1808	798	2896	223887	1043	4032	214	310	2302	66558	274	174	266	66	166	271	231	10831	51	452	105	134	86	0	0	90	0	954	3240	36	165	162	69	0	270	1725	27751	9708	0.102	
C:\Data\CD166_19_(2020)\CD166_19_S3\CD166_19_S3_REP1\XRF data\L000128.spe	157.75	7.99	1	0.010267	-0.008542	0.009156	0.078770	46004	2.70	96	482	0	107	1856	789	2918	235480	1285	3810	179	315	1089	61939	235	169	225	99	217	339	189	11222	76	359	89	148	126	0	0	95	0	985	3323	0	225	19	0	86	178	1492	28108	10043	0.103	
C:\Data\CD166_19_(2020)\CD166_19_S3\CD166_19_S3_REP1\XRF data\L000129.spe	158.75	7.99	1	0.010262	-0.008542	0.009156	0.078770	45112	2.43	106	443	0	112	1814	827	2755	238205	935	3401	183	317	2683	54501	266	172	223	52	126	436	113	11010	124	632	75	155	162	0	0	65	0	1008	3286	35	132	0	0	63	200	1631	27014	9994	0.102	
C:\Data\CD166_19_(2020)\CD166_19_S3\CD166_19_S3_REP1\XRF data\L000130.spe	159.75	7.99	1	0.010264	-0.008542	0.009156	0.078770	44387	2.55	122	477	0	80	1678	716	2782	228542	1094	3220	60	264	1976	54854	229	120	255	41	227	324	144	10924	243	455	107	98	147	0	0	106	0	1054	3147	72	146	81	98	0	145	1609	27677	10240	0.103	
C:\Data\CD166_19_(2020)\CD166_19_S3\CD166_19_S3_REP1\XRF data\L000131.spe	160.75	7.98	1	0.010265	-0.008542	0.009156	0.078770	44659	2.49	60	470	0	110	1791	864	2969	237125	1203	3125	94	250	1543	52158	269	133	224	156	212	330	173	11306	79	477	59	152	64	0	0	142	0	898	3235	13	139	7	63	0	181	1495	28041	10066	0.103	
C:\Data\CD166_19_(2020)\CD166_19_S3\CD166_19_S3_REP1\XRF data\L000132.spe	161.75	7.98	1	0.010263	-0.008542	0.009156	0.078770	44781	2.36	85	464	0	122	1748	800	3222	238510	961	2677	96	281	1045	49788	228	106	247	69	232	369	149	11584	261	437	122	143	134	0	0	106	0	1013	3108	25	116	0	87	48	105	1480	28641	10290	0.103	
C:\Data\CD166_19_(2020)\CD166_19_S3\CD166_19_S3_REP1\XRF data\L000133.spe	162.75	7.98	1	0.010263	-0.008542	0.009156	0.078770	42912	2.35	76	473	0	66	1610	785	3147	225743	1001	2293	49	233	1342	45025	258	147	200	44	109	306	99	11452	136	543	86	129	43	0	0	72	0	929	3073	0	134	0	0	54	169	1352	28305	10791	0.104	
C:\Data\CD166_19_(2020)\CD166_19_S3\CD166_19_S3_REP1\XRF data\L000134.spe	163.75	7.97	1	0.010263	-0.008542	0.009294	0.078770	46237	2.32	124	540	0	130	1982	909	3431	255170	933	2662	155	261	1794	50149	244	183	211	163	194	322	177	11744	184	588	96	136	37	0	0	13	0	1000	3309	0	153	188	72	73	196	1503	28330	10098	0.102	
C:\Data\CD166_19_(2020)\CD166_19_S3\CD166_19_S3_REP1\XRF data\L000135.spe	164.75	7.93	1	0.010266	-0.008542	0.009294	0.078770	40793	2.24	91	452	0	82	1694	742	3034	224603	1033	2117	66	253	725	41862	177	135	171	16	196	415	37	10666	187	376	137	143	66	0	0	10	0	1008	3119	0	128	102	325	0	228	1134	25732	9038	0.099	
C:\Data\CD166_19_(2020)\CD166_19_S3\CD166_19_S3_REP1\XRF data\L000136.spe	165.75	7.91	1	0.010264	-0.008542	0.009294	0.078770	39352	2.35	61	502	0	76	1521	812	2851	214124	911	2151	47	195	598	40353	155	80	126	53	177	373	142	10102	155	516	93	129	79	0	0	13	0	877	3051	117	86	0	27	0	194	1115	24853	8902	0.098	
C:\Data\CD166_19_(2020)\CD166_19_S3\CD166_19_S3_REP1\XRF data\L000137.spe	166.75	7.92	1	0.010263	-0.008542	0.009294	0.078770	38955	2.26	110	353	0	56	1620	825	2943	208092	628	1963	87	243	561	40780	215	119	216	77	181	303	220	10108	0	336	73	122	172	0	0	28	0	863	3095	92	122	106	0	0	169	1190	25130	8933	0.098	
C:\Data\CD166_19_(2020)\CD166_19_S3\CD166_19_S3_REP1\XRF data\L000138.spe	167.75	7.92	1	0.010263	-0.008542	0.009246	0.078770	39311	2.28	95	401	0	88	1548	848	2929	207617	1006	2127	40	191	499	42613	149	226	223	176	110	389	196	10127	126	471	72	95	134	0	0	90	0	798	3076	85	151	0	0	26	185	1292	25354	9258	0.098	
C:\Data\CD166_19_(2020)\CD166_19_S3\CD166_19_S3_REP1\XRF data\L000139.spe	168.75	7.93	1	0.010264	-0.008542	0.009160	0.078770	40435	2.21	51	454	0	96	1651	783	2980	223800	1026	2267	128	244	478	41187	174	91	207	45	169	345	15	10226	146	368	112	107	51	0	0	59	0	924	3101	0	183	27	92	0	135	1171	24766	8936	0.098	
C:\Data\CD166_19_(2020)\CD166_19_S3\CD166_19_S3_REP1\XRF data\L000140.spe	169.75	7.93	1	0.010262	-0.008542	0.009183	0.078770	41069	2.53	102	397	0	70	1608	799	2903	226561	829	2187	137	239	518	41552	202	124	163	57	123	324	165	10440	92	490	107	121	191	0	0	49	0	893	3162	19	106	0	0	0	166	1312	25171	9055	0.098	
C:\Data\CD166_19_(2020)\CD166_19_S3\CD166_19_S3_REP1\XRF data\L000141.spe	170.75	7.94	1	0.010262	-0.008542	0.009321	0.078770	41172	2.50	109	433	0	54	1583	820	2863	223156	773	2156	117	231	505	43335	201	155	241	61	101	452	143	10702	177	498	64	137	61	0	0	9	0	873	3248	62	295	96	169	0	180	1374	26657	9772	0.099	
C:\Data\CD166_19_(2020)\CD166_19_S3\CD166_19_S3_REP1\XRF data\L000142.spe	171.75	7.94	1	0.010261	-0.008542	0.009321	0.078770	41717	2.40	109	436	0	124	1710	841	3095	224370	710	2384	112	206	564	44764	210	151	171	84	194	340	268	10795	168	511	83	101	173	0	0	35	10	908	3136	31	163	90	0	0	207	1525	26458	9487	0.100	
C:\Data\CD166_19_(2020)\CD166_19_S3\CD166_19_S3_REP1\XRF data\L000143.spe	172.75	7.95	1	0.010261	-0.008542	0.009321	0.078770	41720	2.58	70	463	0	104	1588	788	3155	227649	853	2041	107	257	533	42226	204	92	235	113	171	348	174	11146	85	409	133	92	192	0	0	41	0	886	3253	0	137	0	0	0	188	1441	26630	9456	0.101	
C:\Data\CD166_19_(2020)\CD166_19_S3\CD166_19_S3_REP1\XRF data\L000144.spe	173.75	7.95	1	0.010265	-0.008542	0.009321	0.078770	42106	2.35	74	481	0	145	1706	869	3028	234744	1113	1976	43	280	486	40457	216	141	191	107	223	333	254	11286	162	306	89	177	153	0	0	58	0	992	3271	33	167	104	31	76	207	1248	26506	9642	0.100	
C:\Data\CD166_19_(2020)\CD166_19_S3\CD166_19_S3_REP1\XRF data\L000145.spe	174.75	7.96	1	0.010264	-0.008542	0.009363	0.078770	42121	2.51	75	435	0	87	1583	877	2892	234193	1089	2128	68	208	578	41808	207	114	135	25	234	337	312	10948	115	410	49	154	66	0	0	69	0	885	3163	27	221	0	0	0	130	1368	26674	9471	0.100	
C:\Data\CD166_19_(2020)\CD166_19_S3\CD166_19_S3_REP1\XRF data\L000146.spe	175.75	7.96	1	0.010262	-0.008542	0.009363	0.078770	43265	2.38	85	456	0	157	1712	753	2738	246441	826	2278	112	184	533	42023	221	116	171	108	194	470	79	11506	144	477	133	161	190	0	0	5	0	949	3168	11	241	80	152	7	158	1271	26548	9816	0.100	
C:\Data\CD166_19_(2020)\CD166_19_S3\CD166_19_S3_REP1\XRF data\L000147.spe	176.75	7.97	1	0.010261	-0.008542	0.009363	0.078770	43067	2.74	84	420	0	125	1636	814	2879	245415	682	2142	113	206	539	39884	223	170	215	125	138	387	288	11759	159	373	98	157	119	0	0	22	0	896	3172	0	206	54	0	0	162	1361	27295	9884	0.101	
C:\Data\CD166_19_(2020)\CD166_19_S3\CD166_19_S3_REP1\XRF data\L000148.spe	177.75	7.97	1	0.010265	-0.008542	0.009363	0.078770	42716	2.53	81	426	0	169	1878	873	2874	241030	927	2042	15	172	482	38084	174	110	197	70	215	246	265	11764	70	347	149	168	145	0	0	28	0	909	3139	0	80	48	25	0	64	1110	26607	9889	0.101	
C:\Data\CD166_19_(2020)\CD166_19_S3\CD166_19_S3_REP1\XRF data\L000149.spe	178.75	7.97	1	0.010266	-0.008542	0.009363	0.078770	42921	2.37	90	419	0	128	1802	821	3171	233633	977	2212	115	214	484	43081	197	192	248	135	109	419	276	11597	51	391	78	126	155	0	0	74	0	874	3552	0	188	0	15	0	159	1055	27356	9908	0.103	