Date:	22-Sep-20		Time:	5:44 PM		Version no:	0.00		Project name:	55		Sample name:	222		Section name:	section		Position	164.540018	mm	E0	0.000000	keV	E1	1.000000	keV/channel	sample surface	7.925194	cm	Tube anode:	Mo		Tube voltage:	30	kV	Tube current:	30	mA	gain	15		std. database			resultfile	result		matrix element	11		sample thickness	1.000000		air passage	0.560000	cm	comments	not in position		peaking_time	0.300000	m-sec	trigger_threshold	40.000000	V	mca_bin_width	2.000000	no:	number_mca_channels	2048.000000	no:	gap_time	2048.000000	m-sec	trigger_peaking_time	2048.000000	m-sec	GAINDAC	400		HIGHGAIN	400		TAURC	400		RCTAU	400		RCTAUFRAC	400		livetime	12.751109	seconds	runtime	15.000135	seconds	input_count_rate	8488.437919	cps	output_count_rate	7215.734818	cps	triggers	126711	seconds	events_in_run	99873	seconds	channel	content		1.000	0.000
2.000	0.000
3.000	0.000
4.000	0.000
5.000	0.000
6.000	0.000
7.000	0.000
8.000	0.000
9.000	0.000
10.000	0.000
11.000	0.000
12.000	0.000
13.000	0.000
14.000	0.000
15.000	0.000
16.000	0.000
17.000	0.000
18.000	0.000
19.000	0.000
20.000	0.000
21.000	0.000
22.000	0.000
23.000	0.000
24.000	0.000
25.000	0.000
26.000	0.000
27.000	0.000
28.000	0.000
29.000	0.000
30.000	0.000
31.000	0.000
32.000	0.000
33.000	0.000
34.000	0.000
35.000	0.000
36.000	0.000
37.000	0.000
38.000	0.000
39.000	0.000
40.000	0.000
41.000	0.000
42.000	0.000
43.000	0.000
44.000	0.000
45.000	0.000
46.000	0.000
47.000	0.000
48.000	0.000
49.000	0.000
50.000	0.000
51.000	0.000
52.000	2.000
53.000	2.000
54.000	2.000
55.000	3.000
56.000	1.000
57.000	3.000
58.000	7.000
59.000	11.000
60.000	19.000
61.000	10.000
62.000	13.000
63.000	11.000
64.000	12.000
65.000	13.000
66.000	13.000
67.000	16.000
68.000	10.000
69.000	15.000
70.000	9.000
71.000	10.000
72.000	11.000
73.000	15.000
74.000	6.000
75.000	7.000
76.000	16.000
77.000	10.000
78.000	13.000
79.000	14.000
80.000	18.000
81.000	12.000
82.000	7.000
83.000	9.000
84.000	12.000
85.000	11.000
86.000	6.000
87.000	12.000
88.000	8.000
89.000	8.000
90.000	9.000
91.000	8.000
92.000	14.000
93.000	9.000
94.000	14.000
95.000	8.000
96.000	12.000
97.000	10.000
98.000	11.000
99.000	7.000
100.000	10.000
101.000	14.000
102.000	14.000
103.000	7.000
104.000	11.000
105.000	10.000
106.000	13.000
107.000	9.000
108.000	11.000
109.000	7.000
110.000	9.000
111.000	5.000
112.000	12.000
113.000	4.000
114.000	9.000
115.000	14.000
116.000	6.000
117.000	16.000
118.000	10.000
119.000	6.000
120.000	9.000
121.000	8.000
122.000	10.000
123.000	15.000
124.000	10.000
125.000	2.000
126.000	7.000
127.000	6.000
128.000	4.000
129.000	6.000
130.000	7.000
131.000	6.000
132.000	8.000
133.000	9.000
134.000	6.000
135.000	5.000
136.000	6.000
137.000	9.000
138.000	8.000
139.000	8.000
140.000	8.000
141.000	4.000
142.000	8.000
143.000	9.000
144.000	6.000
145.000	10.000
146.000	6.000
147.000	10.000
148.000	5.000
149.000	0.000
150.000	2.000
151.000	7.000
152.000	9.000
153.000	4.000
154.000	4.000
155.000	9.000
156.000	1.000
157.000	5.000
158.000	10.000
159.000	4.000
160.000	5.000
161.000	7.000
162.000	3.000
163.000	6.000
164.000	6.000
165.000	7.000
166.000	7.000
167.000	2.000
168.000	4.000
169.000	4.000
170.000	3.000
171.000	4.000
172.000	2.000
173.000	3.000
174.000	6.000
175.000	3.000
176.000	9.000
177.000	0.000
178.000	2.000
179.000	5.000
180.000	3.000
181.000	3.000
182.000	4.000
183.000	5.000
184.000	4.000
185.000	7.000
186.000	4.000
187.000	2.000
188.000	6.000
189.000	6.000
190.000	5.000
191.000	4.000
192.000	3.000
193.000	3.000
194.000	7.000
195.000	5.000
196.000	5.000
197.000	6.000
198.000	1.000
199.000	4.000
200.000	5.000
201.000	2.000
202.000	4.000
203.000	4.000
204.000	2.000
205.000	0.000
206.000	1.000
207.000	3.000
208.000	3.000
209.000	4.000
210.000	4.000
211.000	3.000
212.000	3.000
213.000	3.000
214.000	2.000
215.000	2.000
216.000	2.000
217.000	5.000
218.000	4.000
219.000	6.000
220.000	2.000
221.000	6.000
222.000	1.000
223.000	4.000
224.000	0.000
225.000	2.000
226.000	2.000
227.000	2.000
228.000	4.000
229.000	3.000
230.000	2.000
231.000	2.000
232.000	1.000
233.000	2.000
234.000	4.000
235.000	1.000
236.000	4.000
237.000	1.000
238.000	2.000
239.000	3.000
240.000	0.000
241.000	5.000
242.000	3.000
243.000	5.000
244.000	2.000
245.000	1.000
246.000	3.000
247.000	2.000
248.000	1.000
249.000	2.000
250.000	0.000
251.000	1.000
252.000	6.000
253.000	1.000
254.000	1.000
255.000	5.000
256.000	7.000
257.000	1.000
258.000	3.000
259.000	3.000
260.000	1.000
261.000	2.000
262.000	5.000
263.000	1.000
264.000	0.000
265.000	1.000
266.000	1.000
267.000	6.000
268.000	4.000
269.000	3.000
270.000	6.000
271.000	0.000
272.000	1.000
273.000	3.000
274.000	1.000
275.000	4.000
276.000	4.000
277.000	3.000
278.000	2.000
279.000	8.000
280.000	14.000
281.000	18.000
282.000	20.000
283.000	43.000
284.000	38.000
285.000	61.000
286.000	73.000
287.000	96.000
288.000	96.000
289.000	128.000
290.000	114.000
291.000	96.000
292.000	82.000
293.000	88.000
294.000	66.000
295.000	57.000
296.000	32.000
297.000	27.000
298.000	8.000
299.000	13.000
300.000	8.000
301.000	4.000
302.000	7.000
303.000	3.000
304.000	4.000
305.000	6.000
306.000	3.000
307.000	9.000
308.000	7.000
309.000	14.000
310.000	11.000
311.000	13.000
312.000	16.000
313.000	16.000
314.000	10.000
315.000	9.000
316.000	17.000
317.000	5.000
318.000	9.000
319.000	8.000
320.000	5.000
321.000	5.000
322.000	1.000
323.000	1.000
324.000	2.000
325.000	1.000
326.000	2.000
327.000	0.000
328.000	0.000
329.000	0.000
330.000	0.000
331.000	2.000
332.000	1.000
333.000	3.000
334.000	0.000
335.000	1.000
336.000	1.000
337.000	0.000
338.000	0.000
339.000	0.000
340.000	1.000
341.000	1.000
342.000	1.000
343.000	0.000
344.000	1.000
345.000	2.000
346.000	3.000
347.000	0.000
348.000	1.000
349.000	4.000
350.000	2.000
351.000	1.000
352.000	0.000
353.000	3.000
354.000	1.000
355.000	1.000
356.000	6.000
357.000	7.000
358.000	1.000
359.000	5.000
360.000	1.000
361.000	5.000
362.000	5.000
363.000	5.000
364.000	4.000
365.000	4.000
366.000	7.000
367.000	0.000
368.000	1.000
369.000	0.000
370.000	1.000
371.000	3.000
372.000	1.000
373.000	1.000
374.000	2.000
375.000	2.000
376.000	0.000
377.000	0.000
378.000	1.000
379.000	0.000
380.000	0.000
381.000	1.000
382.000	0.000
383.000	0.000
384.000	2.000
385.000	1.000
386.000	3.000
387.000	2.000
388.000	0.000
389.000	1.000
390.000	3.000
391.000	1.000
392.000	1.000
393.000	3.000
394.000	3.000
395.000	1.000
396.000	0.000
397.000	3.000
398.000	1.000
399.000	1.000
400.000	0.000
401.000	1.000
402.000	1.000
403.000	3.000
404.000	1.000
405.000	3.000
406.000	0.000
407.000	0.000
408.000	1.000
409.000	0.000
410.000	0.000
411.000	0.000
412.000	0.000
413.000	1.000
414.000	1.000
415.000	2.000
416.000	1.000
417.000	2.000
418.000	0.000
419.000	1.000
420.000	1.000
421.000	4.000
422.000	1.000
423.000	3.000
424.000	0.000
425.000	1.000
426.000	0.000
427.000	0.000
428.000	0.000
429.000	2.000
430.000	1.000
431.000	1.000
432.000	1.000
433.000	1.000
434.000	1.000
435.000	0.000
436.000	3.000
437.000	0.000
438.000	0.000
439.000	1.000
440.000	2.000
441.000	3.000
442.000	2.000
443.000	0.000
444.000	1.000
445.000	0.000
446.000	0.000
447.000	2.000
448.000	1.000
449.000	3.000
450.000	3.000
451.000	3.000
452.000	1.000
453.000	1.000
454.000	0.000
455.000	0.000
456.000	0.000
457.000	0.000
458.000	2.000
459.000	3.000
460.000	3.000
461.000	2.000
462.000	1.000
463.000	1.000
464.000	0.000
465.000	0.000
466.000	2.000
467.000	2.000
468.000	0.000
469.000	3.000
470.000	1.000
471.000	0.000
472.000	0.000
473.000	0.000
474.000	1.000
475.000	1.000
476.000	5.000
477.000	1.000
478.000	1.000
479.000	3.000
480.000	0.000
481.000	4.000
482.000	0.000
483.000	1.000
484.000	3.000
485.000	5.000
486.000	2.000
487.000	0.000
488.000	2.000
489.000	2.000
490.000	2.000
491.000	2.000
492.000	0.000
493.000	0.000
494.000	3.000
495.000	0.000
496.000	1.000
497.000	0.000
498.000	4.000
499.000	2.000
500.000	1.000
501.000	0.000
502.000	1.000
503.000	1.000
504.000	3.000
505.000	2.000
506.000	1.000
507.000	2.000
508.000	2.000
509.000	4.000
510.000	3.000
511.000	3.000
512.000	4.000
513.000	1.000
514.000	3.000
515.000	3.000
516.000	2.000
517.000	4.000
518.000	4.000
519.000	4.000
520.000	5.000
521.000	3.000
522.000	3.000
523.000	3.000
524.000	4.000
525.000	2.000
526.000	2.000
527.000	3.000
528.000	7.000
529.000	4.000
530.000	2.000
531.000	4.000
532.000	4.000
533.000	5.000
534.000	4.000
535.000	3.000
536.000	3.000
537.000	2.000
538.000	2.000
539.000	2.000
540.000	3.000
541.000	3.000
542.000	4.000
543.000	2.000
544.000	9.000
545.000	1.000
546.000	2.000
547.000	2.000
548.000	1.000
549.000	2.000
550.000	5.000
551.000	3.000
552.000	3.000
553.000	1.000
554.000	2.000
555.000	0.000
556.000	2.000
557.000	1.000
558.000	4.000
559.000	4.000
560.000	3.000
561.000	1.000
562.000	1.000
563.000	3.000
564.000	6.000
565.000	2.000
566.000	2.000
567.000	2.000
568.000	4.000
569.000	5.000
570.000	4.000
571.000	1.000
572.000	0.000
573.000	5.000
574.000	3.000
575.000	2.000
576.000	2.000
577.000	3.000
578.000	6.000
579.000	4.000
580.000	5.000
581.000	4.000
582.000	3.000
583.000	1.000
584.000	3.000
585.000	2.000
586.000	2.000
587.000	7.000
588.000	4.000
589.000	3.000
590.000	4.000
591.000	6.000
592.000	9.000
593.000	1.000
594.000	3.000
595.000	10.000
596.000	1.000
597.000	0.000
598.000	4.000
599.000	3.000
600.000	0.000
601.000	1.000
602.000	2.000
603.000	3.000
604.000	1.000
605.000	3.000
606.000	5.000
607.000	3.000
608.000	4.000
609.000	2.000
610.000	2.000
611.000	3.000
612.000	5.000
613.000	1.000
614.000	9.000
615.000	5.000
616.000	13.000
617.000	15.000
618.000	11.000
619.000	17.000
620.000	16.000
621.000	27.000
622.000	28.000
623.000	17.000
624.000	32.000
625.000	18.000
626.000	29.000
627.000	30.000
628.000	32.000
629.000	22.000
630.000	18.000
631.000	16.000
632.000	11.000
633.000	11.000
634.000	8.000
635.000	15.000
636.000	13.000
637.000	7.000
638.000	4.000
639.000	4.000
640.000	5.000
641.000	3.000
642.000	3.000
643.000	6.000
644.000	4.000
645.000	3.000
646.000	5.000
647.000	3.000
648.000	3.000
649.000	3.000
650.000	6.000
651.000	6.000
652.000	8.000
653.000	4.000
654.000	2.000
655.000	3.000
656.000	4.000
657.000	3.000
658.000	4.000
659.000	4.000
660.000	6.000
661.000	6.000
662.000	2.000
663.000	1.000
664.000	9.000
665.000	6.000
666.000	4.000
667.000	4.000
668.000	4.000
669.000	2.000
670.000	6.000
671.000	4.000
672.000	4.000
673.000	9.000
674.000	2.000
675.000	1.000
676.000	6.000
677.000	6.000
678.000	3.000
679.000	12.000
680.000	8.000
681.000	8.000
682.000	8.000
683.000	10.000
684.000	12.000
685.000	15.000
686.000	15.000
687.000	15.000
688.000	11.000
689.000	18.000
690.000	12.000
691.000	10.000
692.000	25.000
693.000	11.000
694.000	11.000
695.000	18.000
696.000	11.000
697.000	10.000
698.000	11.000
699.000	4.000
700.000	5.000
701.000	10.000
702.000	10.000
703.000	5.000
704.000	8.000
705.000	6.000
706.000	7.000
707.000	6.000
708.000	14.000
709.000	8.000
710.000	8.000
711.000	4.000
712.000	5.000
713.000	10.000
714.000	3.000
715.000	8.000
716.000	12.000
717.000	10.000
718.000	3.000
719.000	11.000
720.000	4.000
721.000	7.000
722.000	8.000
723.000	14.000
724.000	12.000
725.000	13.000
726.000	16.000
727.000	13.000
728.000	17.000
729.000	19.000
730.000	23.000
731.000	6.000
732.000	13.000
733.000	19.000
734.000	19.000
735.000	14.000
736.000	6.000
737.000	6.000
738.000	8.000
739.000	10.000
740.000	8.000
741.000	9.000
742.000	9.000
743.000	10.000
744.000	8.000
745.000	5.000
746.000	11.000
747.000	13.000
748.000	9.000
749.000	7.000
750.000	8.000
751.000	6.000
752.000	6.000
753.000	9.000
754.000	6.000
755.000	5.000
756.000	8.000
757.000	8.000
758.000	9.000
759.000	9.000
760.000	3.000
761.000	7.000
762.000	8.000
763.000	8.000
764.000	9.000
765.000	9.000
766.000	3.000
767.000	4.000
768.000	7.000
769.000	12.000
770.000	9.000
771.000	13.000
772.000	13.000
773.000	7.000
774.000	12.000
775.000	13.000
776.000	9.000
777.000	16.000
778.000	15.000
779.000	5.000
780.000	19.000
781.000	11.000
782.000	14.000
783.000	19.000
784.000	14.000
785.000	23.000
786.000	17.000
787.000	22.000
788.000	14.000
789.000	19.000
790.000	22.000
791.000	22.000
792.000	20.000
793.000	20.000
794.000	17.000
795.000	21.000
796.000	27.000
797.000	17.000
798.000	19.000
799.000	19.000
800.000	19.000
801.000	15.000
802.000	19.000
803.000	19.000
804.000	22.000
805.000	22.000
806.000	15.000
807.000	16.000
808.000	23.000
809.000	20.000
810.000	21.000
811.000	29.000
812.000	27.000
813.000	22.000
814.000	27.000
815.000	25.000
816.000	34.000
817.000	31.000
818.000	34.000
819.000	41.000
820.000	28.000
821.000	24.000
822.000	22.000
823.000	27.000
824.000	32.000
825.000	27.000
826.000	25.000
827.000	26.000
828.000	18.000
829.000	21.000
830.000	18.000
831.000	24.000
832.000	11.000
833.000	25.000
834.000	15.000
835.000	16.000
836.000	10.000
837.000	12.000
838.000	15.000
839.000	8.000
840.000	17.000
841.000	14.000
842.000	20.000
843.000	14.000
844.000	20.000
845.000	19.000
846.000	11.000
847.000	12.000
848.000	16.000
849.000	14.000
850.000	11.000
851.000	16.000
852.000	21.000
853.000	11.000
854.000	17.000
855.000	19.000
856.000	11.000
857.000	16.000
858.000	13.000
859.000	16.000
860.000	19.000
861.000	11.000
862.000	20.000
863.000	17.000
864.000	17.000
865.000	11.000
866.000	17.000
867.000	20.000
868.000	13.000
869.000	21.000
870.000	13.000
871.000	18.000
872.000	9.000
873.000	12.000
874.000	20.000
875.000	22.000
876.000	16.000
877.000	14.000
878.000	13.000
879.000	18.000
880.000	11.000
881.000	12.000
882.000	22.000
883.000	26.000
884.000	34.000
885.000	26.000
886.000	19.000
887.000	33.000
888.000	21.000
889.000	32.000
890.000	27.000
891.000	19.000
892.000	19.000
893.000	26.000
894.000	24.000
895.000	17.000
896.000	32.000
897.000	29.000
898.000	24.000
899.000	16.000
900.000	28.000
901.000	30.000
902.000	24.000
903.000	27.000
904.000	38.000
905.000	25.000
906.000	27.000
907.000	24.000
908.000	32.000
909.000	35.000
910.000	37.000
911.000	37.000
912.000	31.000
913.000	28.000
914.000	38.000
915.000	26.000
916.000	31.000
917.000	35.000
918.000	27.000
919.000	36.000
920.000	34.000
921.000	28.000
922.000	27.000
923.000	35.000
924.000	32.000
925.000	36.000
926.000	33.000
927.000	36.000
928.000	35.000
929.000	29.000
930.000	31.000
931.000	29.000
932.000	33.000
933.000	37.000
934.000	39.000
935.000	38.000
936.000	36.000
937.000	37.000
938.000	36.000
939.000	39.000
940.000	34.000
941.000	42.000
942.000	48.000
943.000	35.000
944.000	48.000
945.000	52.000
946.000	35.000
947.000	41.000
948.000	35.000
949.000	42.000
950.000	40.000
951.000	37.000
952.000	35.000
953.000	27.000
954.000	47.000
955.000	34.000
956.000	36.000
957.000	30.000
958.000	35.000
959.000	35.000
960.000	35.000
961.000	27.000
962.000	29.000
963.000	43.000
964.000	40.000
965.000	36.000
966.000	30.000
967.000	41.000
968.000	33.000
969.000	30.000
970.000	29.000
971.000	42.000
972.000	33.000
973.000	38.000
974.000	39.000
975.000	36.000
976.000	34.000
977.000	28.000
978.000	26.000
979.000	39.000
980.000	29.000
981.000	30.000
982.000	24.000
983.000	28.000
984.000	27.000
985.000	33.000
986.000	27.000
987.000	33.000
988.000	34.000
989.000	19.000
990.000	41.000
991.000	23.000
992.000	32.000
993.000	26.000
994.000	30.000
995.000	42.000
996.000	35.000
997.000	22.000
998.000	28.000
999.000	39.000
1000.000	29.000
1001.000	24.000
1002.000	33.000
1003.000	31.000
1004.000	29.000
1005.000	37.000
1006.000	26.000
1007.000	31.000
1008.000	24.000
1009.000	33.000
1010.000	32.000
1011.000	27.000
1012.000	29.000
1013.000	27.000
1014.000	30.000
1015.000	24.000
1016.000	25.000
1017.000	30.000
1018.000	34.000
1019.000	44.000
1020.000	32.000
1021.000	28.000
1022.000	25.000
1023.000	33.000
1024.000	34.000
1025.000	32.000
1026.000	23.000
1027.000	31.000
1028.000	22.000
1029.000	39.000
1030.000	26.000
1031.000	43.000
1032.000	36.000
1033.000	36.000
1034.000	41.000
1035.000	35.000
1036.000	32.000
1037.000	41.000
1038.000	34.000
1039.000	32.000
1040.000	42.000
1041.000	45.000
1042.000	27.000
1043.000	39.000
1044.000	37.000
1045.000	39.000
1046.000	38.000
1047.000	28.000
1048.000	50.000
1049.000	34.000
1050.000	42.000
1051.000	37.000
1052.000	41.000
1053.000	40.000
1054.000	43.000
1055.000	44.000
1056.000	44.000
1057.000	40.000
1058.000	44.000
1059.000	45.000
1060.000	39.000
1061.000	30.000
1062.000	43.000
1063.000	43.000
1064.000	31.000
1065.000	30.000
1066.000	42.000
1067.000	43.000
1068.000	45.000
1069.000	43.000
1070.000	40.000
1071.000	32.000
1072.000	28.000
1073.000	43.000
1074.000	43.000
1075.000	38.000
1076.000	49.000
1077.000	32.000
1078.000	45.000
1079.000	44.000
1080.000	36.000
1081.000	33.000
1082.000	48.000
1083.000	48.000
1084.000	38.000
1085.000	47.000
1086.000	50.000
1087.000	55.000
1088.000	50.000
1089.000	43.000
1090.000	52.000
1091.000	48.000
1092.000	44.000
1093.000	60.000
1094.000	50.000
1095.000	47.000
1096.000	39.000
1097.000	48.000
1098.000	54.000
1099.000	59.000
1100.000	61.000
1101.000	55.000
1102.000	49.000
1103.000	50.000
1104.000	57.000
1105.000	38.000
1106.000	51.000
1107.000	59.000
1108.000	50.000
1109.000	45.000
1110.000	42.000
1111.000	48.000
1112.000	48.000
1113.000	44.000
1114.000	43.000
1115.000	49.000
1116.000	39.000
1117.000	39.000
1118.000	50.000
1119.000	42.000
1120.000	52.000
1121.000	50.000
1122.000	45.000
1123.000	50.000
1124.000	64.000
1125.000	56.000
1126.000	48.000
1127.000	55.000
1128.000	42.000
1129.000	40.000
1130.000	51.000
1131.000	44.000
1132.000	54.000
1133.000	47.000
1134.000	47.000
1135.000	51.000
1136.000	48.000
1137.000	56.000
1138.000	40.000
1139.000	53.000
1140.000	45.000
1141.000	59.000
1142.000	38.000
1143.000	54.000
1144.000	57.000
1145.000	54.000
1146.000	66.000
1147.000	49.000
1148.000	44.000
1149.000	52.000
1150.000	62.000
1151.000	62.000
1152.000	57.000
1153.000	55.000
1154.000	49.000
1155.000	54.000
1156.000	54.000
1157.000	47.000
1158.000	58.000
1159.000	43.000
1160.000	68.000
1161.000	63.000
1162.000	54.000
1163.000	64.000
1164.000	54.000
1165.000	57.000
1166.000	58.000
1167.000	58.000
1168.000	45.000
1169.000	52.000
1170.000	61.000
1171.000	58.000
1172.000	56.000
1173.000	54.000
1174.000	51.000
1175.000	47.000
1176.000	52.000
1177.000	40.000
1178.000	53.000
1179.000	71.000
1180.000	47.000
1181.000	52.000
1182.000	52.000
1183.000	52.000
1184.000	59.000
1185.000	45.000
1186.000	58.000
1187.000	60.000
1188.000	64.000
1189.000	57.000
1190.000	56.000
1191.000	64.000
1192.000	61.000
1193.000	46.000
1194.000	55.000
1195.000	69.000
1196.000	62.000
1197.000	44.000
1198.000	53.000
1199.000	47.000
1200.000	57.000
1201.000	56.000
1202.000	59.000
1203.000	48.000
1204.000	51.000
1205.000	53.000
1206.000	43.000
1207.000	47.000
1208.000	59.000
1209.000	55.000
1210.000	66.000
1211.000	64.000
1212.000	63.000
1213.000	61.000
1214.000	66.000
1215.000	46.000
1216.000	52.000
1217.000	60.000
1218.000	61.000
1219.000	60.000
1220.000	54.000
1221.000	58.000
1222.000	58.000
1223.000	55.000
1224.000	49.000
1225.000	50.000
1226.000	58.000
1227.000	64.000
1228.000	43.000
1229.000	70.000
1230.000	46.000
1231.000	66.000
1232.000	50.000
1233.000	70.000
1234.000	65.000
1235.000	55.000
1236.000	62.000
1237.000	69.000
1238.000	71.000
1239.000	64.000
1240.000	66.000
1241.000	49.000
1242.000	65.000
1243.000	66.000
1244.000	59.000
1245.000	50.000
1246.000	60.000
1247.000	62.000
1248.000	66.000
1249.000	57.000
1250.000	56.000
1251.000	69.000
1252.000	53.000
1253.000	57.000
1254.000	57.000
1255.000	51.000
1256.000	72.000
1257.000	63.000
1258.000	74.000
1259.000	55.000
1260.000	62.000
1261.000	77.000
1262.000	61.000
1263.000	64.000
1264.000	60.000
1265.000	66.000
1266.000	74.000
1267.000	69.000
1268.000	71.000
1269.000	60.000
1270.000	70.000
1271.000	73.000
1272.000	57.000
1273.000	82.000
1274.000	61.000
1275.000	61.000
1276.000	68.000
1277.000	57.000
1278.000	56.000
1279.000	59.000
1280.000	78.000
1281.000	70.000
1282.000	76.000
1283.000	60.000
1284.000	69.000
1285.000	69.000
1286.000	66.000
1287.000	63.000
1288.000	69.000
1289.000	76.000
1290.000	56.000
1291.000	64.000
1292.000	71.000
1293.000	71.000
1294.000	70.000
1295.000	78.000
1296.000	64.000
1297.000	68.000
1298.000	63.000
1299.000	77.000
1300.000	81.000
1301.000	61.000
1302.000	82.000
1303.000	79.000
1304.000	64.000
1305.000	67.000
1306.000	65.000
1307.000	74.000
1308.000	58.000
1309.000	69.000
1310.000	54.000
1311.000	79.000
1312.000	75.000
1313.000	72.000
1314.000	73.000
1315.000	63.000
1316.000	81.000
1317.000	59.000
1318.000	79.000
1319.000	67.000
1320.000	70.000
1321.000	62.000
1322.000	71.000
1323.000	72.000
1324.000	74.000
1325.000	67.000
1326.000	72.000
1327.000	83.000
1328.000	73.000
1329.000	70.000
1330.000	65.000
1331.000	67.000
1332.000	65.000
1333.000	55.000
1334.000	73.000
1335.000	65.000
1336.000	57.000
1337.000	67.000
1338.000	79.000
1339.000	93.000
1340.000	72.000
1341.000	77.000
1342.000	75.000
1343.000	78.000
1344.000	73.000
1345.000	76.000
1346.000	71.000
1347.000	65.000
1348.000	82.000
1349.000	57.000
1350.000	78.000
1351.000	80.000
1352.000	94.000
1353.000	72.000
1354.000	84.000
1355.000	70.000
1356.000	72.000
1357.000	79.000
1358.000	81.000
1359.000	91.000
1360.000	112.000
1361.000	96.000
1362.000	108.000
1363.000	116.000
1364.000	130.000
1365.000	125.000
1366.000	161.000
1367.000	144.000
1368.000	157.000
1369.000	160.000
1370.000	190.000
1371.000	234.000
1372.000	207.000
1373.000	235.000
1374.000	224.000
1375.000	253.000
1376.000	247.000
1377.000	251.000
1378.000	262.000
1379.000	265.000
1380.000	303.000
1381.000	257.000
1382.000	289.000
1383.000	287.000
1384.000	260.000
1385.000	271.000
1386.000	270.000
1387.000	239.000
1388.000	207.000
1389.000	191.000
1390.000	171.000
1391.000	162.000
1392.000	169.000
1393.000	147.000
1394.000	130.000
1395.000	116.000
1396.000	117.000
1397.000	99.000
1398.000	89.000
1399.000	101.000
1400.000	93.000
1401.000	85.000
1402.000	87.000
1403.000	76.000
1404.000	79.000
1405.000	81.000
1406.000	79.000
1407.000	79.000
1408.000	69.000
1409.000	83.000
1410.000	77.000
1411.000	69.000
1412.000	75.000
1413.000	61.000
1414.000	67.000
1415.000	76.000
1416.000	93.000
1417.000	90.000
1418.000	82.000
1419.000	74.000
1420.000	75.000
1421.000	77.000
1422.000	79.000
1423.000	65.000
1424.000	73.000
1425.000	68.000
1426.000	72.000
1427.000	84.000
1428.000	76.000
1429.000	62.000
1430.000	84.000
1431.000	71.000
1432.000	78.000
1433.000	72.000
1434.000	84.000
1435.000	84.000
1436.000	73.000
1437.000	78.000
1438.000	79.000
1439.000	79.000
1440.000	88.000
1441.000	83.000
1442.000	76.000
1443.000	88.000
1444.000	83.000
1445.000	87.000
1446.000	62.000
1447.000	74.000
1448.000	73.000
1449.000	77.000
1450.000	91.000
1451.000	69.000
1452.000	85.000
1453.000	73.000
1454.000	76.000
1455.000	89.000
1456.000	77.000
1457.000	77.000
1458.000	78.000
1459.000	86.000
1460.000	86.000
1461.000	99.000
1462.000	72.000
1463.000	85.000
1464.000	78.000
1465.000	73.000
1466.000	92.000
1467.000	85.000
1468.000	82.000
1469.000	68.000
1470.000	74.000
1471.000	83.000
1472.000	77.000
1473.000	81.000
1474.000	85.000
1475.000	84.000
1476.000	76.000
1477.000	73.000
1478.000	72.000
1479.000	80.000
1480.000	83.000
1481.000	89.000
1482.000	76.000
1483.000	83.000
1484.000	68.000
1485.000	77.000
1486.000	70.000
1487.000	81.000
1488.000	72.000
1489.000	83.000
1490.000	94.000
1491.000	79.000
1492.000	92.000
1493.000	86.000
1494.000	81.000
1495.000	90.000
1496.000	75.000
1497.000	73.000
1498.000	98.000
1499.000	78.000
1500.000	75.000
1501.000	79.000
1502.000	68.000
1503.000	88.000
1504.000	79.000
1505.000	91.000
1506.000	65.000
1507.000	86.000
1508.000	88.000
1509.000	101.000
1510.000	87.000
1511.000	90.000
1512.000	71.000
1513.000	93.000
1514.000	99.000
1515.000	98.000
1516.000	82.000
1517.000	89.000
1518.000	96.000
1519.000	86.000
1520.000	107.000
1521.000	85.000
1522.000	102.000
1523.000	115.000
1524.000	77.000
1525.000	110.000
1526.000	110.000
1527.000	107.000
1528.000	121.000
1529.000	106.000
1530.000	102.000
1531.000	122.000
1532.000	113.000
1533.000	107.000
1534.000	127.000
1535.000	125.000
1536.000	104.000
1537.000	128.000
1538.000	121.000
1539.000	152.000
1540.000	151.000
1541.000	146.000
1542.000	174.000
1543.000	165.000
1544.000	139.000
1545.000	162.000
1546.000	151.000
1547.000	130.000
1548.000	135.000
1549.000	151.000
1550.000	137.000
1551.000	149.000
1552.000	135.000
1553.000	171.000
1554.000	140.000
1555.000	147.000
1556.000	143.000
1557.000	149.000
1558.000	131.000
1559.000	153.000
1560.000	156.000
1561.000	116.000
1562.000	154.000
1563.000	162.000
1564.000	181.000
1565.000	159.000
1566.000	184.000
1567.000	189.000
1568.000	173.000
1569.000	164.000
1570.000	188.000
1571.000	181.000
1572.000	171.000
1573.000	202.000
1574.000	210.000
1575.000	212.000
1576.000	232.000
1577.000	222.000
1578.000	240.000
1579.000	229.000
1580.000	208.000
1581.000	209.000
1582.000	271.000
1583.000	258.000
1584.000	272.000
1585.000	287.000
1586.000	263.000
1587.000	246.000
1588.000	272.000
1589.000	291.000
1590.000	264.000
1591.000	281.000
1592.000	292.000
1593.000	289.000
1594.000	318.000
1595.000	270.000
1596.000	258.000
1597.000	286.000
1598.000	287.000
1599.000	319.000
1600.000	301.000
1601.000	336.000
1602.000	286.000
1603.000	344.000
1604.000	305.000
1605.000	302.000
1606.000	278.000
1607.000	305.000
1608.000	288.000
1609.000	264.000
1610.000	281.000
1611.000	266.000
1612.000	274.000
1613.000	270.000
1614.000	256.000
1615.000	256.000
1616.000	241.000
1617.000	279.000
1618.000	217.000
1619.000	235.000
1620.000	223.000
1621.000	217.000
1622.000	231.000
1623.000	218.000
1624.000	212.000
1625.000	202.000
1626.000	188.000
1627.000	182.000
1628.000	178.000
1629.000	190.000
1630.000	204.000
1631.000	156.000
1632.000	151.000
1633.000	173.000
1634.000	155.000
1635.000	182.000
1636.000	147.000
1637.000	155.000
1638.000	139.000
1639.000	150.000
1640.000	125.000
1641.000	140.000
1642.000	129.000
1643.000	147.000
1644.000	113.000
1645.000	146.000
1646.000	143.000
1647.000	136.000
1648.000	117.000
1649.000	97.000
1650.000	111.000
1651.000	123.000
1652.000	110.000
1653.000	107.000
1654.000	115.000
1655.000	95.000
1656.000	104.000
1657.000	111.000
1658.000	106.000
1659.000	77.000
1660.000	109.000
1661.000	102.000
1662.000	116.000
1663.000	103.000
1664.000	88.000
1665.000	90.000
1666.000	96.000
1667.000	85.000
1668.000	82.000
1669.000	78.000
1670.000	90.000
1671.000	100.000
1672.000	79.000
1673.000	79.000
1674.000	88.000
1675.000	80.000
1676.000	84.000
1677.000	96.000
1678.000	93.000
1679.000	103.000
1680.000	89.000
1681.000	108.000
1682.000	94.000
1683.000	125.000
1684.000	121.000
1685.000	116.000
1686.000	142.000
1687.000	145.000
1688.000	159.000
1689.000	169.000
1690.000	164.000
1691.000	181.000
1692.000	195.000
1693.000	181.000
1694.000	208.000
1695.000	213.000
1696.000	229.000
1697.000	234.000
1698.000	232.000
1699.000	212.000
1700.000	250.000
1701.000	245.000
1702.000	216.000
1703.000	246.000
1704.000	252.000
1705.000	213.000
1706.000	224.000
1707.000	218.000
1708.000	205.000
1709.000	221.000
1710.000	185.000
1711.000	172.000
1712.000	174.000
1713.000	178.000
1714.000	153.000
1715.000	126.000
1716.000	129.000
1717.000	143.000
1718.000	121.000
1719.000	89.000
1720.000	107.000
1721.000	98.000
1722.000	81.000
1723.000	99.000
1724.000	95.000
1725.000	76.000
1726.000	85.000
1727.000	81.000
1728.000	80.000
1729.000	84.000
1730.000	74.000
1731.000	82.000
1732.000	68.000
1733.000	72.000
1734.000	76.000
1735.000	87.000
1736.000	72.000
1737.000	66.000
1738.000	83.000
1739.000	68.000
1740.000	63.000
1741.000	72.000
1742.000	84.000
1743.000	95.000
1744.000	75.000
1745.000	63.000
1746.000	68.000
1747.000	73.000
1748.000	89.000
1749.000	72.000
1750.000	71.000
1751.000	91.000
1752.000	88.000
1753.000	62.000
1754.000	69.000
1755.000	82.000
1756.000	81.000
1757.000	94.000
1758.000	97.000
1759.000	100.000
1760.000	92.000
1761.000	93.000
1762.000	89.000
1763.000	87.000
1764.000	91.000
1765.000	92.000
1766.000	101.000
1767.000	91.000
1768.000	95.000
1769.000	105.000
1770.000	103.000
1771.000	104.000
1772.000	104.000
1773.000	95.000
1774.000	103.000
1775.000	125.000
1776.000	110.000
1777.000	117.000
1778.000	84.000
1779.000	119.000
1780.000	94.000
1781.000	125.000
1782.000	123.000
1783.000	82.000
1784.000	107.000
1785.000	99.000
1786.000	111.000
1787.000	96.000
1788.000	115.000
1789.000	122.000
1790.000	102.000
1791.000	92.000
1792.000	108.000
1793.000	97.000
1794.000	90.000
1795.000	110.000
1796.000	101.000
1797.000	98.000
1798.000	83.000
1799.000	99.000
1800.000	98.000
1801.000	107.000
1802.000	87.000
1803.000	84.000
1804.000	93.000
1805.000	95.000
1806.000	87.000
1807.000	92.000
1808.000	79.000
1809.000	83.000
1810.000	74.000
1811.000	104.000
1812.000	74.000
1813.000	65.000
1814.000	93.000
1815.000	69.000
1816.000	93.000
1817.000	74.000
1818.000	61.000
1819.000	73.000
1820.000	64.000
1821.000	66.000
1822.000	63.000
1823.000	73.000
1824.000	61.000
1825.000	66.000
1826.000	60.000
1827.000	67.000
1828.000	73.000
1829.000	55.000
1830.000	70.000
1831.000	60.000
1832.000	45.000
1833.000	65.000
1834.000	56.000
1835.000	50.000
1836.000	57.000
1837.000	63.000
1838.000	45.000
1839.000	56.000
1840.000	47.000
1841.000	49.000
1842.000	47.000
1843.000	57.000
1844.000	51.000
1845.000	52.000
1846.000	55.000
1847.000	46.000
1848.000	46.000
1849.000	42.000
1850.000	45.000
1851.000	50.000
1852.000	37.000
1853.000	45.000
1854.000	43.000
1855.000	48.000
1856.000	41.000
1857.000	52.000
1858.000	44.000
1859.000	44.000
1860.000	41.000
1861.000	39.000
1862.000	36.000
1863.000	45.000
1864.000	37.000
1865.000	37.000
1866.000	33.000
1867.000	37.000
1868.000	40.000
1869.000	48.000
1870.000	43.000
1871.000	44.000
1872.000	40.000
1873.000	33.000
1874.000	38.000
1875.000	25.000
1876.000	38.000
1877.000	33.000
1878.000	41.000
1879.000	33.000
1880.000	35.000
1881.000	40.000
1882.000	36.000
1883.000	40.000
1884.000	41.000
1885.000	49.000
1886.000	29.000
1887.000	42.000
1888.000	36.000
1889.000	37.000
1890.000	39.000
1891.000	39.000
1892.000	36.000
1893.000	36.000
1894.000	54.000
1895.000	42.000
1896.000	42.000
1897.000	47.000
1898.000	40.000
1899.000	58.000
1900.000	53.000
1901.000	57.000
1902.000	52.000
1903.000	31.000
1904.000	44.000
1905.000	47.000
1906.000	57.000
1907.000	69.000
1908.000	61.000
1909.000	61.000
1910.000	68.000
1911.000	55.000
1912.000	46.000
1913.000	62.000
1914.000	53.000
1915.000	70.000
1916.000	49.000
1917.000	63.000
1918.000	65.000
1919.000	60.000
1920.000	49.000
1921.000	66.000
1922.000	55.000
1923.000	41.000
1924.000	52.000
1925.000	44.000
1926.000	54.000
1927.000	44.000
1928.000	41.000
1929.000	34.000
1930.000	48.000
1931.000	32.000
1932.000	51.000
1933.000	38.000
1934.000	32.000
1935.000	33.000
1936.000	45.000
1937.000	30.000
1938.000	34.000
1939.000	39.000
1940.000	40.000
1941.000	26.000
1942.000	40.000
1943.000	39.000
1944.000	26.000
1945.000	22.000
1946.000	42.000
1947.000	48.000
1948.000	32.000
1949.000	34.000
1950.000	41.000
1951.000	35.000
1952.000	27.000
1953.000	42.000
1954.000	36.000
1955.000	19.000
1956.000	32.000
1957.000	29.000
1958.000	30.000
1959.000	30.000
1960.000	29.000
1961.000	31.000
1962.000	26.000
1963.000	43.000
1964.000	32.000
1965.000	33.000
1966.000	32.000
1967.000	20.000
1968.000	40.000
1969.000	28.000
1970.000	34.000
1971.000	33.000
1972.000	35.000
1973.000	29.000
1974.000	26.000
1975.000	34.000
1976.000	35.000
1977.000	31.000
1978.000	26.000
1979.000	24.000
1980.000	22.000
1981.000	21.000
1982.000	31.000
1983.000	30.000
1984.000	19.000
1985.000	29.000
1986.000	22.000
1987.000	31.000
1988.000	29.000
1989.000	31.000
1990.000	24.000
1991.000	23.000
1992.000	30.000
1993.000	24.000
1994.000	22.000
1995.000	20.000
1996.000	37.000
1997.000	24.000
1998.000	25.000
1999.000	15.000
2000.000	24.000
2001.000	23.000
2002.000	27.000
2003.000	20.000
2004.000	27.000
2005.000	20.000
2006.000	32.000
2007.000	24.000
2008.000	28.000
2009.000	25.000
2010.000	35.000
2011.000	20.000
2012.000	23.000
2013.000	22.000
2014.000	27.000
2015.000	24.000
2016.000	25.000
2017.000	30.000
2018.000	26.000
2019.000	23.000
2020.000	22.000
2021.000	28.000
2022.000	21.000
2023.000	27.000
2024.000	28.000
2025.000	27.000
2026.000	26.000
2027.000	26.000
2028.000	22.000
2029.000	26.000
2030.000	22.000
2031.000	16.000
2032.000	18.000
2033.000	20.000
2034.000	25.000
2035.000	30.000
2036.000	25.000
2037.000	31.000
2038.000	27.000
2039.000	25.000
2040.000	28.000
2041.000	27.000
2042.000	26.000
2043.000	25.000
2044.000	24.000
2045.000	26.000
2046.000	27.000
2047.000	23.000
2048.000	0.000
