Date:	22-Sep-20		Time:	10:49 PM		Version no:	0.00		Project name:	55		Sample name:	222		Section name:	section		Position	1311.540018	mm	E0	0.000000	keV	E1	1.000000	keV/channel	sample surface	8.900000	cm	Tube anode:	Mo		Tube voltage:	30	kV	Tube current:	30	mA	gain	15		std. database			resultfile	result		matrix element	11		sample thickness	1.000000		air passage	0.560000	cm	comments	not in position		peaking_time	0.300000	m-sec	trigger_threshold	40.000000	V	mca_bin_width	2.000000	no:	number_mca_channels	2048.000000	no:	gap_time	2048.000000	m-sec	trigger_peaking_time	2048.000000	m-sec	GAINDAC	400		HIGHGAIN	400		TAURC	400		RCTAU	400		RCTAUFRAC	400		livetime	12.817826	seconds	runtime	15.000355	seconds	input_count_rate	6973.803441	cps	output_count_rate	5959.125435	cps	triggers	104189	seconds	events_in_run	82308	seconds	channel	content		1.000	0.000
2.000	0.000
3.000	0.000
4.000	0.000
5.000	0.000
6.000	0.000
7.000	0.000
8.000	0.000
9.000	0.000
10.000	0.000
11.000	0.000
12.000	0.000
13.000	0.000
14.000	0.000
15.000	0.000
16.000	0.000
17.000	0.000
18.000	0.000
19.000	0.000
20.000	0.000
21.000	0.000
22.000	0.000
23.000	0.000
24.000	0.000
25.000	0.000
26.000	0.000
27.000	0.000
28.000	0.000
29.000	0.000
30.000	0.000
31.000	0.000
32.000	0.000
33.000	0.000
34.000	0.000
35.000	0.000
36.000	0.000
37.000	0.000
38.000	0.000
39.000	0.000
40.000	0.000
41.000	0.000
42.000	0.000
43.000	0.000
44.000	0.000
45.000	0.000
46.000	0.000
47.000	0.000
48.000	0.000
49.000	0.000
50.000	0.000
51.000	0.000
52.000	1.000
53.000	1.000
54.000	2.000
55.000	2.000
56.000	2.000
57.000	6.000
58.000	7.000
59.000	7.000
60.000	10.000
61.000	8.000
62.000	10.000
63.000	12.000
64.000	12.000
65.000	6.000
66.000	18.000
67.000	15.000
68.000	10.000
69.000	16.000
70.000	9.000
71.000	12.000
72.000	7.000
73.000	16.000
74.000	16.000
75.000	5.000
76.000	12.000
77.000	13.000
78.000	8.000
79.000	13.000
80.000	9.000
81.000	8.000
82.000	4.000
83.000	9.000
84.000	5.000
85.000	10.000
86.000	7.000
87.000	17.000
88.000	10.000
89.000	9.000
90.000	11.000
91.000	5.000
92.000	9.000
93.000	8.000
94.000	8.000
95.000	5.000
96.000	8.000
97.000	8.000
98.000	4.000
99.000	8.000
100.000	4.000
101.000	5.000
102.000	5.000
103.000	5.000
104.000	10.000
105.000	13.000
106.000	11.000
107.000	9.000
108.000	8.000
109.000	7.000
110.000	6.000
111.000	14.000
112.000	3.000
113.000	6.000
114.000	2.000
115.000	4.000
116.000	12.000
117.000	9.000
118.000	10.000
119.000	5.000
120.000	8.000
121.000	8.000
122.000	9.000
123.000	9.000
124.000	4.000
125.000	8.000
126.000	4.000
127.000	8.000
128.000	7.000
129.000	5.000
130.000	7.000
131.000	3.000
132.000	6.000
133.000	2.000
134.000	10.000
135.000	7.000
136.000	6.000
137.000	7.000
138.000	10.000
139.000	8.000
140.000	8.000
141.000	5.000
142.000	7.000
143.000	2.000
144.000	7.000
145.000	7.000
146.000	7.000
147.000	5.000
148.000	6.000
149.000	7.000
150.000	4.000
151.000	4.000
152.000	4.000
153.000	5.000
154.000	6.000
155.000	6.000
156.000	11.000
157.000	2.000
158.000	6.000
159.000	5.000
160.000	7.000
161.000	1.000
162.000	3.000
163.000	2.000
164.000	5.000
165.000	4.000
166.000	4.000
167.000	1.000
168.000	3.000
169.000	0.000
170.000	2.000
171.000	1.000
172.000	4.000
173.000	4.000
174.000	4.000
175.000	0.000
176.000	2.000
177.000	0.000
178.000	3.000
179.000	5.000
180.000	2.000
181.000	1.000
182.000	5.000
183.000	4.000
184.000	2.000
185.000	2.000
186.000	2.000
187.000	4.000
188.000	6.000
189.000	4.000
190.000	4.000
191.000	3.000
192.000	2.000
193.000	1.000
194.000	3.000
195.000	3.000
196.000	3.000
197.000	2.000
198.000	3.000
199.000	5.000
200.000	3.000
201.000	5.000
202.000	0.000
203.000	2.000
204.000	1.000
205.000	0.000
206.000	4.000
207.000	3.000
208.000	2.000
209.000	4.000
210.000	1.000
211.000	4.000
212.000	3.000
213.000	2.000
214.000	5.000
215.000	1.000
216.000	1.000
217.000	2.000
218.000	6.000
219.000	1.000
220.000	4.000
221.000	0.000
222.000	4.000
223.000	4.000
224.000	1.000
225.000	3.000
226.000	4.000
227.000	2.000
228.000	3.000
229.000	0.000
230.000	1.000
231.000	2.000
232.000	3.000
233.000	2.000
234.000	2.000
235.000	2.000
236.000	3.000
237.000	4.000
238.000	1.000
239.000	2.000
240.000	5.000
241.000	2.000
242.000	1.000
243.000	1.000
244.000	2.000
245.000	1.000
246.000	0.000
247.000	2.000
248.000	0.000
249.000	2.000
250.000	0.000
251.000	2.000
252.000	2.000
253.000	2.000
254.000	4.000
255.000	6.000
256.000	4.000
257.000	0.000
258.000	0.000
259.000	1.000
260.000	0.000
261.000	1.000
262.000	1.000
263.000	4.000
264.000	2.000
265.000	3.000
266.000	5.000
267.000	1.000
268.000	2.000
269.000	4.000
270.000	4.000
271.000	1.000
272.000	2.000
273.000	3.000
274.000	1.000
275.000	0.000
276.000	4.000
277.000	4.000
278.000	3.000
279.000	7.000
280.000	11.000
281.000	16.000
282.000	23.000
283.000	35.000
284.000	47.000
285.000	50.000
286.000	72.000
287.000	101.000
288.000	108.000
289.000	104.000
290.000	133.000
291.000	120.000
292.000	117.000
293.000	82.000
294.000	79.000
295.000	59.000
296.000	47.000
297.000	32.000
298.000	23.000
299.000	16.000
300.000	13.000
301.000	7.000
302.000	4.000
303.000	3.000
304.000	4.000
305.000	9.000
306.000	8.000
307.000	7.000
308.000	9.000
309.000	12.000
310.000	8.000
311.000	11.000
312.000	15.000
313.000	4.000
314.000	16.000
315.000	5.000
316.000	15.000
317.000	5.000
318.000	4.000
319.000	5.000
320.000	3.000
321.000	6.000
322.000	0.000
323.000	2.000
324.000	2.000
325.000	0.000
326.000	3.000
327.000	1.000
328.000	1.000
329.000	2.000
330.000	0.000
331.000	0.000
332.000	1.000
333.000	2.000
334.000	1.000
335.000	2.000
336.000	0.000
337.000	2.000
338.000	0.000
339.000	0.000
340.000	0.000
341.000	0.000
342.000	0.000
343.000	0.000
344.000	0.000
345.000	3.000
346.000	0.000
347.000	3.000
348.000	1.000
349.000	1.000
350.000	2.000
351.000	0.000
352.000	1.000
353.000	0.000
354.000	1.000
355.000	1.000
356.000	1.000
357.000	3.000
358.000	1.000
359.000	6.000
360.000	2.000
361.000	3.000
362.000	2.000
363.000	1.000
364.000	3.000
365.000	2.000
366.000	3.000
367.000	1.000
368.000	0.000
369.000	1.000
370.000	2.000
371.000	0.000
372.000	1.000
373.000	0.000
374.000	0.000
375.000	0.000
376.000	0.000
377.000	1.000
378.000	0.000
379.000	0.000
380.000	1.000
381.000	1.000
382.000	0.000
383.000	0.000
384.000	2.000
385.000	0.000
386.000	0.000
387.000	0.000
388.000	0.000
389.000	1.000
390.000	2.000
391.000	1.000
392.000	0.000
393.000	0.000
394.000	1.000
395.000	0.000
396.000	1.000
397.000	1.000
398.000	1.000
399.000	2.000
400.000	1.000
401.000	3.000
402.000	2.000
403.000	1.000
404.000	3.000
405.000	3.000
406.000	1.000
407.000	1.000
408.000	1.000
409.000	2.000
410.000	2.000
411.000	1.000
412.000	2.000
413.000	0.000
414.000	2.000
415.000	0.000
416.000	0.000
417.000	3.000
418.000	1.000
419.000	1.000
420.000	0.000
421.000	1.000
422.000	0.000
423.000	1.000
424.000	1.000
425.000	0.000
426.000	1.000
427.000	0.000
428.000	0.000
429.000	1.000
430.000	2.000
431.000	3.000
432.000	0.000
433.000	1.000
434.000	2.000
435.000	0.000
436.000	2.000
437.000	4.000
438.000	1.000
439.000	2.000
440.000	2.000
441.000	3.000
442.000	3.000
443.000	1.000
444.000	2.000
445.000	1.000
446.000	0.000
447.000	1.000
448.000	1.000
449.000	3.000
450.000	5.000
451.000	1.000
452.000	3.000
453.000	3.000
454.000	0.000
455.000	1.000
456.000	1.000
457.000	1.000
458.000	1.000
459.000	2.000
460.000	1.000
461.000	1.000
462.000	2.000
463.000	3.000
464.000	0.000
465.000	1.000
466.000	1.000
467.000	2.000
468.000	1.000
469.000	1.000
470.000	2.000
471.000	1.000
472.000	2.000
473.000	1.000
474.000	0.000
475.000	1.000
476.000	2.000
477.000	2.000
478.000	4.000
479.000	3.000
480.000	0.000
481.000	3.000
482.000	4.000
483.000	0.000
484.000	2.000
485.000	0.000
486.000	3.000
487.000	3.000
488.000	4.000
489.000	2.000
490.000	4.000
491.000	1.000
492.000	2.000
493.000	2.000
494.000	1.000
495.000	0.000
496.000	0.000
497.000	3.000
498.000	2.000
499.000	0.000
500.000	0.000
501.000	0.000
502.000	0.000
503.000	1.000
504.000	0.000
505.000	3.000
506.000	0.000
507.000	2.000
508.000	2.000
509.000	5.000
510.000	5.000
511.000	1.000
512.000	1.000
513.000	1.000
514.000	2.000
515.000	0.000
516.000	2.000
517.000	2.000
518.000	3.000
519.000	1.000
520.000	2.000
521.000	5.000
522.000	3.000
523.000	3.000
524.000	3.000
525.000	2.000
526.000	2.000
527.000	3.000
528.000	7.000
529.000	5.000
530.000	3.000
531.000	2.000
532.000	3.000
533.000	6.000
534.000	3.000
535.000	3.000
536.000	4.000
537.000	1.000
538.000	4.000
539.000	2.000
540.000	2.000
541.000	3.000
542.000	3.000
543.000	2.000
544.000	4.000
545.000	2.000
546.000	1.000
547.000	1.000
548.000	2.000
549.000	2.000
550.000	4.000
551.000	5.000
552.000	1.000
553.000	3.000
554.000	1.000
555.000	3.000
556.000	2.000
557.000	0.000
558.000	3.000
559.000	5.000
560.000	0.000
561.000	4.000
562.000	6.000
563.000	6.000
564.000	1.000
565.000	2.000
566.000	4.000
567.000	5.000
568.000	1.000
569.000	0.000
570.000	2.000
571.000	3.000
572.000	4.000
573.000	4.000
574.000	8.000
575.000	1.000
576.000	2.000
577.000	1.000
578.000	2.000
579.000	1.000
580.000	3.000
581.000	4.000
582.000	3.000
583.000	2.000
584.000	2.000
585.000	5.000
586.000	0.000
587.000	6.000
588.000	7.000
589.000	3.000
590.000	2.000
591.000	2.000
592.000	4.000
593.000	4.000
594.000	3.000
595.000	4.000
596.000	3.000
597.000	2.000
598.000	3.000
599.000	2.000
600.000	5.000
601.000	3.000
602.000	1.000
603.000	6.000
604.000	2.000
605.000	4.000
606.000	2.000
607.000	1.000
608.000	0.000
609.000	1.000
610.000	3.000
611.000	2.000
612.000	7.000
613.000	5.000
614.000	15.000
615.000	4.000
616.000	15.000
617.000	14.000
618.000	13.000
619.000	16.000
620.000	13.000
621.000	9.000
622.000	19.000
623.000	20.000
624.000	21.000
625.000	28.000
626.000	25.000
627.000	17.000
628.000	12.000
629.000	9.000
630.000	15.000
631.000	12.000
632.000	13.000
633.000	7.000
634.000	8.000
635.000	10.000
636.000	2.000
637.000	8.000
638.000	5.000
639.000	1.000
640.000	4.000
641.000	3.000
642.000	1.000
643.000	4.000
644.000	2.000
645.000	4.000
646.000	4.000
647.000	7.000
648.000	5.000
649.000	3.000
650.000	2.000
651.000	3.000
652.000	4.000
653.000	3.000
654.000	2.000
655.000	5.000
656.000	5.000
657.000	3.000
658.000	4.000
659.000	2.000
660.000	4.000
661.000	4.000
662.000	5.000
663.000	4.000
664.000	4.000
665.000	6.000
666.000	9.000
667.000	3.000
668.000	2.000
669.000	6.000
670.000	4.000
671.000	2.000
672.000	5.000
673.000	4.000
674.000	2.000
675.000	3.000
676.000	10.000
677.000	5.000
678.000	9.000
679.000	8.000
680.000	4.000
681.000	7.000
682.000	7.000
683.000	14.000
684.000	6.000
685.000	11.000
686.000	13.000
687.000	13.000
688.000	15.000
689.000	18.000
690.000	13.000
691.000	14.000
692.000	16.000
693.000	15.000
694.000	20.000
695.000	15.000
696.000	9.000
697.000	9.000
698.000	6.000
699.000	7.000
700.000	6.000
701.000	4.000
702.000	5.000
703.000	12.000
704.000	2.000
705.000	2.000
706.000	3.000
707.000	5.000
708.000	3.000
709.000	2.000
710.000	9.000
711.000	3.000
712.000	10.000
713.000	5.000
714.000	5.000
715.000	8.000
716.000	7.000
717.000	3.000
718.000	7.000
719.000	8.000
720.000	4.000
721.000	9.000
722.000	13.000
723.000	11.000
724.000	11.000
725.000	12.000
726.000	9.000
727.000	9.000
728.000	13.000
729.000	14.000
730.000	13.000
731.000	10.000
732.000	9.000
733.000	19.000
734.000	9.000
735.000	11.000
736.000	5.000
737.000	8.000
738.000	16.000
739.000	12.000
740.000	7.000
741.000	11.000
742.000	6.000
743.000	7.000
744.000	7.000
745.000	3.000
746.000	5.000
747.000	4.000
748.000	11.000
749.000	8.000
750.000	7.000
751.000	4.000
752.000	5.000
753.000	9.000
754.000	8.000
755.000	9.000
756.000	9.000
757.000	5.000
758.000	4.000
759.000	6.000
760.000	11.000
761.000	7.000
762.000	6.000
763.000	6.000
764.000	17.000
765.000	10.000
766.000	6.000
767.000	5.000
768.000	8.000
769.000	5.000
770.000	8.000
771.000	9.000
772.000	9.000
773.000	5.000
774.000	8.000
775.000	14.000
776.000	8.000
777.000	11.000
778.000	13.000
779.000	6.000
780.000	12.000
781.000	21.000
782.000	7.000
783.000	7.000
784.000	15.000
785.000	19.000
786.000	18.000
787.000	18.000
788.000	17.000
789.000	6.000
790.000	16.000
791.000	20.000
792.000	16.000
793.000	13.000
794.000	15.000
795.000	14.000
796.000	11.000
797.000	15.000
798.000	18.000
799.000	12.000
800.000	10.000
801.000	23.000
802.000	10.000
803.000	23.000
804.000	15.000
805.000	19.000
806.000	27.000
807.000	25.000
808.000	13.000
809.000	16.000
810.000	14.000
811.000	20.000
812.000	20.000
813.000	18.000
814.000	25.000
815.000	27.000
816.000	19.000
817.000	24.000
818.000	26.000
819.000	22.000
820.000	22.000
821.000	24.000
822.000	33.000
823.000	14.000
824.000	14.000
825.000	20.000
826.000	17.000
827.000	19.000
828.000	22.000
829.000	18.000
830.000	13.000
831.000	13.000
832.000	13.000
833.000	7.000
834.000	14.000
835.000	14.000
836.000	9.000
837.000	11.000
838.000	18.000
839.000	12.000
840.000	14.000
841.000	11.000
842.000	12.000
843.000	16.000
844.000	13.000
845.000	17.000
846.000	13.000
847.000	16.000
848.000	19.000
849.000	19.000
850.000	15.000
851.000	14.000
852.000	9.000
853.000	8.000
854.000	6.000
855.000	13.000
856.000	12.000
857.000	12.000
858.000	10.000
859.000	12.000
860.000	9.000
861.000	5.000
862.000	18.000
863.000	11.000
864.000	12.000
865.000	20.000
866.000	6.000
867.000	11.000
868.000	9.000
869.000	12.000
870.000	13.000
871.000	14.000
872.000	19.000
873.000	13.000
874.000	12.000
875.000	10.000
876.000	14.000
877.000	17.000
878.000	14.000
879.000	21.000
880.000	11.000
881.000	12.000
882.000	9.000
883.000	11.000
884.000	10.000
885.000	17.000
886.000	16.000
887.000	18.000
888.000	17.000
889.000	15.000
890.000	9.000
891.000	19.000
892.000	11.000
893.000	12.000
894.000	17.000
895.000	16.000
896.000	14.000
897.000	23.000
898.000	15.000
899.000	20.000
900.000	25.000
901.000	21.000
902.000	18.000
903.000	13.000
904.000	24.000
905.000	17.000
906.000	25.000
907.000	19.000
908.000	22.000
909.000	21.000
910.000	23.000
911.000	23.000
912.000	20.000
913.000	30.000
914.000	28.000
915.000	24.000
916.000	25.000
917.000	12.000
918.000	23.000
919.000	22.000
920.000	25.000
921.000	16.000
922.000	19.000
923.000	28.000
924.000	24.000
925.000	16.000
926.000	31.000
927.000	24.000
928.000	27.000
929.000	34.000
930.000	19.000
931.000	21.000
932.000	27.000
933.000	16.000
934.000	14.000
935.000	30.000
936.000	33.000
937.000	30.000
938.000	31.000
939.000	36.000
940.000	32.000
941.000	32.000
942.000	31.000
943.000	38.000
944.000	31.000
945.000	37.000
946.000	39.000
947.000	27.000
948.000	27.000
949.000	39.000
950.000	25.000
951.000	28.000
952.000	23.000
953.000	25.000
954.000	19.000
955.000	35.000
956.000	25.000
957.000	27.000
958.000	25.000
959.000	17.000
960.000	30.000
961.000	22.000
962.000	16.000
963.000	24.000
964.000	31.000
965.000	22.000
966.000	31.000
967.000	16.000
968.000	27.000
969.000	27.000
970.000	28.000
971.000	29.000
972.000	26.000
973.000	33.000
974.000	23.000
975.000	32.000
976.000	27.000
977.000	22.000
978.000	17.000
979.000	32.000
980.000	24.000
981.000	26.000
982.000	38.000
983.000	23.000
984.000	27.000
985.000	25.000
986.000	33.000
987.000	24.000
988.000	26.000
989.000	26.000
990.000	23.000
991.000	28.000
992.000	27.000
993.000	24.000
994.000	19.000
995.000	19.000
996.000	24.000
997.000	28.000
998.000	35.000
999.000	18.000
1000.000	22.000
1001.000	29.000
1002.000	19.000
1003.000	26.000
1004.000	32.000
1005.000	18.000
1006.000	24.000
1007.000	21.000
1008.000	30.000
1009.000	30.000
1010.000	17.000
1011.000	15.000
1012.000	18.000
1013.000	29.000
1014.000	29.000
1015.000	21.000
1016.000	32.000
1017.000	22.000
1018.000	27.000
1019.000	18.000
1020.000	35.000
1021.000	21.000
1022.000	27.000
1023.000	19.000
1024.000	16.000
1025.000	26.000
1026.000	30.000
1027.000	27.000
1028.000	38.000
1029.000	30.000
1030.000	32.000
1031.000	30.000
1032.000	28.000
1033.000	38.000
1034.000	20.000
1035.000	30.000
1036.000	34.000
1037.000	31.000
1038.000	33.000
1039.000	29.000
1040.000	36.000
1041.000	27.000
1042.000	27.000
1043.000	28.000
1044.000	28.000
1045.000	30.000
1046.000	29.000
1047.000	25.000
1048.000	33.000
1049.000	42.000
1050.000	29.000
1051.000	43.000
1052.000	42.000
1053.000	27.000
1054.000	27.000
1055.000	38.000
1056.000	31.000
1057.000	33.000
1058.000	28.000
1059.000	29.000
1060.000	33.000
1061.000	31.000
1062.000	43.000
1063.000	33.000
1064.000	26.000
1065.000	34.000
1066.000	44.000
1067.000	35.000
1068.000	43.000
1069.000	34.000
1070.000	31.000
1071.000	33.000
1072.000	30.000
1073.000	39.000
1074.000	31.000
1075.000	36.000
1076.000	34.000
1077.000	49.000
1078.000	22.000
1079.000	28.000
1080.000	22.000
1081.000	46.000
1082.000	34.000
1083.000	31.000
1084.000	38.000
1085.000	34.000
1086.000	32.000
1087.000	30.000
1088.000	37.000
1089.000	30.000
1090.000	40.000
1091.000	43.000
1092.000	42.000
1093.000	43.000
1094.000	37.000
1095.000	48.000
1096.000	46.000
1097.000	35.000
1098.000	33.000
1099.000	40.000
1100.000	35.000
1101.000	37.000
1102.000	25.000
1103.000	31.000
1104.000	36.000
1105.000	33.000
1106.000	41.000
1107.000	36.000
1108.000	36.000
1109.000	41.000
1110.000	39.000
1111.000	47.000
1112.000	42.000
1113.000	35.000
1114.000	37.000
1115.000	36.000
1116.000	41.000
1117.000	39.000
1118.000	34.000
1119.000	30.000
1120.000	50.000
1121.000	27.000
1122.000	35.000
1123.000	32.000
1124.000	44.000
1125.000	37.000
1126.000	29.000
1127.000	45.000
1128.000	37.000
1129.000	36.000
1130.000	46.000
1131.000	40.000
1132.000	37.000
1133.000	33.000
1134.000	33.000
1135.000	27.000
1136.000	42.000
1137.000	36.000
1138.000	49.000
1139.000	38.000
1140.000	55.000
1141.000	37.000
1142.000	43.000
1143.000	43.000
1144.000	28.000
1145.000	37.000
1146.000	44.000
1147.000	46.000
1148.000	46.000
1149.000	42.000
1150.000	42.000
1151.000	40.000
1152.000	42.000
1153.000	45.000
1154.000	45.000
1155.000	42.000
1156.000	43.000
1157.000	47.000
1158.000	50.000
1159.000	49.000
1160.000	39.000
1161.000	47.000
1162.000	46.000
1163.000	60.000
1164.000	45.000
1165.000	43.000
1166.000	40.000
1167.000	52.000
1168.000	59.000
1169.000	40.000
1170.000	46.000
1171.000	42.000
1172.000	58.000
1173.000	40.000
1174.000	53.000
1175.000	36.000
1176.000	50.000
1177.000	49.000
1178.000	58.000
1179.000	33.000
1180.000	41.000
1181.000	45.000
1182.000	43.000
1183.000	39.000
1184.000	45.000
1185.000	48.000
1186.000	34.000
1187.000	49.000
1188.000	49.000
1189.000	43.000
1190.000	45.000
1191.000	48.000
1192.000	42.000
1193.000	42.000
1194.000	44.000
1195.000	38.000
1196.000	52.000
1197.000	46.000
1198.000	48.000
1199.000	53.000
1200.000	36.000
1201.000	41.000
1202.000	52.000
1203.000	59.000
1204.000	56.000
1205.000	49.000
1206.000	49.000
1207.000	57.000
1208.000	46.000
1209.000	49.000
1210.000	57.000
1211.000	50.000
1212.000	54.000
1213.000	43.000
1214.000	54.000
1215.000	41.000
1216.000	35.000
1217.000	53.000
1218.000	38.000
1219.000	48.000
1220.000	43.000
1221.000	40.000
1222.000	40.000
1223.000	53.000
1224.000	46.000
1225.000	55.000
1226.000	39.000
1227.000	48.000
1228.000	49.000
1229.000	50.000
1230.000	53.000
1231.000	56.000
1232.000	38.000
1233.000	52.000
1234.000	41.000
1235.000	41.000
1236.000	41.000
1237.000	49.000
1238.000	51.000
1239.000	62.000
1240.000	32.000
1241.000	50.000
1242.000	50.000
1243.000	51.000
1244.000	59.000
1245.000	50.000
1246.000	57.000
1247.000	42.000
1248.000	51.000
1249.000	53.000
1250.000	53.000
1251.000	38.000
1252.000	44.000
1253.000	46.000
1254.000	59.000
1255.000	52.000
1256.000	47.000
1257.000	38.000
1258.000	52.000
1259.000	50.000
1260.000	52.000
1261.000	68.000
1262.000	51.000
1263.000	48.000
1264.000	65.000
1265.000	60.000
1266.000	47.000
1267.000	41.000
1268.000	54.000
1269.000	58.000
1270.000	41.000
1271.000	54.000
1272.000	55.000
1273.000	50.000
1274.000	44.000
1275.000	35.000
1276.000	57.000
1277.000	39.000
1278.000	52.000
1279.000	64.000
1280.000	61.000
1281.000	52.000
1282.000	51.000
1283.000	59.000
1284.000	44.000
1285.000	56.000
1286.000	50.000
1287.000	51.000
1288.000	51.000
1289.000	47.000
1290.000	50.000
1291.000	57.000
1292.000	61.000
1293.000	57.000
1294.000	52.000
1295.000	62.000
1296.000	66.000
1297.000	52.000
1298.000	47.000
1299.000	57.000
1300.000	61.000
1301.000	60.000
1302.000	61.000
1303.000	76.000
1304.000	85.000
1305.000	79.000
1306.000	55.000
1307.000	55.000
1308.000	66.000
1309.000	65.000
1310.000	59.000
1311.000	70.000
1312.000	61.000
1313.000	55.000
1314.000	53.000
1315.000	74.000
1316.000	54.000
1317.000	63.000
1318.000	79.000
1319.000	48.000
1320.000	53.000
1321.000	55.000
1322.000	47.000
1323.000	50.000
1324.000	52.000
1325.000	57.000
1326.000	60.000
1327.000	54.000
1328.000	48.000
1329.000	64.000
1330.000	44.000
1331.000	52.000
1332.000	45.000
1333.000	61.000
1334.000	56.000
1335.000	51.000
1336.000	63.000
1337.000	58.000
1338.000	46.000
1339.000	67.000
1340.000	55.000
1341.000	54.000
1342.000	55.000
1343.000	62.000
1344.000	56.000
1345.000	60.000
1346.000	47.000
1347.000	47.000
1348.000	59.000
1349.000	70.000
1350.000	54.000
1351.000	63.000
1352.000	63.000
1353.000	67.000
1354.000	61.000
1355.000	71.000
1356.000	66.000
1357.000	63.000
1358.000	50.000
1359.000	63.000
1360.000	85.000
1361.000	63.000
1362.000	68.000
1363.000	86.000
1364.000	82.000
1365.000	80.000
1366.000	94.000
1367.000	102.000
1368.000	119.000
1369.000	113.000
1370.000	120.000
1371.000	117.000
1372.000	136.000
1373.000	146.000
1374.000	162.000
1375.000	158.000
1376.000	163.000
1377.000	177.000
1378.000	176.000
1379.000	184.000
1380.000	176.000
1381.000	156.000
1382.000	178.000
1383.000	185.000
1384.000	168.000
1385.000	158.000
1386.000	154.000
1387.000	137.000
1388.000	120.000
1389.000	119.000
1390.000	104.000
1391.000	95.000
1392.000	97.000
1393.000	106.000
1394.000	77.000
1395.000	85.000
1396.000	65.000
1397.000	81.000
1398.000	67.000
1399.000	63.000
1400.000	51.000
1401.000	80.000
1402.000	70.000
1403.000	71.000
1404.000	56.000
1405.000	70.000
1406.000	68.000
1407.000	58.000
1408.000	63.000
1409.000	61.000
1410.000	67.000
1411.000	70.000
1412.000	62.000
1413.000	70.000
1414.000	62.000
1415.000	58.000
1416.000	59.000
1417.000	71.000
1418.000	65.000
1419.000	64.000
1420.000	56.000
1421.000	63.000
1422.000	67.000
1423.000	59.000
1424.000	69.000
1425.000	60.000
1426.000	65.000
1427.000	54.000
1428.000	63.000
1429.000	50.000
1430.000	43.000
1431.000	57.000
1432.000	56.000
1433.000	77.000
1434.000	62.000
1435.000	52.000
1436.000	79.000
1437.000	74.000
1438.000	64.000
1439.000	66.000
1440.000	65.000
1441.000	69.000
1442.000	57.000
1443.000	82.000
1444.000	66.000
1445.000	74.000
1446.000	58.000
1447.000	64.000
1448.000	76.000
1449.000	75.000
1450.000	62.000
1451.000	59.000
1452.000	59.000
1453.000	67.000
1454.000	54.000
1455.000	68.000
1456.000	66.000
1457.000	68.000
1458.000	70.000
1459.000	49.000
1460.000	72.000
1461.000	75.000
1462.000	57.000
1463.000	89.000
1464.000	61.000
1465.000	68.000
1466.000	60.000
1467.000	80.000
1468.000	58.000
1469.000	69.000
1470.000	65.000
1471.000	71.000
1472.000	68.000
1473.000	57.000
1474.000	62.000
1475.000	71.000
1476.000	71.000
1477.000	59.000
1478.000	69.000
1479.000	75.000
1480.000	66.000
1481.000	59.000
1482.000	75.000
1483.000	60.000
1484.000	58.000
1485.000	59.000
1486.000	57.000
1487.000	71.000
1488.000	66.000
1489.000	70.000
1490.000	63.000
1491.000	68.000
1492.000	65.000
1493.000	60.000
1494.000	80.000
1495.000	70.000
1496.000	64.000
1497.000	67.000
1498.000	75.000
1499.000	73.000
1500.000	59.000
1501.000	67.000
1502.000	84.000
1503.000	69.000
1504.000	74.000
1505.000	72.000
1506.000	79.000
1507.000	70.000
1508.000	69.000
1509.000	80.000
1510.000	70.000
1511.000	59.000
1512.000	86.000
1513.000	81.000
1514.000	93.000
1515.000	82.000
1516.000	77.000
1517.000	75.000
1518.000	83.000
1519.000	80.000
1520.000	91.000
1521.000	82.000
1522.000	77.000
1523.000	96.000
1524.000	84.000
1525.000	87.000
1526.000	123.000
1527.000	110.000
1528.000	106.000
1529.000	116.000
1530.000	110.000
1531.000	130.000
1532.000	135.000
1533.000	114.000
1534.000	136.000
1535.000	135.000
1536.000	137.000
1537.000	153.000
1538.000	155.000
1539.000	126.000
1540.000	136.000
1541.000	154.000
1542.000	143.000
1543.000	129.000
1544.000	152.000
1545.000	150.000
1546.000	147.000
1547.000	146.000
1548.000	124.000
1549.000	115.000
1550.000	120.000
1551.000	115.000
1552.000	126.000
1553.000	130.000
1554.000	96.000
1555.000	135.000
1556.000	137.000
1557.000	150.000
1558.000	136.000
1559.000	118.000
1560.000	136.000
1561.000	137.000
1562.000	136.000
1563.000	148.000
1564.000	140.000
1565.000	143.000
1566.000	162.000
1567.000	154.000
1568.000	154.000
1569.000	141.000
1570.000	161.000
1571.000	187.000
1572.000	157.000
1573.000	202.000
1574.000	179.000
1575.000	185.000
1576.000	185.000
1577.000	178.000
1578.000	213.000
1579.000	199.000
1580.000	209.000
1581.000	212.000
1582.000	214.000
1583.000	215.000
1584.000	233.000
1585.000	202.000
1586.000	237.000
1587.000	246.000
1588.000	224.000
1589.000	243.000
1590.000	258.000
1591.000	236.000
1592.000	258.000
1593.000	267.000
1594.000	278.000
1595.000	258.000
1596.000	271.000
1597.000	238.000
1598.000	252.000
1599.000	247.000
1600.000	259.000
1601.000	238.000
1602.000	257.000
1603.000	274.000
1604.000	251.000
1605.000	231.000
1606.000	240.000
1607.000	227.000
1608.000	250.000
1609.000	237.000
1610.000	261.000
1611.000	212.000
1612.000	222.000
1613.000	228.000
1614.000	210.000
1615.000	196.000
1616.000	218.000
1617.000	221.000
1618.000	211.000
1619.000	179.000
1620.000	195.000
1621.000	167.000
1622.000	184.000
1623.000	181.000
1624.000	170.000
1625.000	144.000
1626.000	179.000
1627.000	148.000
1628.000	157.000
1629.000	139.000
1630.000	145.000
1631.000	153.000
1632.000	132.000
1633.000	145.000
1634.000	122.000
1635.000	127.000
1636.000	132.000
1637.000	125.000
1638.000	111.000
1639.000	103.000
1640.000	101.000
1641.000	112.000
1642.000	96.000
1643.000	110.000
1644.000	83.000
1645.000	85.000
1646.000	92.000
1647.000	111.000
1648.000	105.000
1649.000	79.000
1650.000	92.000
1651.000	89.000
1652.000	80.000
1653.000	88.000
1654.000	84.000
1655.000	83.000
1656.000	92.000
1657.000	94.000
1658.000	78.000
1659.000	94.000
1660.000	87.000
1661.000	71.000
1662.000	61.000
1663.000	69.000
1664.000	77.000
1665.000	63.000
1666.000	72.000
1667.000	67.000
1668.000	67.000
1669.000	63.000
1670.000	74.000
1671.000	85.000
1672.000	75.000
1673.000	79.000
1674.000	71.000
1675.000	72.000
1676.000	77.000
1677.000	84.000
1678.000	56.000
1679.000	106.000
1680.000	72.000
1681.000	93.000
1682.000	109.000
1683.000	93.000
1684.000	99.000
1685.000	107.000
1686.000	127.000
1687.000	118.000
1688.000	119.000
1689.000	109.000
1690.000	138.000
1691.000	155.000
1692.000	154.000
1693.000	153.000
1694.000	168.000
1695.000	181.000
1696.000	161.000
1697.000	186.000
1698.000	195.000
1699.000	187.000
1700.000	184.000
1701.000	206.000
1702.000	203.000
1703.000	194.000
1704.000	199.000
1705.000	183.000
1706.000	155.000
1707.000	175.000
1708.000	178.000
1709.000	194.000
1710.000	183.000
1711.000	133.000
1712.000	144.000
1713.000	159.000
1714.000	121.000
1715.000	135.000
1716.000	91.000
1717.000	117.000
1718.000	111.000
1719.000	88.000
1720.000	90.000
1721.000	91.000
1722.000	83.000
1723.000	82.000
1724.000	73.000
1725.000	79.000
1726.000	76.000
1727.000	76.000
1728.000	78.000
1729.000	72.000
1730.000	76.000
1731.000	73.000
1732.000	73.000
1733.000	64.000
1734.000	76.000
1735.000	59.000
1736.000	65.000
1737.000	61.000
1738.000	71.000
1739.000	62.000
1740.000	61.000
1741.000	63.000
1742.000	67.000
1743.000	58.000
1744.000	76.000
1745.000	72.000
1746.000	68.000
1747.000	67.000
1748.000	62.000
1749.000	54.000
1750.000	58.000
1751.000	68.000
1752.000	84.000
1753.000	86.000
1754.000	86.000
1755.000	75.000
1756.000	77.000
1757.000	62.000
1758.000	84.000
1759.000	71.000
1760.000	87.000
1761.000	81.000
1762.000	73.000
1763.000	76.000
1764.000	69.000
1765.000	76.000
1766.000	79.000
1767.000	82.000
1768.000	81.000
1769.000	85.000
1770.000	69.000
1771.000	75.000
1772.000	93.000
1773.000	109.000
1774.000	79.000
1775.000	91.000
1776.000	99.000
1777.000	95.000
1778.000	91.000
1779.000	77.000
1780.000	86.000
1781.000	73.000
1782.000	84.000
1783.000	76.000
1784.000	86.000
1785.000	79.000
1786.000	94.000
1787.000	82.000
1788.000	87.000
1789.000	93.000
1790.000	90.000
1791.000	73.000
1792.000	89.000
1793.000	86.000
1794.000	89.000
1795.000	76.000
1796.000	78.000
1797.000	75.000
1798.000	74.000
1799.000	81.000
1800.000	83.000
1801.000	72.000
1802.000	79.000
1803.000	73.000
1804.000	70.000
1805.000	87.000
1806.000	73.000
1807.000	71.000
1808.000	70.000
1809.000	70.000
1810.000	60.000
1811.000	69.000
1812.000	57.000
1813.000	77.000
1814.000	70.000
1815.000	55.000
1816.000	56.000
1817.000	53.000
1818.000	60.000
1819.000	51.000
1820.000	60.000
1821.000	65.000
1822.000	62.000
1823.000	57.000
1824.000	56.000
1825.000	47.000
1826.000	52.000
1827.000	45.000
1828.000	53.000
1829.000	53.000
1830.000	36.000
1831.000	55.000
1832.000	50.000
1833.000	57.000
1834.000	37.000
1835.000	50.000
1836.000	43.000
1837.000	45.000
1838.000	43.000
1839.000	52.000
1840.000	46.000
1841.000	32.000
1842.000	42.000
1843.000	53.000
1844.000	39.000
1845.000	39.000
1846.000	38.000
1847.000	45.000
1848.000	46.000
1849.000	44.000
1850.000	35.000
1851.000	41.000
1852.000	47.000
1853.000	29.000
1854.000	38.000
1855.000	45.000
1856.000	45.000
1857.000	23.000
1858.000	43.000
1859.000	30.000
1860.000	33.000
1861.000	40.000
1862.000	34.000
1863.000	40.000
1864.000	39.000
1865.000	29.000
1866.000	33.000
1867.000	41.000
1868.000	38.000
1869.000	30.000
1870.000	32.000
1871.000	29.000
1872.000	32.000
1873.000	39.000
1874.000	35.000
1875.000	20.000
1876.000	24.000
1877.000	33.000
1878.000	32.000
1879.000	27.000
1880.000	35.000
1881.000	30.000
1882.000	35.000
1883.000	40.000
1884.000	24.000
1885.000	34.000
1886.000	36.000
1887.000	43.000
1888.000	27.000
1889.000	42.000
1890.000	35.000
1891.000	15.000
1892.000	42.000
1893.000	33.000
1894.000	24.000
1895.000	34.000
1896.000	28.000
1897.000	31.000
1898.000	45.000
1899.000	35.000
1900.000	35.000
1901.000	40.000
1902.000	44.000
1903.000	33.000
1904.000	42.000
1905.000	49.000
1906.000	52.000
1907.000	34.000
1908.000	42.000
1909.000	53.000
1910.000	49.000
1911.000	51.000
1912.000	50.000
1913.000	56.000
1914.000	57.000
1915.000	50.000
1916.000	53.000
1917.000	51.000
1918.000	43.000
1919.000	56.000
1920.000	36.000
1921.000	45.000
1922.000	27.000
1923.000	32.000
1924.000	37.000
1925.000	38.000
1926.000	35.000
1927.000	36.000
1928.000	33.000
1929.000	40.000
1930.000	26.000
1931.000	26.000
1932.000	36.000
1933.000	30.000
1934.000	34.000
1935.000	25.000
1936.000	34.000
1937.000	42.000
1938.000	26.000
1939.000	34.000
1940.000	23.000
1941.000	35.000
1942.000	29.000
1943.000	29.000
1944.000	32.000
1945.000	26.000
1946.000	34.000
1947.000	29.000
1948.000	36.000
1949.000	18.000
1950.000	26.000
1951.000	23.000
1952.000	46.000
1953.000	25.000
1954.000	31.000
1955.000	28.000
1956.000	22.000
1957.000	20.000
1958.000	24.000
1959.000	28.000
1960.000	24.000
1961.000	17.000
1962.000	26.000
1963.000	26.000
1964.000	25.000
1965.000	29.000
1966.000	30.000
1967.000	35.000
1968.000	17.000
1969.000	25.000
1970.000	18.000
1971.000	17.000
1972.000	17.000
1973.000	25.000
1974.000	25.000
1975.000	22.000
1976.000	22.000
1977.000	28.000
1978.000	33.000
1979.000	24.000
1980.000	30.000
1981.000	26.000
1982.000	37.000
1983.000	18.000
1984.000	25.000
1985.000	19.000
1986.000	15.000
1987.000	21.000
1988.000	26.000
1989.000	19.000
1990.000	24.000
1991.000	30.000
1992.000	17.000
1993.000	20.000
1994.000	18.000
1995.000	21.000
1996.000	20.000
1997.000	16.000
1998.000	19.000
1999.000	23.000
2000.000	19.000
2001.000	28.000
2002.000	19.000
2003.000	21.000
2004.000	24.000
2005.000	27.000
2006.000	22.000
2007.000	28.000
2008.000	19.000
2009.000	29.000
2010.000	24.000
2011.000	21.000
2012.000	18.000
2013.000	16.000
2014.000	23.000
2015.000	28.000
2016.000	22.000
2017.000	20.000
2018.000	26.000
2019.000	26.000
2020.000	27.000
2021.000	17.000
2022.000	25.000
2023.000	25.000
2024.000	17.000
2025.000	23.000
2026.000	21.000
2027.000	23.000
2028.000	31.000
2029.000	23.000
2030.000	17.000
2031.000	28.000
2032.000	29.000
2033.000	19.000
2034.000	25.000
2035.000	27.000
2036.000	20.000
2037.000	15.000
2038.000	20.000
2039.000	25.000
2040.000	29.000
2041.000	28.000
2042.000	27.000
2043.000	21.000
2044.000	19.000
2045.000	21.000
2046.000	25.000
2047.000	25.000
2048.000	0.000
