C:\Data\CD166_19_(2020)_processed\CD166_19_S3\CD166_19_S3_REP2\XRF data     06-Oct-20  re-evaluated data
peakarea
filename	position (mm)	sample surface	validity	E-gain	E-offset	F-slope	F-offset	cps	MSE	Al	Si	P	S	Cl	Ar	K	Ca	Sc	Ti	V	Cr	Mn	Fe	Ni	Cu	Zn	Ga	Ge	Br	Rb	Sr	Y	Zr	Pd	Cd	I	Cs	Ba	Nd	Sm	Yb	Ta	W	Pb	Bi	Fe a*2	Fe a+b	S1	S2	S3	Mo inc	Mo coh	Dt	
C:\Data\CD166_19_(2020)_processed\CD166_19_S3\CD166_19_S3_REP2\XRF data\L000000.spe	29.75	8.02	1	0.010267	-0.009931	0.009900	0.077115	61105	1.78	186	1477	0	38	1434	407	9273	75866	0	9386	352	912	6769	185894	431	611	590	222	39	581	1216	5778	342	1012	17	0	44	0	437	167	237	71	999	2667	1182	290	277	64	1309	745	1067	33818	11138	0.114	
C:\Data\CD166_19_(2020)_processed\CD166_19_S3\CD166_19_S3_REP2\XRF data\L000001.spe	30.75	8.06	1	0.010267	-0.009931	0.009900	0.077115	51670	1.74	111	1267	0	15	4539	601	7269	39589	0	8635	304	830	5065	158479	401	461	398	130	41	411	998	4560	139	814	27	0	60	0	388	186	175	90	904	2287	2075	155	193	192	1083	593	745	31988	10591	0.111	
C:\Data\CD166_19_(2020)_processed\CD166_19_S3\CD166_19_S3_REP2\XRF data\L000002.spe	31.75	8.10	1	0.010267	-0.009931	0.009900	0.077115	55624	1.71	143	1305	0	42	7937	617	7745	38623	0	9128	377	971	5014	175535	399	551	529	164	0	489	1046	4607	133	923	17	0	14	0	405	174	208	202	1057	2455	1328	299	85	81	1359	734	939	33738	10798	0.113	
C:\Data\CD166_19_(2020)_processed\CD166_19_S3\CD166_19_S3_REP2\XRF data\L000003.spe	32.75	8.13	1	0.010267	-0.009931	0.009900	0.077115	55240	1.87	173	1301	0	32	1203	775	7704	32634	0	9843	402	989	11202	183417	538	638	451	68	113	533	1011	4155	197	815	0	0	24	0	486	196	248	177	1073	2210	88	232	428	246	1626	740	1065	32433	10088	0.111	
C:\Data\CD166_19_(2020)_processed\CD166_19_S3\CD166_19_S3_REP2\XRF data\L000004.spe	33.75	8.12	1	0.010267	-0.009931	0.009900	0.077115	56220	1.78	190	1303	0	9	1178	654	8167	33373	66	9565	407	1042	4646	190230	387	585	493	126	17	435	1216	4242	317	859	0	0	0	0	436	215	256	160	1105	2438	67	253	476	109	1337	787	1243	33825	10508	0.112	
C:\Data\CD166_19_(2020)_processed\CD166_19_S3\CD166_19_S3_REP2\XRF data\L000005.spe	34.75	8.10	1	0.010267	-0.009931	0.009900	0.077115	55661	1.73	154	1207	0	46	1263	758	7755	41709	0	9155	289	921	9857	177208	470	649	559	101	149	523	1161	4279	236	964	0	0	0	0	437	159	192	224	1108	2259	195	254	405	0	1371	735	1267	33999	10688	0.112	
C:\Data\CD166_19_(2020)_processed\CD166_19_S3\CD166_19_S3_REP2\XRF data\L000006.spe	35.75	8.10	1	0.010267	-0.009931	0.009900	0.077115	54464	1.78	141	1122	0	14	1214	692	7673	44903	0	8874	285	884	5080	173601	397	619	525	231	46	457	962	4469	196	867	0	0	40	0	312	129	208	137	1082	2405	153	218	315	325	1183	618	1246	33427	10223	0.112	
C:\Data\CD166_19_(2020)_processed\CD166_19_S3\CD166_19_S3_REP2\XRF data\L000007.spe	36.75	8.10	1	0.010267	-0.009931	0.009900	0.077115	49097	1.67	129	1089	0	12	1028	701	6592	32885	0	7950	376	832	3949	157758	311	552	421	57	140	408	1028	3660	125	831	0	0	24	0	307	182	230	187	967	2189	138	131	305	97	1189	577	962	31643	9725	0.109	
C:\Data\CD166_19_(2020)_processed\CD166_19_S3\CD166_19_S3_REP2\XRF data\L000008.spe	37.75	8.09	1	0.010267	-0.009931	0.009900	0.077115	52238	1.71	150	1139	0	0	1203	709	7374	35786	0	8943	376	968	4045	172610	293	605	357	147	42	468	1034	4010	303	729	0	0	39	0	415	157	172	232	966	2207	146	151	384	143	1415	683	1156	31727	9697	0.109	
C:\Data\CD166_19_(2020)_processed\CD166_19_S3\CD166_19_S3_REP2\XRF data\L000009.spe	38.75	8.08	1	0.010267	-0.009931	0.009900	0.077115	51694	1.73	141	1125	0	0	1038	744	6967	32374	0	8991	347	834	6018	171254	278	526	425	94	61	436	953	3732	182	989	0	0	0	0	404	168	241	170	991	2271	124	189	429	163	1268	669	1088	30593	9657	0.110	
C:\Data\CD166_19_(2020)_processed\CD166_19_S3\CD166_19_S3_REP2\XRF data\L000010.spe	39.75	8.06	1	0.010267	-0.009931	0.009900	0.077115	49614	1.58	97	1052	0	13	1026	682	6781	40250	0	7785	288	827	3740	155524	308	494	447	130	76	407	1047	3973	154	915	0	0	61	0	328	182	197	116	981	2159	131	264	334	188	1198	680	1116	31432	9505	0.110	
C:\Data\CD166_19_(2020)_processed\CD166_19_S3\CD166_19_S3_REP2\XRF data\L000011.spe	40.75	8.06	1	0.010267	-0.009931	0.009900	0.077115	49424	1.72	121	977	0	0	1175	738	6611	45739	0	7641	323	825	3294	152949	319	554	398	60	51	368	891	3812	278	874	0	0	28	0	425	140	144	240	942	2238	168	326	229	302	972	527	1391	30942	9536	0.109	
C:\Data\CD166_19_(2020)_processed\CD166_19_S3\CD166_19_S3_REP2\XRF data\L000012.spe	41.75	8.06	1	0.010267	-0.009931	0.009900	0.077115	49269	1.59	127	1001	0	33	1205	702	6863	49111	0	7669	268	759	3644	148072	318	504	391	137	20	411	972	4675	185	806	0	0	8	0	363	130	204	165	925	2183	167	259	251	85	1073	626	1170	30780	9968	0.109	
C:\Data\CD166_19_(2020)_processed\CD166_19_S3\CD166_19_S3_REP2\XRF data\L000013.spe	42.75	8.05	1	0.010267	-0.009931	0.009900	0.077115	49059	1.64	105	994	0	17	1268	605	6671	65868	19	6719	204	689	2823	134391	257	431	350	156	0	591	931	5780	195	627	11	0	7	0	298	141	112	171	943	2314	82	271	340	14	857	541	1093	30986	10149	0.109	
C:\Data\CD166_19_(2020)_processed\CD166_19_S3\CD166_19_S3_REP2\XRF data\L000014.spe	43.75	8.06	1	0.010267	-0.009931	0.009900	0.077115	48508	1.69	121	931	0	19	1361	627	6687	65023	0	6571	303	675	3217	133260	344	488	409	177	29	500	820	5694	346	614	0	10	23	0	310	150	116	85	919	2449	239	251	157	291	949	541	998	30598	9877	0.108	
C:\Data\CD166_19_(2020)_processed\CD166_19_S3\CD166_19_S3_REP2\XRF data\L000015.spe	44.75	8.06	1	0.010267	-0.009931	0.009900	0.077115	49263	1.57	115	881	0	16	1432	717	6708	70565	0	6378	163	784	11337	129329	439	455	358	60	11	455	683	5593	204	613	0	37	23	0	331	141	182	52	1061	2439	139	244	224	480	924	528	1139	29539	9842	0.108	
C:\Data\CD166_19_(2020)_processed\CD166_19_S3\CD166_19_S3_REP2\XRF data\L000016.spe	45.75	8.05	1	0.010267	-0.009931	0.009900	0.077115	49876	1.67	120	938	0	16	1301	581	7079	65782	73	7030	183	752	5178	137345	227	459	396	119	64	496	993	5713	217	739	0	0	0	0	233	177	139	253	989	2278	148	188	320	164	896	672	854	31151	9912	0.110	
C:\Data\CD166_19_(2020)_processed\CD166_19_S3\CD166_19_S3_REP2\XRF data\L000017.spe	46.75	8.06	1	0.010267	-0.009931	0.009900	0.077115	52991	1.70	135	1104	0	6	1290	658	7506	44280	0	8684	341	846	4805	168722	412	536	456	175	43	462	973	4747	248	715	0	0	13	0	395	134	245	131	1073	2468	171	217	396	221	1251	628	1421	31961	9989	0.110	
C:\Data\CD166_19_(2020)_processed\CD166_19_S3\CD166_19_S3_REP2\XRF data\L000018.spe	47.75	8.06	1	0.010267	-0.009931	0.009900	0.077115	51124	1.61	118	1045	0	34	1331	538	7029	52732	0	7820	376	784	4765	152887	424	481	346	141	35	420	911	4726	100	729	53	0	48	0	326	145	153	61	997	2389	74	236	223	157	1149	617	1088	31833	9951	0.109	
C:\Data\CD166_19_(2020)_processed\CD166_19_S3\CD166_19_S3_REP2\XRF data\L000019.spe	48.75	8.04	1	0.010267	-0.009931	0.009900	0.077115	49520	1.61	115	942	0	25	1336	677	6827	66376	0	6789	287	780	3734	137439	391	536	361	106	0	465	658	5437	247	635	0	0	49	0	303	155	172	127	984	2361	109	284	281	337	1044	543	817	30358	9996	0.109	
C:\Data\CD166_19_(2020)_processed\CD166_19_S3\CD166_19_S3_REP2\XRF data\L000020.spe	49.75	8.03	1	0.010267	-0.009931	0.009900	0.077115	51207	1.71	176	1094	0	20	1319	551	7165	46929	0	8387	288	907	4272	161456	324	488	398	102	0	450	990	4589	250	898	5	0	53	0	391	140	196	145	959	2351	127	100	352	291	1200	660	1205	30209	10052	0.108	
C:\Data\CD166_19_(2020)_processed\CD166_19_S3\CD166_19_S3_REP2\XRF data\L000021.spe	50.75	8.04	1	0.010267	-0.009931	0.009900	0.077115	55194	1.66	129	1053	0	29	1399	595	7705	44106	0	9188	283	997	4768	178728	405	596	445	134	41	514	1160	4358	237	837	0	0	20	0	406	149	212	179	1003	2565	211	259	434	101	1357	723	974	33142	10367	0.111	
C:\Data\CD166_19_(2020)_processed\CD166_19_S3\CD166_19_S3_REP2\XRF data\L000022.spe	51.75	8.04	1	0.010267	-0.009931	0.009900	0.077115	55024	1.70	114	1077	0	0	1439	678	7626	37033	0	9309	353	1037	7066	181905	422	613	509	118	111	509	1011	4166	232	948	0	0	21	0	337	139	232	157	1099	2268	98	184	355	66	1304	701	1132	32292	10420	0.111	
C:\Data\CD166_19_(2020)_processed\CD166_19_S3\CD166_19_S3_REP2\XRF data\L000023.spe	52.75	8.05	1	0.010267	-0.009931	0.009900	0.077115	55455	1.73	150	1053	0	22	1365	640	7613	32702	0	9647	344	944	8407	186620	449	614	552	156	131	514	1088	4025	152	907	0	0	0	0	433	155	272	119	1111	2505	168	178	433	171	1451	721	1209	32225	10246	0.110	
C:\Data\CD166_19_(2020)_processed\CD166_19_S3\CD166_19_S3_REP2\XRF data\L000024.spe	53.75	8.05	1	0.010267	-0.009931	0.009900	0.077115	55061	1.64	170	1064	0	0	1441	645	7949	31472	0	9729	426	989	4097	188094	390	549	423	116	66	562	1042	4168	154	832	0	0	8	0	438	185	191	115	1105	2414	198	198	517	262	1552	682	861	32589	9922	0.110	
C:\Data\CD166_19_(2020)_processed\CD166_19_S3\CD166_19_S3_REP2\XRF data\L000025.spe	54.75	8.05	1	0.010267	-0.009931	0.009900	0.077115	55062	1.80	147	978	0	14	1448	638	7475	36927	0	9445	333	979	4419	184392	324	512	489	154	41	529	1053	5040	162	683	0	0	0	0	462	174	236	180	1078	2556	180	188	499	97	1468	656	1064	32289	10268	0.111	
C:\Data\CD166_19_(2020)_processed\CD166_19_S3\CD166_19_S3_REP2\XRF data\L000026.spe	55.75	8.05	1	0.010267	-0.009931	0.009900	0.077115	56851	1.69	151	1093	0	55	1425	564	7673	34843	0	9852	489	978	4324	193139	383	547	527	90	52	546	1108	3996	180	930	5	0	58	0	462	206	265	154	1180	2426	232	259	471	55	1390	802	1254	32949	10600	0.113	
C:\Data\CD166_19_(2020)_processed\CD166_19_S3\CD166_19_S3_REP2\XRF data\L000027.spe	56.75	8.05	1	0.010267	-0.009931	0.009900	0.077115	57515	1.73	116	1079	0	30	1459	607	7706	31424	29	10066	441	1062	4667	199268	392	593	490	140	0	526	971	3614	207	890	0	0	0	0	507	175	295	139	1160	2522	196	227	485	429	1287	885	1757	33563	10040	0.112	
C:\Data\CD166_19_(2020)_processed\CD166_19_S3\CD166_19_S3_REP2\XRF data\L000028.spe	57.75	8.05	1	0.010267	-0.009931	0.009900	0.077115	55541	1.68	128	988	0	31	1528	625	7286	36377	0	9595	287	1043	7271	181437	452	626	442	75	0	436	968	4083	254	1012	0	0	21	0	361	187	202	156	1145	2430	71	204	357	200	1340	691	1554	33178	10483	0.112	
C:\Data\CD166_19_(2020)_processed\CD166_19_S3\CD166_19_S3_REP2\XRF data\L000029.spe	58.75	8.04	1	0.010267	-0.009931	0.009900	0.077115	55157	1.77	131	1060	0	24	1451	570	7576	34291	8	9748	432	1038	5349	179650	393	472	391	7	0	472	1262	4647	240	972	22	0	49	0	460	190	215	143	1112	2453	26	230	408	57	1301	674	1158	33096	10625	0.113	
C:\Data\CD166_19_(2020)_processed\CD166_19_S3\CD166_19_S3_REP2\XRF data\L000030.spe	59.75	8.04	1	0.010267	-0.009931	0.009900	0.077115	56246	1.77	151	1103	0	4	1409	606	7928	31800	0	10090	332	1058	3988	188182	420	635	539	189	0	619	1133	4508	236	897	0	0	0	0	394	221	229	0	1008	2700	168	329	457	25	1419	707	1052	33920	10727	0.114	
C:\Data\CD166_19_(2020)_processed\CD166_19_S3\CD166_19_S3_REP2\XRF data\L000031.spe	60.75	8.04	1	0.010267	-0.009931	0.009900	0.077115	58086	1.72	147	1109	0	53	1423	673	7891	26760	0	10280	473	1008	6071	200409	413	629	504	193	62	419	1060	3524	121	1087	0	0	20	0	538	185	280	218	1136	2298	113	222	617	424	1420	767	1749	34699	10396	0.114	
C:\Data\CD166_19_(2020)_processed\CD166_19_S3\CD166_19_S3_REP2\XRF data\L000032.spe	61.75	8.05	1	0.010267	-0.009931	0.009900	0.077115	59227	1.88	141	1172	0	27	1499	654	7859	29578	0	10413	307	1031	4904	202573	414	611	468	213	50	613	1255	3553	330	1080	0	0	58	0	489	210	243	216	1117	2463	211	247	437	147	1327	805	1468	35416	10815	0.116	
C:\Data\CD166_19_(2020)_processed\CD166_19_S3\CD166_19_S3_REP2\XRF data\L000033.spe	62.75	8.04	1	0.010267	-0.009931	0.009900	0.077115	62844	1.80	174	1340	0	15	1539	632	8626	33824	0	11050	380	1063	4489	216078	406	614	454	124	75	619	1238	4099	206	1103	0	0	0	0	553	180	262	256	1156	2532	236	291	385	362	1659	781	1097	37100	11460	0.118	
C:\Data\CD166_19_(2020)_processed\CD166_19_S3\CD166_19_S3_REP2\XRF data\L000034.spe	63.75	8.02	1	0.010267	-0.009931	0.009900	0.077115	63077	1.81	163	1330	0	36	1594	639	8853	42399	0	10725	382	1041	5626	210544	422	668	483	114	97	609	1262	4240	220	991	0	0	0	0	546	158	263	212	1224	2666	153	267	533	252	1476	733	1481	37525	11232	0.117	
C:\Data\CD166_19_(2020)_processed\CD166_19_S3\CD166_19_S3_REP2\XRF data\L000035.spe	64.75	8.01	1	0.010267	-0.009931	0.009900	0.077115	58665	1.83	105	1121	0	34	1504	601	7792	40294	0	9811	475	1017	5030	197093	337	596	418	294	74	530	1014	3542	144	988	0	0	0	0	488	198	210	203	1083	2398	125	268	518	223	1343	752	1288	34103	10484	0.113	
C:\Data\CD166_19_(2020)_processed\CD166_19_S3\CD166_19_S3_REP2\XRF data\L000036.spe	65.75	7.98	1	0.010267	-0.009931	0.009900	0.077115	56955	1.74	140	1110	0	17	1381	610	7700	37810	0	9713	462	1020	4584	191824	327	567	487	83	0	589	962	3718	115	966	32	0	25	0	389	155	216	165	1082	2419	132	206	309	559	1375	710	1278	33817	10279	0.112	
C:\Data\CD166_19_(2020)_processed\CD166_19_S3\CD166_19_S3_REP2\XRF data\L000037.spe	66.75	7.98	1	0.010267	-0.009931	0.009900	0.077115	55802	1.69	126	953	0	14	1454	603	6980	45561	0	9130	527	1024	5888	179232	377	642	400	90	0	557	1074	4224	274	857	0	0	11	0	336	188	218	233	1129	2513	159	230	376	135	1230	748	1427	33587	10408	0.112	
C:\Data\CD166_19_(2020)_processed\CD166_19_S3\CD166_19_S3_REP2\XRF data\L000038.spe	67.75	7.98	1	0.010267	-0.009931	0.009900	0.077115	55783	1.73	132	1055	0	8	1440	608	7413	32004	0	9320	437	986	6344	186452	316	643	491	117	54	486	876	4421	185	905	0	0	0	0	452	184	272	268	1154	2518	157	218	352	421	1404	705	1183	33315	10149	0.113	
C:\Data\CD166_19_(2020)_processed\CD166_19_S3\CD166_19_S3_REP2\XRF data\L000039.spe	68.75	7.97	1	0.010267	-0.009931	0.009900	0.077115	55601	1.73	164	1069	0	32	1399	533	7344	37910	0	9532	331	948	6124	181154	443	572	435	134	86	539	938	4934	228	1034	9	0	44	0	419	170	236	101	1049	2574	98	194	334	372	1414	778	1047	32134	10343	0.112	
C:\Data\CD166_19_(2020)_processed\CD166_19_S3\CD166_19_S3_REP2\XRF data\L000040.spe	69.75	7.97	1	0.010267	-0.009931	0.009900	0.077115	56477	1.82	123	1100	0	26	1489	538	7263	43976	0	9321	358	1039	11673	176269	713	630	501	37	87	573	906	5415	161	880	0	0	70	0	377	179	226	43	1081	2487	144	223	507	313	1401	619	1007	33406	10382	0.113	
C:\Data\CD166_19_(2020)_processed\CD166_19_S3\CD166_19_S3_REP2\XRF data\L000041.spe	70.75	7.97	1	0.010267	-0.009931	0.009900	0.077115	55796	1.61	156	970	0	5	1499	590	6910	67047	0	8368	261	915	4989	166192	371	571	449	149	101	507	979	5824	171	860	0	8	35	0	384	182	178	155	1061	2537	191	141	304	78	1108	702	1276	32144	10729	0.112	
C:\Data\CD166_19_(2020)_processed\CD166_19_S3\CD166_19_S3_REP2\XRF data\L000042.spe	71.75	7.96	1	0.010267	-0.009931	0.009900	0.077115	53898	1.73	140	1027	0	39	1474	517	6687	63207	0	7881	383	847	8850	156379	551	543	346	97	65	546	821	5771	280	771	40	0	12	0	238	141	164	54	1148	2468	96	190	356	367	1278	656	1138	31946	10674	0.111	
C:\Data\CD166_19_(2020)_processed\CD166_19_S3\CD166_19_S3_REP2\XRF data\L000043.spe	72.75	7.97	1	0.010267	-0.009931	0.009900	0.077115	54586	1.65	122	953	0	30	1442	548	7005	48741	0	8588	358	844	4554	171459	424	532	477	180	29	592	861	5213	129	879	16	0	12	0	357	170	183	197	1109	2454	213	245	416	294	1282	756	1139	32818	10471	0.112	
C:\Data\CD166_19_(2020)_processed\CD166_19_S3\CD166_19_S3_REP2\XRF data\L000044.spe	73.75	7.97	1	0.010267	-0.009931	0.009900	0.077115	57412	1.75	149	1055	0	40	1398	548	7461	29144	0	10185	429	980	6220	196626	426	588	548	279	0	515	1236	3830	131	948	0	0	33	0	414	202	233	149	1161	2499	94	225	460	0	1461	763	1240	33993	10610	0.113	
C:\Data\CD166_19_(2020)_processed\CD166_19_S3\CD166_19_S3_REP2\XRF data\L000045.spe	74.75	7.98	1	0.010267	-0.009931	0.009900	0.077115	57232	1.73	148	1169	0	34	1422	492	7464	24572	0	10516	551	1128	4801	198698	427	643	503	203	38	504	1041	3451	281	918	12	0	37	0	479	180	242	36	978	2497	176	199	441	373	1420	722	1748	34409	10508	0.113	
C:\Data\CD166_19_(2020)_processed\CD166_19_S3\CD166_19_S3_REP2\XRF data\L000046.spe	75.75	7.98	1	0.010267	-0.009931	0.009900	0.077115	57526	1.64	141	1139	0	35	1412	622	7518	21136	0	10977	479	1029	4371	202832	403	568	400	213	0	572	1057	3412	274	1061	0	0	0	0	496	238	189	107	1078	2484	195	249	442	384	1379	847	1566	34494	10730	0.114	
C:\Data\CD166_19_(2020)_processed\CD166_19_S3\CD166_19_S3_REP2\XRF data\L000047.spe	76.75	7.98	1	0.010267	-0.009931	0.009900	0.077115	56568	1.79	144	1119	0	37	1394	517	7397	26998	0	10116	416	1013	3767	194059	452	628	524	171	93	597	990	3637	213	991	17	0	31	0	435	209	253	54	1077	2634	149	278	459	357	1424	709	1188	34092	10221	0.113	
C:\Data\CD166_19_(2020)_processed\CD166_19_S3\CD166_19_S3_REP2\XRF data\L000048.spe	77.75	7.98	1	0.010267	-0.009931	0.009900	0.077115	56686	1.74	123	1129	0	0	1407	478	7256	27734	0	9854	414	1062	3584	194862	373	633	557	108	0	569	1091	3764	205	954	0	0	34	0	441	194	215	151	1080	2530	200	224	345	149	1371	845	1294	34688	10577	0.113	
C:\Data\CD166_19_(2020)_processed\CD166_19_S3\CD166_19_S3_REP2\XRF data\L000049.spe	78.75	7.98	1	0.010267	-0.009931	0.009900	0.077115	56525	1.83	112	1078	0	15	1449	635	7400	28366	0	10191	400	1036	3617	194609	397	563	444	68	107	511	1084	4041	161	1015	0	0	0	0	425	136	239	85	1198	2458	184	230	499	298	1318	761	1333	33299	10308	0.112	
C:\Data\CD166_19_(2020)_processed\CD166_19_S3\CD166_19_S3_REP2\XRF data\L000050.spe	79.75	7.98	1	0.010267	-0.009931	0.009900	0.077115	54591	1.76	143	962	0	18	1519	575	7228	56654	16	8627	315	871	2828	164520	359	520	490	54	54	542	830	5173	318	697	9	0	21	0	374	161	143	120	1117	2503	46	194	498	386	1114	661	1184	33505	10377	0.113	
C:\Data\CD166_19_(2020)_processed\CD166_19_S3\CD166_19_S3_REP2\XRF data\L000051.spe	80.75	7.98	1	0.010267	-0.009931	0.009900	0.077115	54399	1.73	136	1028	0	39	1435	588	7236	59049	0	8432	347	902	2869	162211	401	572	503	167	17	565	841	5413	197	834	21	0	21	0	316	175	173	43	1042	2522	130	287	323	322	1229	629	960	32946	10298	0.113	
C:\Data\CD166_19_(2020)_processed\CD166_19_S3\CD166_19_S3_REP2\XRF data\L000052.spe	81.75	7.98	1	0.010267	-0.009931	0.009900	0.077115	54870	1.63	134	1098	0	14	1412	583	6983	55468	0	8694	364	886	4139	165178	456	588	383	128	0	608	1018	4912	111	841	22	0	55	0	379	161	206	0	1079	2580	107	140	339	267	1093	638	1176	33528	10609	0.113	
C:\Data\CD166_19_(2020)_processed\CD166_19_S3\CD166_19_S3_REP2\XRF data\L000053.spe	82.75	7.98	1	0.010267	-0.009931	0.009900	0.077115	55823	1.77	151	1087	0	22	1430	607	7047	38242	0	9907	380	1087	3305	184440	354	580	456	51	0	596	1046	4406	141	764	0	0	48	0	444	195	220	174	1161	2446	179	263	327	99	1209	772	1328	33631	10068	0.113	
C:\Data\CD166_19_(2020)_processed\CD166_19_S3\CD166_19_S3_REP2\XRF data\L000054.spe	83.75	7.98	1	0.010267	-0.009931	0.009900	0.077115	54925	1.64	121	1151	0	40	1478	545	6925	50621	0	9457	355	882	3212	172933	395	479	394	151	0	526	939	5205	273	787	0	6	46	0	365	148	185	75	1069	2532	62	169	417	190	1109	669	1349	32975	10600	0.111	
C:\Data\CD166_19_(2020)_processed\CD166_19_S3\CD166_19_S3_REP2\XRF data\L000055.spe	84.75	7.98	1	0.010267	-0.009931	0.009900	0.077115	53993	1.65	142	1034	0	7	1470	618	6551	63739	0	8663	266	923	2851	158613	309	482	443	127	15	606	916	5450	149	866	5	0	39	0	305	136	160	144	1161	2517	81	284	313	145	1099	676	1219	32894	10475	0.112	
C:\Data\CD166_19_(2020)_processed\CD166_19_S3\CD166_19_S3_REP2\XRF data\L000056.spe	85.75	7.99	1	0.010267	-0.009931	0.009900	0.077115	55019	1.69	169	1133	0	10	1406	575	6942	54531	0	9218	348	1000	3182	170902	418	646	524	186	0	578	867	5255	171	638	14	0	68	0	374	178	228	170	1114	2477	288	276	104	214	1321	702	963	33098	10269	0.112	
C:\Data\CD166_19_(2020)_processed\CD166_19_S3\CD166_19_S3_REP2\XRF data\L000057.spe	86.75	7.99	1	0.010267	-0.009931	0.009900	0.077115	54290	1.68	148	1071	0	16	1389	557	6776	51648	0	9572	319	975	3191	169632	381	626	456	131	25	613	696	5262	266	807	0	0	18	0	330	172	151	175	1024	2455	118	217	379	358	1267	596	1161	32339	10438	0.110	
C:\Data\CD166_19_(2020)_processed\CD166_19_S3\CD166_19_S3_REP2\XRF data\L000058.spe	87.75	7.99	1	0.010267	-0.009931	0.009900	0.077115	53561	1.69	90	1016	0	10	1403	598	6635	57825	0	8785	298	909	2833	162694	353	514	485	102	0	448	861	5108	236	838	0	0	40	0	370	111	219	164	1197	2508	108	258	427	256	1196	783	1244	32434	10133	0.111	
C:\Data\CD166_19_(2020)_processed\CD166_19_S3\CD166_19_S3_REP2\XRF data\L000059.spe	88.75	7.99	1	0.010267	-0.009931	0.009900	0.077115	53495	1.68	143	980	0	0	1415	599	6553	47746	0	9234	393	858	2944	173275	296	517	334	120	69	485	965	4496	163	797	0	0	0	0	323	152	137	233	1127	2357	198	198	475	70	1218	713	1177	31398	9773	0.110	
C:\Data\CD166_19_(2020)_processed\CD166_19_S3\CD166_19_S3_REP2\XRF data\L000060.spe	89.75	7.99	1	0.010267	-0.009931	0.009900	0.077115	53819	1.70	125	978	0	0	1279	537	6764	38270	0	9530	300	929	3273	176909	367	629	433	137	36	515	897	4618	149	864	47	0	0	0	362	161	218	154	1165	2440	108	227	451	248	1084	709	1537	32810	10027	0.111	
C:\Data\CD166_19_(2020)_processed\CD166_19_S3\CD166_19_S3_REP2\XRF data\L000061.spe	90.75	8.00	1	0.010267	-0.009931	0.009900	0.077115	54696	1.75	159	1032	0	0	1441	506	7071	38109	0	9478	380	887	3494	180498	427	589	486	193	32	561	830	4507	203	919	28	0	23	0	394	170	199	85	1039	2410	159	289	320	338	1116	782	1315	33208	10293	0.111	
C:\Data\CD166_19_(2020)_processed\CD166_19_S3\CD166_19_S3_REP2\XRF data\L000062.spe	91.75	8.01	1	0.010267	-0.009931	0.009900	0.077115	53181	1.72	113	967	0	4	1346	667	6623	39509	42	9542	394	1034	4986	172756	397	663	332	105	0	506	908	4640	222	861	16	9	70	0	373	169	249	217	1030	2279	231	223	327	201	1384	689	1014	31878	10166	0.111	
C:\Data\CD166_19_(2020)_processed\CD166_19_S3\CD166_19_S3_REP2\XRF data\L000063.spe	92.75	8.01	1	0.010267	-0.009931	0.009900	0.077115	54985	1.72	83	959	0	22	1444	578	6682	48096	0	9179	381	875	9355	171472	445	616	378	96	0	495	926	5170	147	799	9	0	9	0	390	125	275	176	1094	2566	228	216	301	78	1297	654	1349	32333	10318	0.111	
C:\Data\CD166_19_(2020)_processed\CD166_19_S3\CD166_19_S3_REP2\XRF data\L000064.spe	93.75	8.01	1	0.010267	-0.009931	0.009900	0.077115	52816	1.63	117	959	0	18	1543	557	6869	60932	0	8409	316	834	3496	156847	317	526	442	154	62	519	877	5905	312	753	23	0	71	0	315	195	162	127	1056	2551	115	283	452	203	1188	652	1085	31431	10177	0.110	
C:\Data\CD166_19_(2020)_processed\CD166_19_S3\CD166_19_S3_REP2\XRF data\L000065.spe	94.75	8.02	1	0.010267	-0.009931	0.009900	0.077115	53490	1.59	150	895	0	40	1587	676	6434	71188	0	8149	396	851	3288	152578	329	457	399	63	0	484	919	6341	285	771	0	0	61	0	315	131	207	141	994	2414	100	168	347	98	1030	700	1307	32719	10538	0.111	
C:\Data\CD166_19_(2020)_processed\CD166_19_S3\CD166_19_S3_REP2\XRF data\L000066.spe	95.75	8.02	1	0.010267	-0.009931	0.009900	0.077115	53956	1.65	135	936	0	0	1692	630	6573	59415	0	8465	368	872	3212	161123	296	521	399	172	0	645	963	5622	248	817	0	18	38	0	301	95	236	203	1043	2516	142	185	341	45	875	650	1551	32881	10312	0.112	
C:\Data\CD166_19_(2020)_processed\CD166_19_S3\CD166_19_S3_REP2\XRF data\L000067.spe	96.75	8.02	1	0.010267	-0.009931	0.009900	0.077115	53882	1.62	104	926	0	30	1608	601	6662	60027	0	8587	360	817	2850	160974	243	403	329	0	85	536	703	5855	41	562	13	0	72	0	329	172	192	218	1169	2460	80	228	406	275	1129	647	1090	32515	10422	0.112	
C:\Data\CD166_19_(2020)_processed\CD166_19_S3\CD166_19_S3_REP2\XRF data\L000068.spe	97.75	8.01	1	0.010267	-0.009931	0.009900	0.077115	52952	1.73	159	921	0	14	1749	564	6587	65850	0	8096	346	823	2509	151553	417	515	360	111	21	526	835	6372	216	824	33	0	44	0	274	156	154	98	1100	2570	195	204	477	179	1111	676	1120	32564	10699	0.111	
C:\Data\CD166_19_(2020)_processed\CD166_19_S3\CD166_19_S3_REP2\XRF data\L000069.spe	98.75	8.02	1	0.010267	-0.009931	0.009900	0.077115	53877	1.61	125	848	0	10	1693	665	6357	66813	61	8373	414	821	2620	156759	245	560	441	0	43	506	719	5945	239	720	0	10	0	0	304	138	187	306	1087	2401	123	249	309	298	1141	550	1073	32639	10426	0.112	
C:\Data\CD166_19_(2020)_processed\CD166_19_S3\CD166_19_S3_REP2\XRF data\L000070.spe	99.75	8.02	1	0.010267	-0.009931	0.009900	0.077115	53483	1.68	143	857	0	20	1702	688	6334	54647	0	8492	401	836	2781	164333	284	526	379	111	0	538	672	5136	199	779	0	0	45	0	368	104	195	141	1101	2491	209	232	291	226	985	714	1522	32585	10277	0.111	
C:\Data\CD166_19_(2020)_processed\CD166_19_S3\CD166_19_S3_REP2\XRF data\L000071.spe	100.75	8.02	1	0.010267	-0.009931	0.009900	0.077115	51177	1.56	109	800	0	5	1644	635	5903	80885	0	7667	224	858	2393	138169	286	478	334	78	98	501	681	6102	143	715	18	0	22	0	242	163	202	247	1127	2436	118	192	183	208	1020	584	1087	31304	10022	0.109	
C:\Data\CD166_19_(2020)_processed\CD166_19_S3\CD166_19_S3_REP2\XRF data\L000072.spe	101.75	8.02	1	0.010267	-0.009931	0.009900	0.077115	50284	1.63	106	764	0	0	1650	665	5374	126930	0	5665	201	598	2106	103729	222	320	262	108	26	603	424	7663	227	463	31	33	96	0	181	104	107	308	947	2464	52	149	200	338	786	402	835	31163	10139	0.109	
C:\Data\CD166_19_(2020)_processed\CD166_19_S3\CD166_19_S3_REP2\XRF data\L000073.spe	102.75	8.01	1	0.010267	-0.009931	0.009900	0.077115	49984	1.53	130	618	0	15	1641	602	5033	141383	0	4788	98	620	1797	92805	201	427	299	50	0	499	539	7852	152	515	24	39	125	0	128	119	126	363	976	2489	95	110	196	140	653	460	769	31372	10665	0.110	
C:\Data\CD166_19_(2020)_processed\CD166_19_S3\CD166_19_S3_REP2\XRF data\L000074.spe	103.75	8.02	1	0.010267	-0.009931	0.009900	0.077115	50972	1.63	100	721	0	20	1620	673	5577	120576	0	5705	231	595	1981	110244	218	479	296	19	100	563	651	7134	166	806	23	68	65	0	199	108	148	273	955	2363	182	221	276	259	620	406	1017	31528	10478	0.110	
C:\Data\CD166_19_(2020)_processed\CD166_19_S3\CD166_19_S3_REP2\XRF data\L000075.spe	104.75	8.03	1	0.010267	-0.009931	0.009900	0.077115	51897	1.52	97	772	0	0	1715	696	5715	114388	0	6219	274	637	1952	118388	255	518	317	105	25	498	747	7357	24	662	0	7	10	0	175	108	138	245	886	2610	111	202	233	89	923	457	831	31662	10451	0.110	
C:\Data\CD166_19_(2020)_processed\CD166_19_S3\CD166_19_S3_REP2\XRF data\L000076.spe	105.75	8.03	1	0.010267	-0.009931	0.009900	0.077115	52289	1.57	79	796	0	26	1568	637	5993	103192	0	6789	227	705	2089	127188	201	444	298	111	30	602	545	6871	322	674	15	20	83	0	217	130	136	307	978	2446	156	216	275	483	829	451	1111	32506	10466	0.110	
C:\Data\CD166_19_(2020)_processed\CD166_19_S3\CD166_19_S3_REP2\XRF data\L000077.spe	106.75	8.03	1	0.010267	-0.009931	0.009900	0.077115	51363	1.64	90	833	0	32	1599	693	5840	94332	0	6890	225	808	2049	125749	191	443	301	116	0	626	533	7150	185	678	0	13	87	0	195	122	154	356	1009	2574	101	263	192	479	867	474	832	31814	10465	0.110	
C:\Data\CD166_19_(2020)_processed\CD166_19_S3\CD166_19_S3_REP2\XRF data\L000078.spe	107.75	8.03	1	0.010267	-0.009931	0.009900	0.077115	51151	1.65	117	901	0	35	1631	653	5895	91355	71	6920	315	693	2644	126163	353	395	336	87	54	576	833	6782	164	567	0	42	68	0	235	130	138	133	1069	2597	206	275	202	248	1027	516	747	31925	10312	0.111	
C:\Data\CD166_19_(2020)_processed\CD166_19_S3\CD166_19_S3_REP2\XRF data\L000079.spe	108.75	8.03	1	0.010267	-0.009931	0.009900	0.077115	51309	1.65	123	914	0	17	1529	623	6075	86953	0	7289	228	769	2162	132041	230	452	318	146	52	598	775	6536	207	641	8	32	67	0	186	143	122	219	1028	2541	213	265	250	151	906	530	828	31900	10064	0.110	
C:\Data\CD166_19_(2020)_processed\CD166_19_S3\CD166_19_S3_REP2\XRF data\L000080.spe	109.75	8.03	1	0.010267	-0.009931	0.009900	0.077115	50663	1.67	124	928	0	40	1496	633	6168	90398	5	7369	218	748	2090	127086	220	384	305	20	55	476	557	7236	178	458	42	15	118	0	290	133	118	249	1084	2408	146	197	349	338	866	553	936	30726	10194	0.110	
C:\Data\CD166_19_(2020)_processed\CD166_19_S3\CD166_19_S3_REP2\XRF data\L000081.spe	110.75	8.03	1	0.010267	-0.009931	0.009900	0.077115	50669	1.74	131	967	0	0	1501	656	6311	96378	79	7319	183	757	1895	121928	253	503	323	121	47	391	671	7960	142	590	0	19	23	0	229	146	88	246	936	2457	67	120	154	78	1097	519	527	31756	10450	0.110	
C:\Data\CD166_19_(2020)_processed\CD166_19_S3\CD166_19_S3_REP2\XRF data\L000082.spe	111.75	8.03	1	0.010267	-0.009931	0.009900	0.077115	52813	1.66	137	962	0	21	1554	584	6351	84341	0	7890	269	780	2276	140062	194	487	331	165	51	609	636	7238	319	547	30	0	47	0	274	123	142	311	1068	2507	70	206	250	297	1012	561	1011	32671	10491	0.111	
C:\Data\CD166_19_(2020)_processed\CD166_19_S3\CD166_19_S3_REP2\XRF data\L000083.spe	112.75	8.03	1	0.010267	-0.009931	0.009900	0.077115	53373	1.64	133	935	0	14	1629	748	6411	65241	0	8122	345	858	2564	155982	223	585	390	70	142	607	847	5772	302	696	0	0	55	0	270	114	214	294	1089	2369	192	266	306	170	1053	673	1237	32925	9943	0.111	
C:\Data\CD166_19_(2020)_processed\CD166_19_S3\CD166_19_S3_REP2\XRF data\L000084.spe	113.75	8.04	1	0.010267	-0.009931	0.009900	0.077115	52106	1.57	145	795	0	39	1586	651	5943	78257	0	7611	342	757	2409	143922	323	534	382	96	49	463	682	6041	132	702	0	16	44	0	272	124	172	197	1016	2559	132	291	244	375	1064	594	1002	31306	10124	0.110	
C:\Data\CD166_19_(2020)_processed\CD166_19_S3\CD166_19_S3_REP2\XRF data\L000085.spe	114.75	8.03	1	0.010267	-0.009931	0.009900	0.077115	52183	1.54	100	953	0	17	1556	723	6082	85149	0	7730	303	771	2366	138617	275	471	377	133	58	531	605	7291	258	690	0	0	45	0	251	142	147	226	922	2422	189	265	181	218	1122	587	782	31697	10378	0.110	
C:\Data\CD166_19_(2020)_processed\CD166_19_S3\CD166_19_S3_REP2\XRF data\L000086.spe	115.75	8.03	1	0.010267	-0.009931	0.009900	0.077115	52922	1.76	130	944	0	45	1427	682	6612	72441	0	8152	311	827	2757	149778	317	539	411	132	50	613	794	6366	149	750	11	0	109	0	304	171	162	172	1021	2531	152	285	450	328	1134	585	883	32023	10192	0.111	
C:\Data\CD166_19_(2020)_processed\CD166_19_S3\CD166_19_S3_REP2\XRF data\L000087.spe	116.75	8.03	1	0.010267	-0.009931	0.009900	0.077115	51375	1.65	106	949	0	27	1527	684	5939	92436	0	6864	237	733	2657	129055	196	485	330	134	47	601	629	7195	110	684	50	0	43	0	236	125	127	245	1003	2489	173	263	177	151	1063	387	806	30810	10252	0.110	
C:\Data\CD166_19_(2020)_processed\CD166_19_S3\CD166_19_S3_REP2\XRF data\L000088.spe	117.75	8.03	1	0.010267	-0.009931	0.009900	0.077115	50862	1.69	77	862	0	44	1527	746	5940	99084	0	6484	258	625	2386	123422	253	504	346	73	30	527	542	7509	310	576	0	25	31	0	251	104	165	254	978	2520	108	257	180	310	842	520	1052	31026	10399	0.109	
C:\Data\CD166_19_(2020)_processed\CD166_19_S3\CD166_19_S3_REP2\XRF data\L000089.spe	118.75	8.03	1	0.010267	-0.009931	0.009900	0.077115	50264	1.79	147	858	0	39	1494	696	6342	85213	0	7175	251	750	2350	129384	220	522	313	86	69	597	557	7848	201	585	18	0	0	0	256	156	113	271	1051	2421	155	149	337	58	1045	541	692	30586	10061	0.109	
C:\Data\CD166_19_(2020)_processed\CD166_19_S3\CD166_19_S3_REP2\XRF data\L000090.spe	119.75	8.03	1	0.010267	-0.009931	0.009900	0.077115	50633	1.65	67	860	0	6	1579	725	5902	101510	5	6612	224	718	2547	121064	206	395	267	77	99	582	498	7796	226	624	17	10	20	0	237	124	96	244	972	2385	140	170	205	297	960	532	616	30698	10373	0.108	
C:\Data\CD166_19_(2020)_processed\CD166_19_S3\CD166_19_S3_REP2\XRF data\L000091.spe	120.75	8.03	1	0.010267	-0.009931	0.009900	0.077115	50064	1.76	90	802	0	44	1573	736	5510	98037	6	6562	196	686	2473	122566	165	425	321	0	11	461	650	7645	133	631	7	5	18	0	177	105	96	364	979	2365	11	179	262	91	820	502	844	30055	10092	0.108	
C:\Data\CD166_19_(2020)_processed\CD166_19_S3\CD166_19_S3_REP2\XRF data\L000092.spe	121.75	8.02	1	0.010267	-0.009931	0.009900	0.077115	49636	1.64	92	811	0	66	1569	738	5470	107617	65	6448	152	759	2004	114957	333	509	369	97	179	409	676	8077	299	564	7	29	47	0	173	107	83	180	954	2436	172	96	279	80	873	537	949	29763	10016	0.108	
C:\Data\CD166_19_(2020)_processed\CD166_19_S3\CD166_19_S3_REP2\XRF data\L000093.spe	122.75	8.03	1	0.010267	-0.009931	0.009900	0.077115	50349	1.76	138	767	0	25	1574	701	5394	103967	0	6773	178	650	2052	121735	224	401	415	102	35	476	502	8156	155	484	0	0	43	0	133	80	162	292	980	2471	68	157	170	239	990	528	668	29584	10089	0.108	
C:\Data\CD166_19_(2020)_processed\CD166_19_S3\CD166_19_S3_REP2\XRF data\L000094.spe	123.75	8.03	1	0.010267	-0.009931	0.009900	0.077115	50344	1.71	109	832	0	35	1573	671	5455	108053	51	6718	241	750	2375	118744	109	490	402	113	57	493	536	8466	135	540	27	41	23	0	150	106	114	446	965	2458	152	261	101	125	892	459	932	29077	10110	0.107	
C:\Data\CD166_19_(2020)_processed\CD166_19_S3\CD166_19_S3_REP2\XRF data\L000095.spe	124.75	8.03	1	0.010267	-0.009931	0.009900	0.077115	49330	1.63	136	762	0	58	1626	719	5296	114500	0	6040	213	701	2095	108966	226	453	380	101	0	573	367	8631	115	510	18	17	86	0	120	134	94	239	967	2497	125	186	278	170	845	456	742	29762	9973	0.107	
C:\Data\CD166_19_(2020)_processed\CD166_19_S3\CD166_19_S3_REP2\XRF data\L000096.spe	125.75	8.03	1	0.010267	-0.009931	0.009900	0.077115	49972	1.65	112	782	0	0	1662	743	5330	115852	0	6357	239	642	1904	112520	93	405	307	79	35	519	332	8723	206	529	0	26	69	0	159	64	115	392	993	2404	136	130	151	315	765	473	808	29897	10126	0.106	
C:\Data\CD166_19_(2020)_processed\CD166_19_S3\CD166_19_S3_REP2\XRF data\L000097.spe	126.75	8.03	1	0.010267	-0.009931	0.009900	0.077115	49365	1.74	119	722	0	40	1679	829	4977	124467	0	5759	258	573	1862	105427	300	387	295	64	123	514	403	8877	162	392	8	41	68	0	137	122	102	196	888	2491	200	176	89	92	821	519	624	29589	10395	0.106	
C:\Data\CD166_19_(2020)_processed\CD166_19_S3\CD166_19_S3_REP2\XRF data\L000098.spe	127.75	8.03	1	0.010267	-0.009931	0.009900	0.077115	49237	1.63	105	648	0	0	1737	766	4591	135384	0	5468	212	553	1757	100078	119	395	251	12	85	456	405	9264	237	438	57	52	98	0	88	123	103	406	908	2320	102	87	122	166	853	366	572	28983	10202	0.105	
C:\Data\CD166_19_(2020)_processed\CD166_19_S3\CD166_19_S3_REP2\XRF data\L000099.spe	128.75	8.03	1	0.010267	-0.009931	0.009900	0.077115	50187	1.70	96	709	0	0	1627	656	4702	144392	0	5647	169	674	1640	99839	175	328	267	80	0	498	403	9413	240	631	25	0	52	0	133	94	80	329	924	2473	39	139	116	145	735	395	678	29258	10357	0.106	
C:\Data\CD166_19_(2020)_processed\CD166_19_S3\CD166_19_S3_REP2\XRF data\L000100.spe	129.75	8.03	1	0.010267	-0.009931	0.009900	0.077115	49741	1.68	88	635	0	18	1715	737	4874	131289	0	5944	170	654	1903	104269	257	397	327	134	0	537	443	8648	234	672	7	16	17	0	147	90	68	236	857	2469	156	197	178	173	842	462	597	29550	10384	0.106	
C:\Data\CD166_19_(2020)_processed\CD166_19_S3\CD166_19_S3_REP2\XRF data\L000101.spe	130.75	8.03	1	0.010267	-0.009931	0.009900	0.077115	50035	1.65	121	736	0	25	1645	752	4883	122254	0	6712	172	770	1804	111997	214	460	359	49	14	505	464	8881	215	368	0	43	66	0	179	78	124	249	881	2365	140	209	188	219	864	448	727	28754	10056	0.106	
C:\Data\CD166_19_(2020)_processed\CD166_19_S3\CD166_19_S3_REP2\XRF data\L000102.spe	131.75	8.03	1	0.010267	-0.009931	0.009900	0.077115	49323	1.68	120	661	0	0	1654	794	4380	147900	0	5919	158	520	1505	93809	184	371	240	96	25	435	187	9552	180	289	22	14	77	0	38	60	56	400	967	2434	50	170	0	277	728	358	605	28166	9946	0.105	
C:\Data\CD166_19_(2020)_processed\CD166_19_S3\CD166_19_S3_REP2\XRF data\L000103.spe	132.75	8.03	1	0.010267	-0.009931	0.009900	0.077115	49279	1.65	111	651	0	18	1714	796	4142	162617	0	5326	109	527	1330	85616	95	290	244	35	38	320	333	10275	182	406	74	70	97	0	95	90	88	383	878	2371	33	66	227	81	587	370	591	27256	10039	0.105	
C:\Data\CD166_19_(2020)_processed\CD166_19_S3\CD166_19_S3_REP2\XRF data\L000104.spe	133.75	8.03	1	0.010267	-0.009931	0.009900	0.077115	49621	1.68	61	612	0	0	1763	753	4334	155132	0	5795	135	564	1423	90616	88	307	258	31	0	459	384	10371	79	425	16	37	68	0	101	96	57	389	927	2341	89	128	142	161	683	331	497	28690	10353	0.105	
C:\Data\CD166_19_(2020)_processed\CD166_19_S3\CD166_19_S3_REP2\XRF data\L000105.spe	134.75	8.02	1	0.010267	-0.009931	0.009900	0.077115	50143	1.78	71	607	0	0	1743	711	4364	155855	0	5697	141	545	1483	91422	156	323	300	132	37	404	357	10563	137	478	58	40	76	0	81	120	97	240	803	2564	122	154	130	152	656	370	602	28995	10384	0.106	
C:\Data\CD166_19_(2020)_processed\CD166_19_S3\CD166_19_S3_REP2\XRF data\L000106.spe	135.75	8.02	1	0.010267	-0.009931	0.009900	0.077115	49157	1.60	92	590	0	0	1667	749	4318	147427	0	5272	129	461	1422	91580	105	352	247	76	0	476	358	9756	156	375	4	71	0	0	68	96	57	370	857	2459	60	249	339	115	718	429	578	29145	10270	0.106	
C:\Data\CD166_19_(2020)_processed\CD166_19_S3\CD166_19_S3_REP2\XRF data\L000107.spe	136.75	8.02	1	0.010267	-0.009931	0.009900	0.077115	48971	1.61	99	600	0	31	1735	784	4404	150594	0	5072	138	479	1363	90211	209	348	222	47	0	564	419	9520	149	221	33	41	62	0	125	111	63	235	899	2523	169	126	10	246	689	399	476	29465	10090	0.105	
C:\Data\CD166_19_(2020)_processed\CD166_19_S3\CD166_19_S3_REP2\XRF data\L000108.spe	137.75	8.02	1	0.010267	-0.009931	0.009900	0.077115	47375	1.61	109	632	0	0	1533	750	4054	149257	0	5063	139	494	1362	83778	139	235	215	0	46	531	371	9444	210	514	76	36	79	0	74	105	48	341	884	2367	14	197	186	175	652	340	459	28278	9871	0.104	
C:\Data\CD166_19_(2020)_processed\CD166_19_S3\CD166_19_S3_REP2\XRF data\L000109.spe	138.75	8.02	1	0.010267	-0.009931	0.009900	0.077115	50538	1.61	73	590	0	42	1702	732	3886	175624	0	4927	91	615	1615	84623	61	267	209	40	0	456	321	9934	254	403	46	91	120	0	133	91	112	440	955	2336	121	200	194	158	604	370	709	29181	10147	0.105	
C:\Data\CD166_19_(2020)_processed\CD166_19_S3\CD166_19_S3_REP2\XRF data\L000110.spe	139.75	8.02	1	0.010267	-0.009931	0.009900	0.077115	49684	1.71	103	520	0	0	1619	810	3888	164681	0	5280	147	615	1776	87454	228	249	230	32	33	539	321	10045	184	458	12	74	68	0	83	93	139	277	932	2573	152	170	166	60	707	334	511	28674	10267	0.105	
C:\Data\CD166_19_(2020)_processed\CD166_19_S3\CD166_19_S3_REP2\XRF data\L000111.spe	140.75	8.02	1	0.010267	-0.009931	0.009900	0.077115	50947	1.68	65	595	0	0	1660	733	4077	153871	0	6050	193	605	2254	99341	104	386	276	43	32	466	528	9686	251	338	32	19	77	0	78	64	95	300	849	2467	137	301	202	0	698	410	703	28729	10271	0.106	
C:\Data\CD166_19_(2020)_processed\CD166_19_S3\CD166_19_S3_REP2\XRF data\L000112.spe	141.75	8.01	1	0.010267	-0.009931	0.009900	0.077115	50183	1.59	58	653	0	27	1667	736	4156	149826	0	6062	234	555	3695	98300	143	342	302	63	72	421	458	9322	127	462	47	56	34	0	97	89	153	338	945	2415	113	267	190	72	794	388	578	28023	9931	0.105	
C:\Data\CD166_19_(2020)_processed\CD166_19_S3\CD166_19_S3_REP2\XRF data\L000113.spe	142.75	8.01	1	0.010267	-0.009931	0.009900	0.077115	51048	1.77	104	675	0	43	1656	732	3963	154918	0	6183	196	590	11065	96613	132	403	148	16	0	454	320	8994	112	475	86	45	90	0	106	90	132	326	799	2463	149	206	206	219	870	425	589	27588	9924	0.104	
C:\Data\CD166_19_(2020)_processed\CD166_19_S3\CD166_19_S3_REP2\XRF data\L000114.spe	143.75	8.01	1	0.010267	-0.009931	0.009900	0.077115	51466	1.80	65	575	0	29	1694	861	3527	172611	0	5960	143	646	11691	89884	160	300	177	21	0	498	343	9306	123	348	18	49	26	0	72	91	124	305	912	2446	32	216	104	197	752	414	563	27943	9938	0.103	
C:\Data\CD166_19_(2020)_processed\CD166_19_S3\CD166_19_S3_REP2\XRF data\L000115.spe	144.75	8.02	1	0.010267	-0.009931	0.009900	0.077115	51270	1.75	94	561	0	39	1557	745	3454	170979	0	5849	192	522	11383	90809	224	361	264	0	48	405	335	9042	87	398	47	63	97	0	44	70	85	371	969	2394	119	84	103	29	730	324	495	27786	10024	0.103	
C:\Data\CD166_19_(2020)_processed\CD166_19_S3\CD166_19_S3_REP2\XRF data\L000116.spe	145.75	8.01	1	0.010267	-0.009931	0.009900	0.077115	50140	1.67	83	462	0	17	1729	737	3002	184926	0	5450	59	631	5409	81580	162	320	262	46	76	439	242	9918	122	423	47	76	25	0	54	58	91	288	745	2391	25	184	267	101	671	226	388	26821	9902	0.102	
C:\Data\CD166_19_(2020)_processed\CD166_19_S3\CD166_19_S3_REP2\XRF data\L000117.spe	146.75	8.00	1	0.010267	-0.009931	0.009900	0.077115	50674	1.80	95	499	0	0	1758	812	3114	185022	0	5535	99	578	8353	81657	253	395	289	135	68	426	306	10093	185	343	0	82	124	0	0	56	119	264	836	2432	0	239	181	20	623	374	632	26625	10203	0.103	
C:\Data\CD166_19_(2020)_processed\CD166_19_S3\CD166_19_S3_REP2\XRF data\L000118.spe	147.75	8.01	1	0.010267	-0.009931	0.009900	0.077115	50288	1.73	86	517	0	54	1677	799	3099	196333	0	4830	114	469	3125	75004	178	183	187	67	45	417	145	10142	234	394	56	76	68	0	57	82	4	320	824	2352	23	194	245	208	672	393	399	27579	10076	0.103	
C:\Data\CD166_19_(2020)_processed\CD166_19_S3\CD166_19_S3_REP2\XRF data\L000119.spe	148.75	8.00	1	0.010267	-0.009931	0.009900	0.077115	51168	1.89	78	451	0	8	1697	812	2922	200697	0	4743	159	512	7796	74322	289	324	216	0	43	399	206	10220	155	447	53	49	70	0	69	82	91	305	878	2382	0	205	264	177	647	347	570	27472	10066	0.103	
C:\Data\CD166_19_(2020)_processed\CD166_19_S3\CD166_19_S3_REP2\XRF data\L000120.spe	149.75	8.01	1	0.010267	-0.009931	0.009900	0.077115	52034	1.70	81	423	0	70	1755	771	2967	203184	0	4924	79	534	5395	76721	208	349	241	147	52	521	348	10146	193	547	85	47	78	0	23	62	37	393	767	2447	132	140	144	147	666	365	818	28054	10164	0.104	
C:\Data\CD166_19_(2020)_processed\CD166_19_S3\CD166_19_S3_REP2\XRF data\L000121.spe	150.75	7.99	1	0.010267	-0.009931	0.009900	0.077115	50797	1.71	56	435	0	0	1777	858	3421	185769	0	4752	56	528	1956	79701	179	255	242	7	17	572	289	9636	207	349	18	58	65	0	97	76	59	363	830	2576	175	169	340	325	508	475	760	29163	10153	0.105	
C:\Data\CD166_19_(2020)_processed\CD166_19_S3\CD166_19_S3_REP2\XRF data\L000122.spe	151.75	8.00	1	0.010267	-0.009931	0.009900	0.077115	50095	1.72	80	496	0	29	1726	802	3762	179139	0	4558	149	586	2458	80388	177	320	280	130	0	640	285	9350	197	411	49	56	98	0	36	99	50	320	909	2523	133	239	150	291	588	408	643	28673	10036	0.104	
C:\Data\CD166_19_(2020)_processed\CD166_19_S3\CD166_19_S3_REP2\XRF data\L000123.spe	152.75	8.00	1	0.010267	-0.009931	0.009900	0.077115	50314	1.83	69	518	0	5	1624	779	3780	173335	0	4919	83	561	1960	84239	188	376	209	57	0	448	242	9399	250	391	58	43	107	0	81	29	76	331	906	2539	141	295	91	378	644	362	649	29162	10080	0.105	
C:\Data\CD166_19_(2020)_processed\CD166_19_S3\CD166_19_S3_REP2\XRF data\L000124.spe	153.75	8.00	1	0.010267	-0.009931	0.009900	0.077115	50419	1.65	86	602	0	32	1668	748	4203	157388	0	5191	92	558	5813	91694	169	298	222	0	66	515	224	8979	287	558	37	31	62	0	108	77	89	289	953	2463	38	288	285	358	599	360	740	29107	10161	0.105	
C:\Data\CD166_19_(2020)_processed\CD166_19_S3\CD166_19_S3_REP2\XRF data\L000125.spe	154.75	8.00	1	0.010267	-0.009931	0.009900	0.077115	50064	1.82	39	498	0	27	1696	755	3482	183579	0	4481	107	515	10339	76470	239	356	247	21	166	500	252	9885	78	422	47	58	74	0	46	87	117	376	931	2331	110	176	144	165	840	319	436	26820	9871	0.102	
C:\Data\CD166_19_(2020)_processed\CD166_19_S3\CD166_19_S3_REP2\XRF data\L000126.spe	155.75	8.00	1	0.010267	-0.009931	0.009900	0.077115	50531	1.68	71	448	0	57	1824	796	3100	211403	0	3770	86	433	11557	60823	262	266	236	68	92	528	155	10799	290	312	65	70	40	0	28	72	76	324	807	2478	113	166	222	300	543	312	642	26948	10003	0.101	
C:\Data\CD166_19_(2020)_processed\CD166_19_S3\CD166_19_S3_REP2\XRF data\L000127.spe	156.75	7.99	1	0.010267	-0.009931	0.009900	0.077115	50763	1.72	105	478	0	74	1750	797	2864	219034	0	3932	42	503	2355	64940	155	250	219	36	0	428	196	10706	146	307	95	117	81	0	98	52	62	316	824	2456	68	191	134	162	601	332	360	26491	9751	0.102	
C:\Data\CD166_19_(2020)_processed\CD166_19_S3\CD166_19_S3_REP2\XRF data\L000128.spe	157.75	7.99	1	0.010267	-0.009931	0.009900	0.077115	51344	1.91	69	398	0	23	1842	780	2898	231568	0	3934	62	445	1090	60966	84	262	180	97	30	473	116	11327	215	267	47	96	94	0	28	26	51	385	900	2488	163	179	63	68	502	310	424	27045	10375	0.103	
C:\Data\CD166_19_(2020)_processed\CD166_19_S3\CD166_19_S3_REP2\XRF data\L000129.spe	158.75	7.99	1	0.010267	-0.009931	0.009900	0.077115	50274	1.78	58	371	0	10	1754	838	2759	232758	0	3630	66	357	2808	53580	135	230	254	62	39	357	218	11267	200	402	73	68	42	0	0	35	6	425	852	2508	100	251	21	85	497	271	356	26361	10160	0.102	
C:\Data\CD166_19_(2020)_processed\CD166_19_S3\CD166_19_S3_REP2\XRF data\L000130.spe	159.75	7.99	1	0.010267	-0.009931	0.009900	0.077115	49443	1.79	61	440	0	0	1673	763	2807	224240	0	3154	74	397	2064	53644	71	131	90	59	0	427	75	11084	144	228	114	66	96	0	0	26	35	516	857	2254	125	171	0	161	483	313	416	27176	10266	0.103	
C:\Data\CD166_19_(2020)_processed\CD166_19_S3\CD166_19_S3_REP2\XRF data\L000131.spe	160.75	7.98	1	0.010267	-0.009931	0.009900	0.077115	49913	1.80	68	452	0	78	1703	794	2934	232158	26	2964	144	380	1548	51100	69	179	191	0	52	428	116	11448	149	213	71	109	43	0	0	32	38	502	847	2418	95	134	96	107	504	292	405	27476	10249	0.103	
C:\Data\CD166_19_(2020)_processed\CD166_19_S3\CD166_19_S3_REP2\XRF data\L000132.spe	161.75	7.98	1	0.010267	-0.009931	0.009900	0.077115	50069	1.87	111	434	0	0	1782	803	3030	233690	0	2681	0	396	1117	48839	111	263	169	69	74	489	249	11899	285	363	92	105	68	0	43	32	78	430	746	2511	94	169	161	119	555	209	282	27416	10405	0.104	
C:\Data\CD166_19_(2020)_processed\CD166_19_S3\CD166_19_S3_REP2\XRF data\L000133.spe	162.75	7.98	1	0.010267	-0.009931	0.009900	0.077115	47812	1.73	46	412	0	17	1588	874	2983	219570	0	2480	0	357	1415	43878	112	191	173	4	13	427	160	11688	209	316	35	132	58	0	34	51	77	434	779	2304	58	216	228	101	441	253	462	27942	10449	0.104	
C:\Data\CD166_19_(2020)_processed\CD166_19_S3\CD166_19_S3_REP2\XRF data\L000134.spe	163.75	7.97	1	0.010267	-0.009931	0.009900	0.077115	51635	1.87	88	504	0	33	1777	831	3385	249875	0	2774	78	395	1912	48821	78	239	145	30	68	497	188	12074	232	482	91	120	65	0	15	39	54	493	818	2421	41	212	165	129	450	164	535	27500	10558	0.103	
C:\Data\CD166_19_(2020)_processed\CD166_19_S3\CD166_19_S3_REP2\XRF data\L000135.spe	164.75	7.93	1	0.010267	-0.009931	0.009900	0.077115	45334	1.85	29	437	0	0	1601	777	2994	220009	0	2044	20	282	712	41110	11	236	164	40	23	465	327	10517	177	254	80	84	23	0	38	34	26	433	792	2340	117	118	177	0	398	218	227	25182	9254	0.099	
C:\Data\CD166_19_(2020)_processed\CD166_19_S3\CD166_19_S3_REP2\XRF data\L000136.spe	165.75	7.91	1	0.010267	-0.009931	0.009900	0.077115	43595	1.73	36	415	0	21	1537	831	2830	208016	0	2056	0	255	721	39699	9	175	126	53	0	491	230	10368	105	176	64	86	28	0	0	24	0	400	738	2175	0	188	177	8	320	183	355	24371	9075	0.098	
C:\Data\CD166_19_(2020)_processed\CD166_19_S3\CD166_19_S3_REP2\XRF data\L000137.spe	166.75	7.92	1	0.010267	-0.009931	0.009900	0.077115	43170	1.69	79	467	0	32	1553	829	3001	203685	0	2191	85	337	619	39734	34	192	133	79	5	392	115	10202	132	272	46	103	66	0	0	81	17	389	742	2313	105	214	29	141	306	226	301	23754	8903	0.098	
C:\Data\CD166_19_(2020)_processed\CD166_19_S3\CD166_19_S3_REP2\XRF data\L000138.spe	167.75	7.92	1	0.010267	-0.009931	0.009900	0.077115	43695	1.67	66	413	0	9	1555	836	2952	204154	0	2066	78	318	582	41751	0	201	139	61	92	428	177	10328	90	185	50	98	85	0	47	69	0	456	755	2245	51	149	264	196	338	261	392	24766	9117	0.098	
C:\Data\CD166_19_(2020)_processed\CD166_19_S3\CD166_19_S3_REP2\XRF data\L000139.spe	168.75	7.93	1	0.010267	-0.009931	0.009900	0.077115	44789	1.75	68	385	0	6	1466	775	2949	218836	0	2200	38	321	552	40165	50	185	94	13	46	405	224	10591	104	157	45	90	63	0	43	32	0	390	765	2252	68	156	102	0	333	246	338	24936	9417	0.097	
C:\Data\CD166_19_(2020)_processed\CD166_19_S3\CD166_19_S3_REP2\XRF data\L000140.spe	169.75	7.93	1	0.010267	-0.009931	0.009900	0.077115	45617	1.69	59	407	0	40	1553	836	3030	222570	0	2278	10	385	598	40816	104	165	152	19	0	415	238	10738	131	199	70	73	39	0	16	23	25	366	741	2356	80	85	150	55	275	213	442	24784	9382	0.099	
C:\Data\CD166_19_(2020)_processed\CD166_19_S3\CD166_19_S3_REP2\XRF data\L000141.spe	170.75	7.94	1	0.010267	-0.009931	0.009900	0.077115	45847	1.83	71	396	0	0	1571	824	3003	218935	0	2242	130	316	601	42400	54	245	150	16	35	465	222	10721	181	270	58	119	101	0	35	80	20	417	740	2281	89	159	0	160	466	232	273	25448	9705	0.099	
C:\Data\CD166_19_(2020)_processed\CD166_19_S3\CD166_19_S3_REP2\XRF data\L000142.spe	171.75	7.94	1	0.010267	-0.009931	0.009900	0.077115	46288	1.67	71	434	0	9	1570	796	3012	218402	0	2360	65	329	579	43848	74	175	165	28	79	424	196	10962	113	398	68	111	49	0	25	38	0	388	758	2397	148	244	60	186	396	271	254	24246	9487	0.100	
C:\Data\CD166_19_(2020)_processed\CD166_19_S3\CD166_19_S3_REP2\XRF data\L000143.spe	172.75	7.95	1	0.010267	-0.009931	0.009900	0.077115	46382	1.74	47	386	0	13	1569	804	3087	223700	0	2109	65	354	633	40998	89	176	189	15	27	404	167	11295	257	120	80	105	64	0	37	46	51	381	746	2319	102	222	147	203	360	237	252	26237	9649	0.100	
C:\Data\CD166_19_(2020)_processed\CD166_19_S3\CD166_19_S3_REP2\XRF data\L000144.spe	173.75	7.95	1	0.010267	-0.009931	0.009900	0.077115	46886	1.74	87	385	0	0	1578	822	3029	230492	0	2043	10	363	514	39760	15	175	121	34	81	334	188	11221	132	220	52	96	0	0	0	65	0	493	688	2293	86	113	194	199	369	205	285	26229	9716	0.100	
C:\Data\CD166_19_(2020)_processed\CD166_19_S3\CD166_19_S3_REP2\XRF data\L000145.spe	174.75	7.96	1	0.010267	-0.009931	0.009900	0.077115	46978	1.71	91	449	0	11	1542	820	2926	230099	0	2235	25	331	600	40912	118	174	248	68	45	455	50	11269	200	365	80	74	66	0	43	11	28	417	815	2467	168	242	165	377	464	150	300	25429	9726	0.100	
C:\Data\CD166_19_(2020)_processed\CD166_19_S3\CD166_19_S3_REP2\XRF data\L000146.spe	175.75	7.96	1	0.010267	-0.009931	0.009900	0.077115	48226	1.80	76	408	0	18	1584	797	2701	241678	0	2382	6	297	587	41371	40	273	126	164	53	483	223	11630	126	217	107	121	40	0	86	62	36	508	674	2449	113	332	205	20	389	243	398	25740	9594	0.100	
C:\Data\CD166_19_(2020)_processed\CD166_19_S3\CD166_19_S3_REP2\XRF data\L000147.spe	176.75	7.97	1	0.010267	-0.009931	0.009900	0.077115	47770	1.70	71	423	0	10	1672	831	2802	238794	0	2111	33	297	637	39027	115	197	106	27	34	480	294	11749	58	250	62	118	93	0	44	68	0	375	735	2491	198	276	129	114	317	201	352	25977	9835	0.101	
C:\Data\CD166_19_(2020)_processed\CD166_19_S3\CD166_19_S3_REP2\XRF data\L000148.spe	177.75	7.97	1	0.010267	-0.009931	0.009900	0.077115	47699	1.68	124	350	0	62	1752	828	2900	237252	0	2101	50	350	577	37345	105	177	78	0	0	379	281	11975	74	193	77	106	94	0	16	60	71	476	768	2509	0	148	180	20	334	169	354	26377	9942	0.102	
C:\Data\CD166_19_(2020)_processed\CD166_19_S3\CD166_19_S3_REP2\XRF data\L000149.spe	178.75	7.97	1	0.010267	-0.009931	0.009900	0.077115	47924	1.84	119	435	0	32	1685	847	3297	229073	0	2163	4	366	597	42217	43	241	191	0	38	437	343	11673	203	403	62	104	57	0	35	40	40	485	872	2476	104	184	45	24	399	240	447	26771	9980	0.102	