C:\Data\CD166_19_(2020)\CD166_19_S3\CD166_19_S3_REP2     24-Sep-20  re-evaluated data
peakarea
filename	position (mm)	sample surface	validity	E-gain	E-offset	F-slope	F-offset	cps	MSE	Al	Si	P	S	Cl	Ar	K	Ca	Sc	Ti	V	Cr	Mn	Fe	Ni	Cu	Zn	Ga	Ge	Br	Rb	Sr	Y	Zr	Pd	Cd	I	Cs	Ba	Ce	Nd	Ta	W	Pb	Bi	Fe a*2	Fe a+b	S1	S2	S3	Mo inc	Mo coh	Dt	
C:\Data\CD166_19_(2020)\CD166_19_S3\CD166_19_S3_REP2\XRF data\L000000.spe	29.75	8.02	1	0.010268	-0.008542	0.009800	0.078770	54132	2.64	206	1534	0	99	1477	391	9189	77719	394	9706	615	656	6684	191250	334	472	612	276	234	500	1169	5678	400	1098	46	0	64	0	0	268	0	1305	3382	1345	279	277	0	262	682	3652	35165	11219	0.114	
C:\Data\CD166_19_(2020)\CD166_19_S3\CD166_19_S3_REP2\XRF data\L000001.spe	30.75	8.06	1	0.010260	-0.008542	0.009800	0.078770	45919	2.22	129	1321	0	67	4597	563	7297	40564	109	8815	496	627	4925	162839	367	418	437	220	192	328	1022	4431	195	931	96	0	131	0	165	207	67	1135	2973	2501	107	166	0	0	497	4124	33542	10709	0.111	
C:\Data\CD166_19_(2020)\CD166_19_S3\CD166_19_S3_REP2\XRF data\L000002.spe	31.75	8.10	1	0.010263	-0.008542	0.009800	0.078770	49320	2.00	164	1361	5	93	8024	557	7761	39574	52	9250	616	773	4889	180704	407	475	580	260	129	407	1047	4487	190	1060	117	0	56	0	221	123	73	1337	3268	1556	288	51	0	202	644	4355	35155	10926	0.113	
C:\Data\CD166_19_(2020)\CD166_19_S3\CD166_19_S3_REP2\XRF data\L000003.spe	32.75	8.13	1	0.010262	-0.008542	0.009800	0.078770	49120	2.16	191	1350	10	76	1239	756	7724	33404	41	9959	648	764	11021	189066	522	550	467	177	236	456	1028	4069	237	984	0	0	61	0	288	173	69	1315	2931	69	220	321	65	369	650	4779	33842	10239	0.111	
C:\Data\CD166_19_(2020)\CD166_19_S3\CD166_19_S3_REP2\XRF data\L000004.spe	33.75	8.12	1	0.010266	-0.008542	0.009800	0.078770	49908	2.05	209	1356	0	59	1217	640	8149	34181	204	9950	636	770	4549	195921	339	458	510	223	169	359	1196	4162	359	1017	24	0	0	0	0	314	31	1375	3179	23	257	360	0	162	685	4398	35099	10617	0.112	
C:\Data\CD166_19_(2020)\CD166_19_S3\CD166_19_S3_REP2\XRF data\L000005.spe	34.75	8.10	1	0.010266	-0.008542	0.009816	0.078770	49431	2.04	174	1261	0	99	1307	742	7741	42749	187	9403	525	686	9747	182701	467	536	600	199	283	458	1145	4202	276	1107	5	0	0	0	93	218	0	1399	3049	205	271	304	0	264	657	4228	35238	10800	0.112	
C:\Data\CD166_19_(2020)\CD166_19_S3\CD166_19_S3_REP2\XRF data\L000006.spe	35.75	8.10	1	0.010266	-0.008542	0.009592	0.078770	48375	1.97	158	1170	0	61	1251	675	7652	45984	154	9070	509	648	4969	178771	337	495	539	322	200	376	932	4360	218	997	11	0	63	0	0	174	0	1349	3116	132	169	206	204	116	536	4171	34586	10242	0.112	
C:\Data\CD166_19_(2020)\CD166_19_S3\CD166_19_S3_REP2\XRF data\L000007.spe	36.75	8.10	1	0.010266	-0.008542	0.009592	0.078770	43732	1.94	143	1134	0	52	1060	686	6554	33660	120	8127	566	609	3840	162344	281	441	439	146	271	339	996	3567	155	935	12	0	34	0	11	136	48	1167	2898	114	105	204	0	169	491	3613	32719	9733	0.109	
C:\Data\CD166_19_(2020)\CD166_19_S3\CD166_19_S3_REP2\XRF data\L000008.spe	37.75	8.09	1	0.010266	-0.008542	0.009592	0.078770	46532	1.99	167	1188	0	19	1235	692	7345	36643	99	9072	617	751	3949	177591	290	486	375	221	170	401	1001	3915	332	834	5	0	55	0	167	127	22	1202	2936	135	127	283	50	348	602	4029	32839	9713	0.109	
C:\Data\CD166_19_(2020)\CD166_19_S3\CD166_19_S3_REP2\XRF data\L000009.spe	38.75	8.08	1	0.010266	-0.008542	0.009592	0.078770	46029	2.05	157	1174	19	44	1064	724	6933	33167	19	9242	570	581	5908	176275	234	402	432	168	202	364	917	3635	206	1068	0	0	4	0	34	213	8	1207	2944	87	169	330	72	210	590	3856	31598	9659	0.110	
C:\Data\CD166_19_(2020)\CD166_19_S3\CD166_19_S3_REP2\XRF data\L000010.spe	39.75	8.06	1	0.010263	-0.008542	0.009592	0.078770	44155	1.98	112	1097	0	58	1061	668	6787	41183	110	8052	438	595	3636	159808	257	402	461	220	217	334	1047	3867	186	1008	0	0	110	0	0	255	33	1217	2755	93	256	236	21	146	591	4181	32804	9545	0.110	
C:\Data\CD166_19_(2020)\CD166_19_S3\CD166_19_S3_REP2\XRF data\L000011.spe	40.75	8.06	1	0.010265	-0.008542	0.009592	0.078770	44051	2.12	137	1021	0	47	1212	725	6585	46860	169	7821	507	610	3208	157225	328	456	419	138	187	298	868	3714	300	958	17	0	45	0	135	192	0	1147	2950	163	326	141	191	11	438	4068	32128	9552	0.109	
C:\Data\CD166_19_(2020)\CD166_19_S3\CD166_19_S3_REP2\XRF data\L000012.spe	41.75	8.06	1	0.010267	-0.008542	0.009592	0.078770	43917	1.94	141	1043	0	78	1238	683	6821	50274	182	7859	460	538	3552	152311	281	391	401	205	157	347	939	4574	209	895	5	0	14	0	51	170	0	1129	2855	162	253	161	0	139	550	3568	31878	9961	0.109	
C:\Data\CD166_19_(2020)\CD166_19_S3\CD166_19_S3_REP2\XRF data\L000013.spe	42.75	8.05	1	0.010267	-0.008542	0.009592	0.078770	43713	2.07	123	1044	0	74	1311	594	6642	67437	395	6878	375	492	2748	138150	233	328	367	234	141	521	898	5668	205	729	43	0	18	0	9	159	0	1170	3037	41	266	239	0	25	467	3214	32024	10143	0.109	
C:\Data\CD166_19_(2020)\CD166_19_S3\CD166_19_S3_REP2\XRF data\L000014.spe	43.75	8.06	1	0.010267	-0.008542	0.009592	0.078770	43249	2.14	140	981	0	80	1411	611	6648	66522	297	6685	471	483	3135	137014	267	386	442	262	198	420	774	5570	353	714	22	13	38	0	65	119	12	1173	3146	212	236	63	198	117	465	3088	31652	9881	0.108	
C:\Data\CD166_19_(2020)\CD166_19_S3\CD166_19_S3_REP2\XRF data\L000015.spe	44.75	8.06	1	0.010264	-0.008542	0.009592	0.078770	43961	2.01	132	921	0	67	1468	703	6699	72209	219	6432	303	593	11186	133255	353	359	364	158	168	375	675	5473	209	730	20	36	76	0	162	96	33	1314	3105	96	221	122	326	26	463	3614	30718	9877	0.108	
C:\Data\CD166_19_(2020)\CD166_19_S3\CD166_19_S3_REP2\XRF data\L000016.spe	45.75	8.05	1	0.010263	-0.008542	0.009592	0.078770	44406	1.98	138	985	0	71	1341	566	7081	67379	350	7210	318	540	5054	141242	249	379	429	229	189	428	988	5607	246	866	31	0	18	0	0	174	27	1174	3055	135	198	220	15	0	580	3544	32453	9973	0.110	
C:\Data\CD166_19_(2020)\CD166_19_S3\CD166_19_S3_REP2\XRF data\L000017.spe	46.75	8.06	1	0.010266	-0.008542	0.009592	0.078770	47182	1.94	153	1157	0	47	1318	638	7471	45322	218	8924	560	606	4709	173756	348	402	458	248	200	382	940	4631	263	832	16	0	31	0	32	217	0	1327	3161	139	173	294	110	206	557	4225	32995	9999	0.110	
C:\Data\CD166_19_(2020)\CD166_19_S3\CD166_19_S3_REP2\XRF data\L000018.spe	47.75	8.06	1	0.010264	-0.008542	0.009592	0.078770	45530	1.96	134	1093	19	87	1370	529	7010	53984	176	7936	568	581	4651	157215	333	388	361	234	194	344	884	4611	122	839	81	0	90	0	99	124	15	1252	3091	34	222	108	28	132	534	3899	33144	9995	0.109	
C:\Data\CD166_19_(2020)\CD166_19_S3\CD166_19_S3_REP2\XRF data\L000019.spe	48.75	8.04	1	0.010264	-0.008542	0.009592	0.078770	44110	1.91	131	989	0	81	1378	664	6816	67981	273	6956	433	567	3625	141316	341	439	369	196	152	391	649	5325	258	750	28	0	94	0	37	167	20	1205	3011	76	258	181	194	101	449	3426	31603	10043	0.109	
C:\Data\CD166_19_(2020)\CD166_19_S3\CD166_19_S3_REP2\XRF data\L000020.spe	49.75	8.03	1	0.010263	-0.008542	0.009592	0.078770	45669	2.11	193	1143	34	68	1358	538	7165	48045	50	8473	472	691	4143	165931	281	402	411	192	72	376	992	4481	281	990	31	0	102	0	204	123	12	1183	3047	98	70	238	119	103	563	4425	31537	10121	0.108	
C:\Data\CD166_19_(2020)\CD166_19_S3\CD166_19_S3_REP2\XRF data\L000021.spe	50.75	8.04	1	0.010267	-0.008542	0.009592	0.078770	49043	2.05	147	1108	0	78	1435	573	7662	45132	73	9339	530	753	4659	183942	356	470	451	208	195	438	1119	4256	272	936	7	0	27	0	118	133	4	1231	3330	195	258	339	16	253	641	3779	34267	10357	0.111	
C:\Data\CD166_19_(2020)\CD166_19_S3\CD166_19_S3_REP2\XRF data\L000022.spe	51.75	8.04	1	0.010264	-0.008542	0.009592	0.078770	48935	2.18	130	1124	0	0	1474	654	7620	37908	123	9478	573	800	6928	187068	378	506	514	215	246	438	1004	4063	261	1029	0	0	53	0	57	164	0	1329	2963	77	172	246	0	134	615	4445	33584	10440	0.111	
C:\Data\CD166_19_(2020)\CD166_19_S3\CD166_19_S3_REP2\XRF data\L000023.spe	52.75	8.05	1	0.010263	-0.008542	0.009592	0.078770	49336	2.04	167	1101	6	64	1399	616	7625	33449	78	9821	559	694	8230	192077	377	503	553	248	280	427	1094	3912	186	1019	0	0	0	0	164	187	13	1376	3216	116	148	318	0	174	630	4898	33625	10289	0.110	
C:\Data\CD166_19_(2020)\CD166_19_S3\CD166_19_S3_REP2\XRF data\L000024.spe	53.75	8.05	1	0.010263	-0.008542	0.009504	0.078770	48981	2.02	188	1115	0	46	1477	623	7953	32171	36	9893	638	735	3967	193266	319	447	441	217	216	475	1044	4040	185	940	0	0	25	0	170	193	26	1387	3100	182	187	394	72	273	582	4578	33941	9964	0.110	
C:\Data\CD166_19_(2020)\CD166_19_S3\CD166_19_S3_REP2\XRF data\L000025.spe	54.75	8.05	1	0.010262	-0.008542	0.009504	0.078770	48969	2.22	165	1025	0	56	1478	615	7482	37749	50	9574	539	730	4275	189439	291	422	505	263	191	443	1048	4915	191	822	0	0	28	0	231	173	40	1291	3320	174	157	380	0	204	554	4850	33525	10247	0.111	
C:\Data\CD166_19_(2020)\CD166_19_S3\CD166_19_S3_REP2\XRF data\L000026.spe	55.75	8.05	1	0.010265	-0.008542	0.009504	0.078770	50454	2.08	170	1144	13	98	1453	537	7648	35623	77	10109	714	693	4203	198594	322	419	542	183	200	461	1076	3873	210	1007	29	0	61	0	60	240	28	1461	3174	221	225	363	0	164	712	4598	34204	10590	0.113	
C:\Data\CD166_19_(2020)\CD166_19_S3\CD166_19_S3_REP2\XRF data\L000027.spe	56.75	8.05	1	0.010265	-0.008542	0.009504	0.078770	51097	2.08	131	1129	0	71	1489	581	7668	32161	143	10270	679	775	4534	204922	314	455	497	229	155	439	943	3499	237	981	0	0	0	0	156	195	0	1438	3262	185	194	371	298	38	786	5205	34798	10020	0.112	
C:\Data\CD166_19_(2020)\CD166_19_S3\CD166_19_S3_REP2\XRF data\L000028.spe	57.75	8.05	1	0.010266	-0.008542	0.009504	0.078770	49300	1.98	148	1040	8	78	1565	601	7258	37205	130	9818	519	771	7148	186684	386	490	455	162	75	358	925	3969	274	1093	0	0	27	0	5	188	14	1429	3173	26	178	239	97	185	608	4645	34311	10453	0.112	
C:\Data\CD166_19_(2020)\CD166_19_S3\CD166_19_S3_REP2\XRF data\L000029.spe	58.75	8.04	1	0.010266	-0.008542	0.009504	0.078770	48928	2.02	149	1111	0	67	1483	549	7546	35048	164	9900	674	776	5234	184869	322	342	399	89	104	393	1216	4523	266	1039	46	0	54	0	161	154	25	1384	3195	0	217	283	0	177	586	4140	34330	10600	0.113	
C:\Data\CD166_19_(2020)\CD166_19_S3\CD166_19_S3_REP2\XRF data\L000030.spe	59.75	8.04	1	0.010267	-0.008542	0.009504	0.078770	49861	2.31	169	1155	0	46	1443	582	7888	32494	119	10349	586	778	3890	193474	247	491	532	255	133	532	1088	4379	258	985	6	0	0	0	0	217	41	1293	3332	133	310	347	0	288	626	4006	35044	10681	0.114	
C:\Data\CD166_19_(2020)\CD166_19_S3\CD166_19_S3_REP2\XRF data\L000031.spe	60.75	8.04	1	0.010262	-0.008542	0.009504	0.078770	51459	2.16	164	1156	0	93	1450	649	7900	27379	0	10290	711	759	5888	205856	389	514	510	297	188	329	1065	3406	154	1154	0	0	24	0	407	78	61	1364	3021	59	189	500	228	49	654	5877	36158	10405	0.114	
C:\Data\CD166_19_(2020)\CD166_19_S3\CD166_19_S3_REP2\XRF data\L000032.spe	61.75	8.05	1	0.010264	-0.008542	0.009504	0.078770	52364	2.16	158	1225	0	70	1531	623	7845	30229	72	10555	556	751	4766	208345	380	488	484	303	189	522	1233	3436	367	1163	0	0	64	0	213	153	51	1371	3229	184	223	326	0	35	703	5106	36793	10820	0.116	
C:\Data\CD166_19_(2020)\CD166_19_S3\CD166_19_S3_REP2\XRF data\L000033.spe	62.75	8.04	1	0.010265	-0.008542	0.009504	0.078770	55446	2.05	193	1397	5	63	1573	608	8594	34642	10	11227	653	763	4346	222272	381	480	470	218	217	528	1211	3977	242	1202	21	0	0	0	227	186	0	1398	3363	206	274	275	221	315	669	4767	38402	11438	0.118	
C:\Data\CD166_19_(2020)\CD166_19_S3\CD166_19_S3_REP2\XRF data\L000034.spe	63.75	8.02	1	0.010266	-0.008542	0.009504	0.078770	55681	2.08	181	1386	0	81	1626	615	8814	43411	90	10879	652	757	5491	216657	377	525	498	206	256	517	1228	4114	250	1087	26	0	0	0	237	175	0	1512	3489	114	241	410	118	162	641	5116	38889	11209	0.117	
C:\Data\CD166_19_(2020)\CD166_19_S3\CD166_19_S3_REP2\XRF data\L000035.spe	64.75	8.01	1	0.010264	-0.008542	0.009430	0.078770	52048	2.03	123	1170	0	79	1534	576	7771	41274	82	10003	690	740	4892	202626	297	481	435	388	214	444	993	3415	169	1063	9	0	0	0	163	213	8	1328	3191	100	241	396	71	70	649	4924	35424	10454	0.113	
C:\Data\CD166_19_(2020)\CD166_19_S3\CD166_19_S3_REP2\XRF data\L000036.spe	65.75	7.98	1	0.010265	-0.008542	0.009449	0.078770	50572	2.13	156	1159	11	59	1412	592	7669	38693	100	9907	686	752	4460	197156	274	450	502	173	139	505	938	3594	137	1039	56	0	22	0	53	185	0	1356	3195	99	181	190	417	169	621	4647	35082	10249	0.112	
C:\Data\CD166_19_(2020)\CD166_19_S3\CD166_19_S3_REP2\XRF data\L000037.spe	66.75	7.98	1	0.010266	-0.008542	0.009449	0.078770	49571	2.06	146	1000	0	56	1483	581	6943	46650	191	9268	748	785	5770	184324	358	505	413	167	55	477	1036	4100	295	939	9	0	16	0	46	128	44	1397	3301	126	213	270	27	118	674	4472	34785	10357	0.112	
C:\Data\CD166_19_(2020)\CD166_19_S3\CD166_19_S3_REP2\XRF data\L000038.spe	67.75	7.98	1	0.010262	-0.008542	0.009449	0.078770	49489	2.00	149	1103	0	48	1468	586	7408	32723	64	9436	623	721	6156	191613	315	543	512	236	191	399	884	4296	214	993	21	0	14	0	217	157	32	1364	3315	129	213	231	230	117	591	5018	34834	10123	0.113	
C:\Data\CD166_19_(2020)\CD166_19_S3\CD166_19_S3_REP2\XRF data\L000039.spe	68.75	7.97	1	0.010265	-0.008542	0.009449	0.078770	49373	2.06	183	1117	0	70	1427	511	7334	38741	79	9712	547	683	5995	186368	354	457	432	218	256	459	916	4802	245	1082	29	0	74	0	102	193	7	1299	3257	80	175	210	231	250	698	4280	33440	10323	0.112	
C:\Data\CD166_19_(2020)\CD166_19_S3\CD166_19_S3_REP2\XRF data\L000040.spe	69.75	7.97	1	0.010264	-0.008542	0.009469	0.078770	50084	2.10	141	1150	0	71	1522	517	7243	44935	134	9528	561	773	11514	181516	589	518	504	125	250	485	886	5270	184	982	18	0	113	0	44	206	13	1376	3162	112	202	381	159	231	540	4296	34832	10379	0.113	
C:\Data\CD166_19_(2020)\CD166_19_S3\CD166_19_S3_REP2\XRF data\L000041.spe	70.75	7.97	1	0.010263	-0.008542	0.009469	0.078770	49557	1.95	174	1015	0	56	1535	570	6903	68705	82	8472	437	679	4857	170766	326	479	463	255	258	423	963	5667	189	964	5	4	86	0	153	160	35	1283	3279	157	105	188	0	5	607	4569	33498	10744	0.112	
C:\Data\CD166_19_(2020)\CD166_19_S3\CD166_19_S3_REP2\XRF data\L000042.spe	71.75	7.96	1	0.010263	-0.008542	0.009469	0.078770	47928	1.99	158	1074	0	93	1512	504	6686	64789	102	7959	547	638	8669	160877	450	452	354	205	227	461	817	5630	291	895	70	0	62	0	46	94	7	1411	3119	54	161	227	183	175	571	4352	33242	10684	0.111	
C:\Data\CD166_19_(2020)\CD166_19_S3\CD166_19_S3_REP2\XRF data\L000043.spe	72.75	7.97	1	0.010262	-0.008542	0.009469	0.078770	48465	2.14	140	1000	0	77	1476	531	7007	49891	63	8673	529	617	4413	176019	404	438	502	290	175	510	863	5071	149	964	43	0	49	0	164	134	36	1365	3221	204	260	308	112	119	657	4657	34268	10476	0.112	
C:\Data\CD166_19_(2020)\CD166_19_S3\CD166_19_S3_REP2\XRF data\L000044.spe	73.75	7.97	1	0.010265	-0.008542	0.009469	0.078770	50932	2.06	166	1104	0	83	1431	525	7435	29836	68	10427	661	699	6086	202216	350	461	563	382	155	429	1197	3713	170	990	13	0	38	0	38	215	18	1418	3221	55	217	338	0	210	668	4669	35457	10597	0.113	
C:\Data\CD166_19_(2020)\CD166_19_S3\CD166_19_S3_REP2\XRF data\L000045.spe	74.75	7.98	1	0.010265	-0.008542	0.009444	0.078770	50756	2.07	165	1220	10	76	1454	469	7435	25139	78	10732	801	842	4674	204236	291	531	502	294	211	410	1005	3323	304	955	34	0	32	0	124	203	6	1202	3145	131	156	321	236	166	626	5247	35802	10482	0.113	
C:\Data\CD166_19_(2020)\CD166_19_S3\CD166_19_S3_REP2\XRF data\L000046.spe	75.75	7.98	1	0.010265	-0.008542	0.009411	0.078770	50991	2.06	156	1187	26	77	1448	597	7507	21616	25	11153	752	757	4249	208418	307	449	408	301	120	482	1027	3283	298	1100	7	0	0	0	187	176	74	1322	3185	170	202	329	247	125	755	5108	35831	10684	0.114	
C:\Data\CD166_19_(2020)\CD166_19_S3\CD166_19_S3_REP2\XRF data\L000047.spe	76.75	7.98	1	0.010264	-0.008542	0.009411	0.078770	50159	2.11	163	1171	11	80	1422	495	7382	27598	0	10251	644	737	3622	199394	326	518	538	271	271	500	977	3500	231	1038	38	0	22	0	172	132	54	1355	3331	120	261	329	182	152	603	4844	35601	10213	0.113	
C:\Data\CD166_19_(2020)\CD166_19_S3\CD166_19_S3_REP2\XRF data\L000048.spe	77.75	7.98	1	0.010263	-0.008542	0.009411	0.078770	50282	2.09	141	1182	0	39	1437	453	7258	28343	63	9964	625	797	3445	200133	304	519	568	202	168	471	1078	3620	229	1012	9	0	44	0	204	144	33	1333	3220	169	158	234	0	96	737	5044	36154	10552	0.113	
C:\Data\CD166_19_(2020)\CD166_19_S3\CD166_19_S3_REP2\XRF data\L000049.spe	78.75	7.98	1	0.010264	-0.008542	0.009384	0.078770	50189	2.06	129	1130	0	54	1479	610	7381	29007	36	10475	618	744	3497	199987	293	431	446	163	269	424	1055	3905	189	1062	0	0	0	0	15	269	0	1483	3128	153	207	382	155	75	668	4903	34689	10278	0.112	
C:\Data\CD166_19_(2020)\CD166_19_S3\CD166_19_S3_REP2\XRF data\L000050.spe	79.75	7.98	1	0.010265	-0.008542	0.009384	0.078770	48441	2.02	161	1010	0	68	1555	554	7208	57978	280	8818	522	631	2729	169078	285	392	490	136	220	459	797	5027	317	762	42	0	44	0	56	190	0	1398	3194	0	157	369	255	79	574	4104	34660	10317	0.113	
C:\Data\CD166_19_(2020)\CD166_19_S3\CD166_19_S3_REP2\XRF data\L000051.spe	80.75	7.98	1	0.010265	-0.008542	0.009384	0.078770	48274	2.05	152	1073	10	86	1468	570	7204	60447	251	8571	546	668	2765	166717	282	448	506	249	190	480	807	5261	200	879	47	0	54	0	29	149	22	1309	3183	90	272	209	192	191	545	3803	34171	10236	0.113	
C:\Data\CD166_19_(2020)\CD166_19_S3\CD166_19_S3_REP2\XRF data\L000052.spe	81.75	7.98	1	0.010265	-0.008542	0.009353	0.078770	48665	2.04	151	1146	0	62	1445	564	6954	56716	219	8898	548	619	4024	169694	290	468	385	219	164	520	977	4760	120	898	44	0	89	0	20	225	0	1349	3244	55	109	208	137	32	555	4088	34729	10541	0.113	
C:\Data\CD166_19_(2020)\CD166_19_S3\CD166_19_S3_REP2\XRF data\L000053.spe	82.75	7.98	1	0.010266	-0.008542	0.009353	0.078770	49522	2.17	170	1137	0	62	1456	582	7013	39062	141	10115	612	797	3192	189535	293	441	470	142	146	512	1003	4269	163	829	18	0	51	0	73	208	11	1433	3177	155	253	219	0	76	679	4391	34832	9982	0.113	
C:\Data\CD166_19_(2020)\CD166_19_S3\CD166_19_S3_REP2\XRF data\L000054.spe	83.75	7.98	1	0.010266	-0.008542	0.009353	0.078770	48803	2.22	139	1198	0	88	1510	520	6886	51772	195	9610	586	626	3099	177554	285	350	389	231	171	441	892	5058	282	858	23	0	61	0	53	153	0	1321	3182	13	118	287	85	42	582	4227	34195	10511	0.111	
C:\Data\CD166_19_(2020)\CD166_19_S3\CD166_19_S3_REP2\XRF data\L000055.spe	84.75	7.98	1	0.010262	-0.008542	0.009353	0.078770	47942	2.11	159	1079	0	53	1502	600	6561	65229	213	8728	454	704	2738	162706	263	384	447	230	171	518	913	5286	150	960	32	0	99	0	130	129	6	1419	3219	27	262	197	0	6	585	4608	34168	10428	0.112	
C:\Data\CD166_19_(2020)\CD166_19_S3\CD166_19_S3_REP2\XRF data\L000056.spe	85.75	7.99	1	0.010264	-0.008542	0.009353	0.078770	48840	2.05	186	1179	12	53	1433	555	6923	55727	198	9331	553	744	3054	175556	368	525	534	276	142	493	847	5110	189	730	35	0	101	0	123	138	38	1364	3221	272	264	7	61	170	609	4221	34337	10208	0.112	
C:\Data\CD166_19_(2020)\CD166_19_S3\CD166_19_S3_REP2\XRF data\L000057.spe	86.75	7.99	1	0.010263	-0.008542	0.009353	0.078770	48300	2.17	162	1116	0	65	1425	539	6777	52775	131	9731	531	726	3076	174067	334	510	467	213	172	530	688	5111	269	897	18	0	53	0	57	181	14	1275	3170	94	197	258	196	127	501	4527	33526	10385	0.110	
C:\Data\CD166_19_(2020)\CD166_19_S3\CD166_19_S3_REP2\XRF data\L000058.spe	87.75	7.99	1	0.010263	-0.008542	0.009353	0.078770	47630	2.22	107	1063	0	59	1436	577	6623	59131	130	8989	465	642	2714	166874	303	406	496	214	107	358	847	4947	251	927	18	0	70	0	40	238	0	1436	3246	53	223	308	84	80	683	4523	33728	10109	0.111	
C:\Data\CD166_19_(2020)\CD166_19_S3\CD166_19_S3_REP2\XRF data\L000059.spe	88.75	7.99	1	0.010266	-0.008542	0.009353	0.078770	47602	2.17	160	1025	0	32	1449	576	6530	48868	224	9481	606	606	2852	177952	282	385	346	197	212	409	928	4368	181	867	0	0	0	0	0	243	0	1385	3064	204	162	372	0	157	635	4134	32474	9682	0.110	
C:\Data\CD166_19_(2020)\CD166_19_S3\CD166_19_S3_REP2\XRF data\L000060.spe	89.75	7.99	1	0.010266	-0.008542	0.009353	0.078770	47835	2.13	143	1023	5	49	1311	521	6727	39107	145	9740	516	653	3155	181765	297	493	447	234	191	431	858	4477	164	922	68	0	0	0	5	201	0	1421	3141	74	198	332	138	0	620	4535	33935	9950	0.111	
C:\Data\CD166_19_(2020)\CD166_19_S3\CD166_19_S3_REP2\XRF data\L000061.spe	90.75	8.00	1	0.010266	-0.008542	0.009353	0.078770	48604	2.24	174	1079	0	42	1470	486	7028	38976	128	9632	609	622	3376	185386	317	466	492	282	190	471	789	4364	214	985	53	0	23	0	77	153	0	1272	3093	118	274	208	223	43	696	4222	34327	10202	0.111	
C:\Data\CD166_19_(2020)\CD166_19_S3\CD166_19_S3_REP2\XRF data\L000062.spe	91.75	8.01	1	0.010262	-0.008542	0.009353	0.078770	47279	2.15	127	1011	0	42	1368	647	6618	40345	181	9735	581	757	4829	177333	376	567	347	201	125	421	899	4494	240	950	33	0	98	0	63	205	12	1226	2984	216	175	228	25	183	590	4574	33124	10087	0.111	
C:\Data\CD166_19_(2020)\CD166_19_S3\CD166_19_S3_REP2\XRF data\L000063.spe	92.75	8.01	1	0.010262	-0.008542	0.009523	0.078770	48887	2.12	99	1004	0	68	1478	559	6685	49196	153	9255	583	643	9144	176417	399	503	381	191	153	409	912	5038	172	928	37	0	54	0	204	111	6	1330	3293	224	177	197	0	80	559	4887	33603	10298	0.111	
C:\Data\CD166_19_(2020)\CD166_19_S3\CD166_19_S3_REP2\XRF data\L000064.spe	93.75	8.01	1	0.010262	-0.008542	0.009565	0.078770	46996	2.11	136	1008	0	72	1584	544	6875	62344	96	8504	511	616	3368	161055	268	445	465	261	223	444	876	5767	330	880	53	0	140	0	127	110	73	1308	3296	109	279	344	30	78	552	4334	32795	10184	0.110	
C:\Data\CD166_19_(2020)\CD166_19_S3\CD166_19_S3_REP2\XRF data\L000065.spe	94.75	8.02	1	0.010264	-0.008542	0.009565	0.078770	47544	2.07	170	943	0	93	1623	656	6416	72849	228	8259	590	634	3172	156749	287	365	417	152	154	403	897	6209	302	915	32	0	109	0	81	127	0	1235	3153	50	131	230	0	7	613	4164	34044	10574	0.111	
C:\Data\CD166_19_(2020)\CD166_19_S3\CD166_19_S3_REP2\XRF data\L000066.spe	95.75	8.02	1	0.010265	-0.008542	0.009565	0.078770	47929	2.01	154	988	0	56	1732	608	6551	60786	264	8737	549	615	3099	165641	274	412	420	264	142	562	941	5499	268	919	11	12	56	0	0	239	0	1278	3288	99	158	229	0	0	550	4399	34115	10340	0.112	
C:\Data\CD166_19_(2020)\CD166_19_S3\CD166_19_S3_REP2\XRF data\L000067.spe	96.75	8.02	1	0.010265	-0.008542	0.009581	0.078770	47872	2.02	124	976	0	85	1650	583	6643	61399	181	8816	555	572	2751	165487	236	296	352	96	229	455	684	5732	53	718	48	0	119	0	0	224	0	1402	3245	28	212	290	140	76	553	3935	33668	10441	0.112	
C:\Data\CD166_19_(2020)\CD166_19_S3\CD166_19_S3_REP2\XRF data\L000068.spe	97.75	8.01	1	0.010266	-0.008542	0.009581	0.078770	47068	2.20	177	970	0	74	1794	546	6563	67330	271	8367	543	593	2424	155784	337	397	365	201	191	446	801	6247	228	955	75	0	91	0	0	232	0	1359	3286	162	177	371	61	137	592	3690	33679	10715	0.111	
C:\Data\CD166_19_(2020)\CD166_19_S3\CD166_19_S3_REP2\XRF data\L000069.spe	98.75	8.02	1	0.010262	-0.008542	0.009581	0.078770	47857	2.13	144	894	0	66	1738	647	6358	68388	310	8434	597	613	2502	160938	294	477	473	114	168	429	718	5816	258	876	16	10	45	0	137	100	12	1296	3237	93	242	197	131	51	446	4282	33952	10468	0.112	
C:\Data\CD166_19_(2020)\CD166_19_S3\CD166_19_S3_REP2\XRF data\L000070.spe	99.75	8.02	1	0.010262	-0.008542	0.009528	0.078770	47543	2.13	160	903	0	73	1744	667	6338	55958	128	8555	595	626	2658	168692	240	434	392	210	152	460	670	5001	210	894	0	0	99	0	201	105	0	1357	3230	197	223	179	53	0	614	4888	33913	10298	0.111	
C:\Data\CD166_19_(2020)\CD166_19_S3\CD166_19_S3_REP2\XRF data\L000071.spe	100.75	8.02	1	0.010262	-0.008542	0.009528	0.078770	45583	2.04	126	841	0	58	1677	614	5903	82759	230	7689	400	670	2271	141847	310	388	353	184	231	421	675	5952	150	860	51	0	72	0	120	54	67	1358	3241	88	166	70	43	33	489	4017	32471	10037	0.109	
C:\Data\CD166_19_(2020)\CD166_19_S3\CD166_19_S3_REP2\XRF data\L000072.spe	101.75	8.02	1	0.010261	-0.008542	0.009528	0.078770	44819	2.31	125	809	0	50	1699	658	5389	129952	404	5712	316	434	2004	106309	293	255	293	202	155	538	426	7516	228	633	70	47	199	0	30	102	0	1149	3293	15	151	82	181	0	313	3194	32479	10167	0.109	
C:\Data\CD166_19_(2020)\CD166_19_S3\CD166_19_S3_REP2\XRF data\L000073.spe	102.75	8.01	1	0.010260	-0.008542	0.009528	0.078770	44504	2.51	148	658	0	89	1687	590	5049	144684	449	4811	187	467	1698	94910	298	355	332	157	122	428	539	7679	150	709	63	51	249	0	0	67	30	1164	3355	55	102	80	0	0	370	2934	32575	10684	0.110	
C:\Data\CD166_19_(2020)\CD166_19_S3\CD166_19_S3_REP2\XRF data\L000074.spe	103.75	8.02	1	0.010265	-0.008542	0.009528	0.078770	45389	2.19	121	771	0	92	1671	661	5556	123423	588	5840	348	396	1887	113157	253	384	330	102	235	489	628	7004	172	916	60	76	104	0	0	153	0	1167	3163	152	212	179	139	0	313	2969	32670	10475	0.110	
C:\Data\CD166_19_(2020)\CD166_19_S3\CD166_19_S3_REP2\XRF data\L000075.spe	104.75	8.03	1	0.010266	-0.008542	0.009528	0.078770	46190	2.14	118	819	0	67	1764	681	5685	117111	483	6353	419	450	1867	121514	271	423	339	176	186	428	714	7224	29	796	32	13	22	0	0	137	0	1083	3397	83	182	126	0	107	377	2914	32745	10441	0.110	
C:\Data\CD166_19_(2020)\CD166_19_S3\CD166_19_S3_REP2\XRF data\L000076.spe	105.75	8.03	1	0.010266	-0.008542	0.009463	0.078770	46518	2.13	98	839	0	88	1609	622	5961	105553	425	6899	382	499	2004	130616	247	345	322	191	169	531	521	6733	321	797	45	23	129	0	0	141	0	1171	3269	123	221	178	368	4	371	3302	33577	10422	0.110	
C:\Data\CD166_19_(2020)\CD166_19_S3\CD166_19_S3_REP2\XRF data\L000077.spe	106.75	8.03	1	0.010263	-0.008542	0.009463	0.078770	45716	2.09	109	879	0	93	1639	674	5842	96535	308	6992	364	599	1951	129111	264	349	329	200	124	548	532	7004	183	812	37	15	166	0	0	139	0	1219	3438	57	268	87	321	0	380	3340	32966	10457	0.110	
C:\Data\CD166_19_(2020)\CD166_19_S3\CD166_19_S3_REP2\XRF data\L000078.spe	107.75	8.03	1	0.010265	-0.008542	0.009463	0.078770	45475	2.12	137	947	0	96	1671	634	5884	93449	513	7005	479	498	2546	129616	309	300	354	187	223	497	812	6633	165	690	24	44	119	0	14	106	7	1314	3344	192	283	96	105	164	437	3082	33046	10297	0.111	
C:\Data\CD166_19_(2020)\CD166_19_S3\CD166_19_S3_REP2\XRF data\L000079.spe	108.75	8.03	1	0.010264	-0.008542	0.009463	0.078770	45653	2.21	140	960	0	78	1570	608	6080	88899	222	7351	397	578	2062	135571	234	374	334	249	204	518	760	6386	210	780	44	36	130	0	0	85	16	1214	3315	193	250	152	0	5	442	3356	32966	10041	0.110	
C:\Data\CD166_19_(2020)\CD166_19_S3\CD166_19_S3_REP2\XRF data\L000080.spe	109.75	8.03	1	0.010263	-0.008542	0.009463	0.078770	45093	2.10	142	981	0	108	1543	618	6178	92462	355	7414	379	543	1980	130473	243	315	350	144	197	402	551	7088	181	600	82	23	210	0	126	96	0	1311	3222	111	209	234	175	0	450	3563	31936	10175	0.110	
C:\Data\CD166_19_(2020)\CD166_19_S3\CD166_19_S3_REP2\XRF data\L000081.spe	110.75	8.03	1	0.010262	-0.008542	0.009463	0.078770	45079	2.24	150	1015	0	59	1549	642	6327	98543	439	7303	351	586	1798	125195	275	427	351	221	184	319	646	7806	152	765	35	29	90	0	140	56	33	1128	3253	20	108	34	0	190	428	3140	33014	10447	0.110	
C:\Data\CD166_19_(2020)\CD166_19_S3\CD166_19_S3_REP2\XRF data\L000082.spe	111.75	8.03	1	0.010267	-0.008542	0.009463	0.078770	46968	2.11	157	1013	0	84	1602	569	6310	86200	281	8033	472	558	2185	143976	229	366	363	251	194	530	598	7098	320	704	69	0	73	0	0	149	0	1279	3337	16	202	138	200	121	475	3286	33620	10426	0.111	
C:\Data\CD166_19_(2020)\CD166_19_S3\CD166_19_S3_REP2\XRF data\L000083.spe	112.75	8.03	1	0.010265	-0.008542	0.009463	0.078770	47442	2.01	151	985	0	70	1672	728	6379	66816	317	8330	517	603	2448	160184	249	469	420	154	275	525	823	5640	322	832	32	0	94	0	0	188	0	1344	3171	172	249	202	42	21	574	4024	34104	9912	0.111	
C:\Data\CD166_19_(2020)\CD166_19_S3\CD166_19_S3_REP2\XRF data\L000084.spe	113.75	8.04	1	0.010265	-0.008542	0.009463	0.078770	46373	2.11	165	842	0	98	1625	632	5916	80032	330	7689	522	543	2300	147772	299	415	409	170	210	387	657	5907	141	805	36	13	61	0	48	100	0	1277	3327	108	287	138	251	118	504	3521	32505	10093	0.110	
C:\Data\CD166_19_(2020)\CD166_19_S3\CD166_19_S3_REP2\XRF data\L000085.spe	114.75	8.03	1	0.010263	-0.008542	0.009399	0.078770	46462	2.02	116	997	0	73	1596	703	6079	87205	287	7833	473	559	2265	142272	280	384	387	215	198	450	589	7127	262	841	25	0	104	0	21	145	0	1099	3162	168	252	78	72	139	502	3503	32838	10334	0.110	
C:\Data\CD166_19_(2020)\CD166_19_S3\CD166_19_S3_REP2\XRF data\L000086.spe	115.75	8.03	1	0.010265	-0.008542	0.009359	0.078770	47032	2.13	149	988	0	96	1458	665	6590	74076	302	8227	496	604	2654	153929	281	438	426	220	203	529	772	6203	150	855	37	0	175	0	77	131	31	1246	3289	112	279	337	183	148	507	3631	33139	10133	0.111	
C:\Data\CD166_19_(2020)\CD166_19_S3\CD166_19_S3_REP2\XRF data\L000087.spe	116.75	8.03	1	0.010265	-0.008542	0.009359	0.078770	45734	2.09	125	996	0	86	1568	671	5913	94521	388	7042	383	510	2561	132497	203	374	357	214	198	517	601	7027	105	799	82	0	81	0	0	189	0	1233	3281	132	232	75	23	185	297	3141	31809	10170	0.110	
C:\Data\CD166_19_(2020)\CD166_19_S3\CD166_19_S3_REP2\XRF data\L000088.spe	117.75	8.03	1	0.010265	-0.008542	0.009416	0.078770	45317	2.09	94	906	0	105	1566	725	5920	101349	409	6616	398	418	2289	126829	262	391	369	154	184	451	519	7355	301	715	5	25	69	0	0	151	0	1194	3326	80	242	73	182	0	437	3280	31905	10328	0.109	
C:\Data\CD166_19_(2020)\CD166_19_S3\CD166_19_S3_REP2\XRF data\L000089.spe	118.75	8.03	1	0.010264	-0.008542	0.009451	0.078770	44784	2.04	165	903	0	97	1535	680	6342	87240	282	7299	415	552	2263	133015	251	426	338	179	198	520	532	7701	203	750	53	0	25	0	14	160	20	1257	3228	119	134	232	0	138	458	3204	31690	10035	0.109	
C:\Data\CD166_19_(2020)\CD166_19_S3\CD166_19_S3_REP2\XRF data\L000090.spe	119.75	8.03	1	0.010264	-0.008542	0.009451	0.078770	45162	2.04	87	912	0	77	1634	714	5899	103873	454	6721	364	516	2447	124352	225	317	303	179	243	506	473	7647	228	782	55	20	54	0	0	143	0	1179	3176	129	152	90	172	100	439	2947	31855	10358	0.108	
C:\Data\CD166_19_(2020)\CD166_19_S3\CD166_19_S3_REP2\XRF data\L000091.spe	120.75	8.03	1	0.010265	-0.008542	0.009451	0.078770	44676	2.10	109	850	0	114	1622	719	5500	100347	496	6753	324	472	2381	125949	242	341	369	100	135	391	622	7512	137	781	46	13	60	0	0	200	0	1163	3234	0	173	144	0	0	409	3091	31095	10057	0.108	
C:\Data\CD166_19_(2020)\CD166_19_S3\CD166_19_S3_REP2\XRF data\L000092.spe	121.75	8.02	1	0.010265	-0.008542	0.009451	0.078770	44290	2.07	110	855	0	133	1616	724	5462	110118	602	6502	317	586	1925	118081	316	408	389	174	334	338	638	7929	294	705	44	41	95	0	0	84	0	1187	3165	145	77	172	0	100	463	3017	30754	9972	0.108	
C:\Data\CD166_19_(2020)\CD166_19_S3\CD166_19_S3_REP2\XRF data\L000093.spe	122.75	8.03	1	0.010266	-0.008542	0.009451	0.078770	44925	2.27	155	807	0	82	1612	682	5370	106344	390	6865	350	466	1964	125082	262	292	434	181	171	405	470	8015	145	631	22	6	71	0	0	103	0	1167	3277	24	129	64	134	173	457	2752	30438	10032	0.108	
C:\Data\CD166_19_(2020)\CD166_19_S3\CD166_19_S3_REP2\XRF data\L000094.spe	123.75	8.03	1	0.010263	-0.008542	0.009451	0.078770	44938	2.19	131	881	0	100	1616	654	5463	110556	486	6824	372	554	2268	121917	233	415	459	213	180	416	531	8303	131	707	64	48	71	0	0	125	0	1146	3374	120	244	9	0	8	365	3426	30172	10088	0.107	
C:\Data\CD166_19_(2020)\CD166_19_S3\CD166_19_S3_REP2\XRF data\L000095.spe	124.75	8.03	1	0.010262	-0.008542	0.009451	0.078770	44063	2.14	153	806	0	126	1673	703	5306	117157	488	6139	340	529	2001	111791	252	384	407	197	136	495	352	8460	105	695	58	28	174	0	0	116	13	1177	3284	101	164	168	24	29	372	3070	30863	9974	0.107	
C:\Data\CD166_19_(2020)\CD166_19_S3\CD166_19_S3_REP2\XRF data\L000096.spe	125.75	8.03	1	0.010262	-0.008542	0.009451	0.078770	44656	2.24	130	824	0	66	1709	726	5342	118558	380	6388	366	473	1795	115411	193	327	350	178	151	439	320	8556	201	741	6	34	149	0	13	81	0	1189	3259	102	113	44	173	0	377	3240	30936	10116	0.106	
C:\Data\CD166_19_(2020)\CD166_19_S3\CD166_19_S3_REP2\XRF data\L000097.spe	126.75	8.03	1	0.010262	-0.008542	0.009407	0.078770	44129	2.25	139	762	0	106	1720	812	4989	127419	489	5768	367	411	1761	108152	302	323	322	154	274	435	389	8692	146	606	44	52	134	0	0	69	6	1098	3254	161	151	0	0	13	435	2947	30539	10375	0.106	
C:\Data\CD166_19_(2020)\CD166_19_S3\CD166_19_S3_REP2\XRF data\L000098.spe	127.75	8.03	1	0.010262	-0.008542	0.009455	0.078770	44055	2.28	123	687	0	60	1779	753	4598	138580	493	5522	322	387	1660	102558	242	329	291	99	196	386	398	9114	228	659	97	66	188	0	0	89	0	1083	3196	55	65	15	19	67	279	2769	30120	10191	0.105	
C:\Data\CD166_19_(2020)\CD166_19_S3\CD166_19_S3_REP2\XRF data\L000099.spe	128.75	8.03	1	0.010261	-0.008542	0.009455	0.078770	44861	2.52	113	749	0	64	1676	645	4719	147873	326	5593	301	536	1544	102226	257	268	292	178	122	427	397	9243	225	842	68	11	112	0	75	20	12	1084	3298	0	138	0	0	0	313	2920	30281	10310	0.106	
C:\Data\CD166_19_(2020)\CD166_19_S3\CD166_19_S3_REP2\XRF data\L000100.spe	129.75	8.03	1	0.010267	-0.008542	0.009455	0.078770	44459	2.25	107	680	0	100	1774	723	4848	134290	705	6083	312	463	1832	107058	270	311	371	217	120	459	407	8500	219	806	51	30	30	0	0	163	0	1035	3271	116	168	77	69	127	383	2365	30470	10320	0.106	
C:\Data\CD166_19_(2020)\CD166_19_S3\CD166_19_S3_REP2\XRF data\L000101.spe	130.75	8.03	1	0.010266	-0.008542	0.009455	0.078770	44741	2.16	141	779	0	89	1683	733	4863	125085	498	6794	338	583	1728	115041	240	375	378	119	151	437	438	8743	206	532	31	48	98	0	0	117	0	1064	3131	121	197	90	107	100	377	2706	29705	10015	0.106	
C:\Data\CD166_19_(2020)\CD166_19_S3\CD166_19_S3_REP2\XRF data\L000102.spe	131.75	8.03	1	0.010266	-0.008542	0.009455	0.078770	44154	2.35	140	705	0	59	1704	781	4368	151320	731	6091	303	351	1446	96276	298	279	283	176	145	370	160	9409	157	432	68	31	122	0	0	191	0	1147	3336	6	145	0	175	76	293	2240	29097	9898	0.105	
C:\Data\CD166_19_(2020)\CD166_19_S3\CD166_19_S3_REP2\XRF data\L000103.spe	132.75	8.03	1	0.010262	-0.008542	0.009455	0.078770	44126	2.19	129	690	0	94	1761	791	4151	166537	609	5378	213	369	1245	87787	204	219	283	119	157	253	315	10118	173	615	112	88	202	0	0	110	0	1060	3214	0	33	116	0	0	284	2492	28275	10028	0.105	
C:\Data\CD166_19_(2020)\CD166_19_S3\CD166_19_S3_REP2\XRF data\L000104.spe	133.75	8.03	1	0.010263	-0.008542	0.009455	0.078770	44416	2.16	80	653	0	69	1815	741	4338	158909	561	5845	279	410	1351	92988	200	230	298	119	103	391	363	10216	68	659	61	53	135	0	0	97	0	1102	3184	58	104	39	39	13	252	2322	29556	10332	0.105	
C:\Data\CD166_19_(2020)\CD166_19_S3\CD166_19_S3_REP2\XRF data\L000105.spe	134.75	8.02	1	0.010262	-0.008542	0.009455	0.078770	44836	2.37	87	645	0	71	1787	701	4369	159643	412	5747	274	391	1400	93734	197	263	320	211	179	331	328	10395	121	699	99	54	153	0	0	89	10	968	3387	88	152	11	23	0	295	2543	29962	10350	0.106	
C:\Data\CD166_19_(2020)\CD166_19_S3\CD166_19_S3_REP2\XRF data\L000106.spe	135.75	8.02	1	0.010266	-0.008542	0.009455	0.078770	43945	2.24	112	633	0	45	1717	736	4310	150842	800	5339	265	313	1360	93991	204	267	282	144	34	412	331	9612	136	545	48	89	0	0	0	110	0	1027	3303	27	248	239	14	87	370	2166	29924	10196	0.106	
C:\Data\CD166_19_(2020)\CD166_19_S3\CD166_19_S3_REP2\XRF data\L000107.spe	136.75	8.02	1	0.010266	-0.008542	0.009409	0.078770	43832	2.26	119	644	0	110	1783	772	4386	154040	840	5157	264	318	1300	92516	230	260	249	119	165	486	385	9357	127	410	76	58	100	0	0	133	0	1087	3276	118	87	0	132	64	329	2031	30258	10014	0.105	
C:\Data\CD166_19_(2020)\CD166_19_S3\CD166_19_S3_REP2\XRF data\L000108.spe	137.75	8.02	1	0.010266	-0.008542	0.009409	0.078770	42454	2.24	130	677	0	75	1587	745	4039	152681	805	5127	263	338	1296	85903	220	153	262	88	182	465	341	9298	193	656	121	58	120	0	0	109	0	1064	3178	0	195	79	79	55	268	1904	29233	9807	0.104	
C:\Data\CD166_19_(2020)\CD166_19_S3\CD166_19_S3_REP2\XRF data\L000109.spe	138.75	8.02	1	0.010267	-0.008542	0.009409	0.078770	45231	2.37	92	630	0	124	1744	718	3871	179623	929	4903	217	450	1536	86734	195	177	247	111	106	387	290	9784	235	585	87	105	153	0	0	47	0	1103	3229	79	177	103	58	0	295	2159	29984	10046	0.105	
C:\Data\CD166_19_(2020)\CD166_19_S3\CD166_19_S3_REP2\XRF data\L000110.spe	139.75	8.02	1	0.010268	-0.008542	0.009409	0.078770	44472	2.58	125	559	0	47	1661	795	3864	168290	958	5405	268	422	1703	89689	264	148	263	110	186	470	287	9885	162	609	47	82	89	0	0	153	0	1113	3395	112	158	73	0	94	265	1934	29437	10156	0.105	
C:\Data\CD166_19_(2020)\CD166_19_S3\CD166_19_S3_REP2\XRF data\L000111.spe	140.75	8.02	1	0.010263	-0.008542	0.009409	0.078770	45561	2.25	84	635	0	46	1703	721	4075	157535	476	6108	330	440	2160	101943	169	313	307	120	164	387	501	9513	237	552	69	32	142	0	0	107	0	1026	3277	79	307	103	0	0	335	2738	29639	10252	0.106	
C:\Data\CD166_19_(2020)\CD166_19_S3\CD166_19_S3_REP2\XRF data\L000112.spe	141.75	8.01	1	0.010262	-0.008542	0.009409	0.078770	44939	2.19	77	691	0	94	1702	722	4153	153442	570	6153	354	372	3576	100875	222	258	334	146	198	344	443	9158	114	661	80	65	88	0	0	125	0	1137	3235	73	228	93	0	28	308	2665	28984	9888	0.105	
C:\Data\CD166_19_(2020)\CD166_19_S3\CD166_19_S3_REP2\XRF data\L000113.spe	142.75	8.01	1	0.010262	-0.008542	0.009458	0.078770	45761	2.21	121	715	0	117	1698	723	3959	158665	622	6272	325	404	10894	99545	207	336	185	96	119	374	307	8836	104	674	124	58	177	0	0	125	0	973	3307	115	195	101	80	100	354	2660	28669	9903	0.104	
C:\Data\CD166_19_(2020)\CD166_19_S3\CD166_19_S3_REP2\XRF data\L000114.spe	143.75	8.01	1	0.010261	-0.008542	0.009458	0.078770	46186	2.44	87	617	0	106	1738	847	3525	176821	510	6076	261	453	11494	92597	230	247	223	135	91	427	328	9156	121	576	52	60	109	0	0	145	0	1077	3316	0	229	0	65	29	347	2542	29076	9921	0.103	
C:\Data\CD166_19_(2020)\CD166_19_S3\CD166_19_S3_REP2\XRF data\L000115.spe	144.75	8.02	1	0.010266	-0.008542	0.009458	0.078770	46005	2.29	112	598	0	117	1604	735	3444	175023	729	5923	340	358	11293	93609	314	266	297	0	175	336	305	8904	78	551	85	77	158	0	0	122	0	1136	3207	67	44	11	0	93	276	2079	28763	9978	0.103	
C:\Data\CD166_19_(2020)\CD166_19_S3\CD166_19_S3_REP2\XRF data\L000116.spe	145.75	8.01	1	0.010264	-0.008542	0.009458	0.078770	45021	2.31	103	499	0	98	1776	727	2999	189248	766	5510	189	470	5316	83883	222	245	290	111	209	371	216	9774	108	608	84	93	63	0	0	109	0	909	3169	0	175	162	0	47	164	1973	27761	9872	0.102	
C:\Data\CD166_19_(2020)\CD166_19_S3\CD166_19_S3_REP2\XRF data\L000117.spe	146.75	8.00	1	0.010265	-0.008542	0.009458	0.078770	45478	2.55	114	531	0	47	1796	793	3105	189329	611	5629	233	410	8260	84076	291	306	308	204	208	359	283	9959	167	523	11	91	197	0	0	132	0	986	3181	0	241	84	0	12	330	2154	27539	10163	0.103	
C:\Data\CD166_19_(2020)\CD166_19_S3\CD166_19_S3_REP2\XRF data\L000118.spe	147.75	8.01	1	0.010262	-0.008542	0.009439	0.078770	45126	2.33	111	566	0	157	1746	798	3117	201229	543	4738	239	353	3021	76944	261	137	238	167	180	348	123	9987	217	610	110	111	138	0	10	0	0	984	3158	0	190	135	94	62	316	2039	28658	10056	0.103	
C:\Data\CD166_19_(2020)\CD166_19_S3\CD166_19_S3_REP2\XRF data\L000119.spe	148.75	8.00	1	0.010265	-0.008542	0.009439	0.078770	45909	2.58	98	487	0	88	1741	803	2915	205520	824	4820	265	357	7715	76411	358	242	234	54	173	338	189	10078	131	610	88	66	113	0	0	154	0	1050	3159	0	194	163	66	62	305	2040	28432	10027	0.103	
C:\Data\CD166_19_(2020)\CD166_19_S3\CD166_19_S3_REP2\XRF data\L000120.spe	149.75	8.01	1	0.010266	-0.008542	0.009439	0.078770	46628	2.39	101	465	0	169	1815	769	2962	207899	1061	4908	215	399	5319	78835	320	272	272	202	181	452	321	9993	169	698	134	76	121	0	0	62	0	899	3300	81	102	57	41	82	312	2245	28855	10100	0.104	
C:\Data\CD166_19_(2020)\CD166_19_S3\CD166_19_S3_REP2\XRF data\L000121.spe	150.75	7.99	1	0.010263	-0.008542	0.009439	0.078770	45477	2.30	72	468	0	74	1818	843	3423	190382	775	4716	176	405	1882	81704	283	185	265	67	149	499	278	9471	180	545	58	76	136	0	0	47	0	1007	3434	142	142	243	184	0	413	2461	29995	10119	0.105	
C:\Data\CD166_19_(2020)\CD166_19_S3\CD166_19_S3_REP2\XRF data\L000122.spe	151.75	8.00	1	0.010263	-0.008542	0.009473	0.078770	44870	2.31	100	537	0	115	1779	794	3771	183611	577	4624	245	441	2378	82441	262	261	310	225	135	568	284	9187	176	623	95	78	171	0	0	121	0	1062	3359	102	232	51	142	0	339	2376	29643	10027	0.104	
C:\Data\CD166_19_(2020)\CD166_19_S3\CD166_19_S3_REP2\XRF data\L000123.spe	152.75	8.00	1	0.010264	-0.008542	0.009473	0.078770	45033	2.37	89	562	0	92	1677	769	3779	177583	589	4973	193	397	1878	86427	269	311	258	153	128	378	225	9252	236	575	106	63	191	0	0	115	0	1077	3427	121	303	0	252	0	284	2340	30170	10071	0.105	
C:\Data\CD166_19_(2020)\CD166_19_S3\CD166_19_S3_REP2\XRF data\L000124.spe	153.75	8.00	1	0.010265	-0.008542	0.009473	0.078770	45146	2.28	106	644	0	108	1715	739	4186	161164	645	5203	218	404	5722	94212	225	207	255	52	206	443	203	8831	258	722	74	46	113	0	0	75	0	1171	3258	0	291	179	235	0	303	2416	29946	10122	0.105	
C:\Data\CD166_19_(2020)\CD166_19_S3\CD166_19_S3_REP2\XRF data\L000125.spe	154.75	8.00	1	0.010265	-0.008542	0.009425	0.078770	44944	2.30	55	529	0	96	1731	741	3465	187883	967	4530	207	359	10249	78863	341	266	267	95	279	433	233	9739	58	584	79	67	130	0	0	110	0	1078	3134	65	159	55	55	225	276	1919	27621	9820	0.102	
C:\Data\CD166_19_(2020)\CD166_19_S3\CD166_19_S3_REP2\XRF data\L000126.spe	155.75	8.00	1	0.010266	-0.008542	0.009425	0.078770	45408	2.40	95	493	0	150	1876	786	3090	216354	1044	3825	163	280	11477	62667	338	195	274	141	235	463	133	10650	267	492	112	88	57	0	0	121	0	962	3303	93	161	122	193	38	265	1790	27839	9940	0.101	
C:\Data\CD166_19_(2020)\CD166_19_S3\CD166_19_S3_REP2\XRF data\L000127.spe	156.75	7.99	1	0.010266	-0.008542	0.009382	0.078770	45560	2.39	125	512	0	161	1795	789	2861	224103	1028	3942	139	361	2293	66609	234	179	241	111	136	364	170	10548	117	468	137	138	121	0	0	110	0	955	3282	12	186	41	54	92	275	1574	27360	9681	0.102	
C:\Data\CD166_19_(2020)\CD166_19_S3\CD166_19_S3_REP2\XRF data\L000128.spe	157.75	7.99	1	0.010267	-0.008542	0.009382	0.078770	46068	2.83	90	437	0	119	1897	772	2892	236843	1232	3920	168	315	1036	62423	200	166	219	160	165	412	90	11157	182	435	94	120	136	0	0	94	0	1084	3345	131	186	0	0	35	251	1500	27755	10259	0.103	
C:\Data\CD166_19_(2020)\CD166_19_S3\CD166_19_S3_REP2\XRF data\L000129.spe	158.75	7.99	1	0.010261	-0.008542	0.009382	0.078770	45140	2.49	75	405	0	95	1801	828	2774	238683	469	3592	156	260	2728	54872	284	184	300	152	164	290	198	11067	163	627	124	97	94	0	0	54	0	989	3396	73	252	0	0	14	217	1638	27073	10089	0.102	
C:\Data\CD166_19_(2020)\CD166_19_S3\CD166_19_S3_REP2\XRF data\L000130.spe	159.75	7.99	1	0.010261	-0.008542	0.009399	0.078770	44374	2.49	79	477	0	86	1723	763	2819	229834	714	3147	136	280	1978	54900	259	85	150	161	79	366	55	10893	120	483	159	95	190	0	0	72	0	985	3166	84	175	0	50	0	242	1691	28038	10231	0.103	
C:\Data\CD166_19_(2020)\CD166_19_S3\CD166_19_S3_REP2\XRF data\L000131.spe	160.75	7.98	1	0.010263	-0.008542	0.009399	0.078770	44777	2.44	86	488	0	170	1752	790	2944	237878	1062	2974	202	269	1483	52345	256	128	242	67	167	363	93	11269	120	436	114	137	91	0	0	89	0	969	3348	56	115	5	0	54	229	1560	28404	10205	0.103	
C:\Data\CD166_19_(2020)\CD166_19_S3\CD166_19_S3_REP2\XRF data\L000132.spe	161.75	7.98	1	0.010262	-0.008542	0.009399	0.078770	44857	2.51	128	463	0	44	1814	791	3032	239398	895	2717	27	265	1052	49996	260	212	202	144	194	421	229	11719	251	600	128	123	153	0	0	113	0	843	3400	51	164	60	0	74	143	1441	28183	10352	0.104	
C:\Data\CD166_19_(2020)\CD166_19_S3\CD166_19_S3_REP2\XRF data\L000133.spe	162.75	7.98	1	0.010265	-0.008542	0.009399	0.078770	42844	2.30	65	451	0	110	1642	866	2990	224978	766	2453	40	242	1348	44912	261	125	224	87	130	359	132	11530	175	544	79	162	86	0	0	56	0	899	3148	9	200	131	0	35	189	1389	28623	10389	0.104	
C:\Data\CD166_19_(2020)\CD166_19_S3\CD166_19_S3_REP2\XRF data\L000134.spe	163.75	7.97	1	0.010265	-0.008542	0.009399	0.078770	46310	2.36	109	543	0	127	1828	825	3385	256045	1186	2734	139	277	1843	50066	252	162	200	103	190	428	167	11909	195	682	136	146	97	0	0	69	0	968	3323	0	202	67	13	12	99	1545	28297	10491	0.103	
C:\Data\CD166_19_(2020)\CD166_19_S3\CD166_19_S3_REP2\XRF data\L000135.spe	164.75	7.93	1	0.010266	-0.008542	0.009399	0.078770	40854	2.45	46	470	0	75	1646	772	2997	225431	921	2037	69	193	677	42031	169	169	192	103	138	409	300	10370	145	436	124	113	35	0	0	95	0	903	3192	77	100	98	0	38	174	1045	25780	9182	0.099	
C:\Data\CD166_19_(2020)\CD166_19_S3\CD166_19_S3_REP2\XRF data\L000136.spe	165.75	7.91	1	0.010262	-0.008542	0.009399	0.078770	39325	2.33	55	454	0	112	1592	830	2849	213306	633	2017	35	172	668	40544	161	139	180	134	110	436	214	10196	81	384	110	117	64	0	0	32	0	881	3023	0	187	82	0	0	125	1293	25166	9017	0.098	
C:\Data\CD166_19_(2020)\CD166_19_S3\CD166_19_S3_REP2\XRF data\L000137.spe	166.75	7.92	1	0.010262	-0.008542	0.009399	0.078770	38945	2.32	95	497	0	110	1594	821	3018	208712	709	2135	136	260	572	40614	177	152	171	153	118	336	104	10024	97	466	85	127	121	0	0	14	23	883	3146	70	230	0	19	0	175	1240	24459	8873	0.098	
C:\Data\CD166_19_(2020)\CD166_19_S3\CD166_19_S3_REP2\XRF data\L000138.spe	167.75	7.92	1	0.010261	-0.008542	0.009399	0.078770	39409	2.50	82	442	0	86	1593	829	2973	209036	705	2036	120	235	537	42632	159	160	181	138	190	370	164	10168	61	419	89	121	167	0	0	48	0	875	3090	14	141	170	80	0	205	1407	25493	9086	0.098	
C:\Data\CD166_19_(2020)\CD166_19_S3\CD166_19_S3_REP2\XRF data\L000139.spe	168.75	7.93	1	0.010261	-0.008542	0.009383	0.078770	40434	2.50	84	418	0	90	1513	769	2969	224277	785	2187	80	235	508	41029	197	156	131	93	157	342	200	10398	78	397	86	116	137	0	0	70	0	887	3063	29	146	6	0	0	192	1323	25695	9360	0.097	
C:\Data\CD166_19_(2020)\CD166_19_S3\CD166_19_S3_REP2\XRF data\L000140.spe	169.75	7.93	1	0.010265	-0.008542	0.009383	0.078770	41086	2.31	82	452	0	148	1619	836	3036	228022	987	2313	45	259	549	41745	222	124	211	108	89	350	205	10581	107	385	123	105	49	0	0	119	0	861	3210	30	78	48	0	0	143	1268	25542	9319	0.099	
C:\Data\CD166_19_(2020)\CD166_19_S3\CD166_19_S3_REP2\XRF data\L000141.spe	170.75	7.94	1	0.010264	-0.008542	0.009383	0.078770	41288	2.40	90	431	0	90	1623	817	3018	224347	761	2179	183	227	549	43365	207	207	200	99	145	403	199	10550	147	478	104	147	151	0	0	28	8	851	3165	61	154	0	47	69	172	1226	26076	9647	0.099	
C:\Data\CD166_19_(2020)\CD166_19_S3\CD166_19_S3_REP2\XRF data\L000142.spe	171.75	7.94	1	0.010263	-0.008542	0.009383	0.078770	41654	2.34	88	465	0	90	1611	789	3030	223716	821	2353	117	239	536	44821	219	133	208	105	198	358	180	10768	72	571	110	135	126	0	0	75	0	896	3275	107	243	0	56	6	218	1255	25008	9454	0.100	
C:\Data\CD166_19_(2020)\CD166_19_S3\CD166_19_S3_REP2\XRF data\L000143.spe	172.75	7.95	1	0.010263	-0.008542	0.009423	0.078770	41747	2.37	65	419	0	99	1612	799	3098	229265	736	2050	107	261	577	41928	233	139	225	94	142	342	147	11127	232	372	119	128	109	0	0	20	0	868	3173	66	218	60	88	0	179	1211	27059	9627	0.100	
C:\Data\CD166_19_(2020)\CD166_19_S3\CD166_19_S3_REP2\XRF data\L000144.spe	173.75	7.95	1	0.010262	-0.008542	0.009423	0.078770	42201	2.46	109	426	0	96	1634	816	3053	236345	866	1989	52	280	467	40559	214	145	171	111	184	277	175	11065	104	474	106	129	18	0	0	29	0	781	3206	51	95	100	76	0	146	1227	26949	9674	0.100	
C:\Data\CD166_19_(2020)\CD166_19_S3\CD166_19_S3_REP2\XRF data\L000145.spe	174.75	7.96	1	0.010266	-0.008542	0.009423	0.078770	42278	2.34	109	483	0	106	1594	820	2928	235630	1029	2203	82	235	559	41858	263	110	293	142	172	391	30	11113	161	529	124	105	96	0	0	74	0	937	3345	127	230	91	266	90	96	1120	26149	9665	0.100	
C:\Data\CD166_19_(2020)\CD166_19_S3\CD166_19_S3_REP2\XRF data\L000146.spe	175.75	7.96	1	0.010266	-0.008542	0.009459	0.078770	43386	2.35	97	447	0	116	1643	798	2704	247528	1192	2408	59	183	545	42365	233	225	176	226	166	421	203	11479	95	408	150	153	39	0	0	126	0	762	3412	59	346	129	0	15	183	1226	26497	9544	0.100	
C:\Data\CD166_19_(2020)\CD166_19_S3\CD166_19_S3_REP2\XRF data\L000147.spe	176.75	7.97	1	0.010264	-0.008542	0.009459	0.078770	42957	2.36	90	457	0	98	1723	827	2811	244619	998	2083	89	211	605	39900	255	164	149	103	166	418	273	11595	22	474	106	148	151	0	0	76	0	852	3366	189	281	48	0	0	155	1201	26605	9802	0.101	
C:\Data\CD166_19_(2020)\CD166_19_S3\CD166_19_S3_REP2\XRF data\L000148.spe	177.75	7.97	1	0.010265	-0.008542	0.009434	0.078770	42857	2.43	147	389	0	160	1803	820	2904	242917	953	2086	89	237	520	38173	278	122	137	77	114	322	249	11829	50	408	126	132	126	0	0	68	0	884	3443	0	147	68	0	0	101	1130	27145	9899	0.102	
C:\Data\CD166_19_(2020)\CD166_19_S3\CD166_19_S3_REP2\XRF data\L000149.spe	178.75	7.97	1	0.010265	-0.008542	0.009434	0.078770	43032	2.43	140	472	0	124	1737	839	3305	234689	1022	2159	46	257	553	43174	228	179	247	80	152	370	312	11514	168	598	110	129	83	0	0	95	0	1022	3457	46	170	0	0	15	184	1330	27460	9934	0.102	