C:\Data\CD166_19_(2020)\CD166_19_S2\CD166_19_S2_REP1     17-Sep-20  re-evaluated data
peakarea
filename	position (mm)	sample surface	validity	E-gain	E-offset	F-slope	F-offset	cps	MSE	Al	Si	P	S	Cl	Ar	K	Ca	Sc	Ti	V	Cr	Mn	Fe	Ni	Cu	Zn	Ga	Ge	Br	Rb	Sr	Y	Zr	Pd	Cd	I	Cs	Ba	Ce	Nd	Ta	W	Pb	Bi	Fe a*2	Fe a+b	S1	S2	S3	Mo inc	Mo coh	Dt	
C:\Data\CD166_19_(2020)\CD166_19_S2\CD166_19_S2_REP1\XRF data\L000000.spe	24.22	6.99	1	0.010268	-0.008542	0.009800	0.078770	33821	1.95	138	941	0	97	972	680	6376	53415	199	6345	331	283	2313	87167	141	115	395	146	238	368	577	6077	327	2081	45	0	69	0	0	168	0	908	2519	40	192	129	247	75	209	1797	28719	9091	0.108	
C:\Data\CD166_19_(2020)\CD166_19_S2\CD166_19_S2_REP1\XRF data\L000001.spe	25.22	6.99	1	0.010269	-0.008542	0.009800	0.078770	33172	2.15	107	1045	0	27	857	601	7225	48857	248	7087	306	248	2538	90139	59	40	456	179	250	329	655	5489	185	2383	43	0	0	0	0	192	0	979	2526	90	134	128	11	0	235	1880	26102	8335	0.105	
C:\Data\CD166_19_(2020)\CD166_19_S2\CD166_19_S2_REP1\XRF data\L000002.spe	26.22	7.00	1	0.010262	-0.008542	0.009800	0.078770	34918	1.76	138	1050	0	37	790	621	7720	44918	23	7430	265	295	2802	96099	31	100	573	236	292	221	808	4876	241	2861	0	12	47	0	63	99	0	1017	2729	109	277	192	0	0	245	2536	28447	8821	0.108	
C:\Data\CD166_19_(2020)\CD166_19_S2\CD166_19_S2_REP1\XRF data\L000003.spe	27.22	6.99	1	0.010265	-0.008542	0.009800	0.078770	38610	1.89	200	1208	0	47	746	641	8690	39224	102	9979	425	413	2940	114612	82	103	500	343	203	329	806	5421	338	3173	0	0	41	0	0	265	0	1147	3062	90	217	155	226	18	407	2704	30637	9777	0.111	
C:\Data\CD166_19_(2020)\CD166_19_S2\CD166_19_S2_REP1\XRF data\L000004.spe	28.22	6.98	1	0.010264	-0.008542	0.009834	0.078770	41094	1.92	158	1371	12	57	761	588	9346	41937	81	11014	453	439	3549	127014	145	90	604	297	218	329	992	5602	177	3418	0	0	10	0	0	241	0	1068	3335	30	268	135	0	16	480	3049	31755	10574	0.111	
C:\Data\CD166_19_(2020)\CD166_19_S2\CD166_19_S2_REP1\XRF data\L000005.spe	29.22	6.98	1	0.010265	-0.008542	0.009811	0.078770	42635	1.97	180	1375	0	32	801	582	9947	40526	55	12079	531	429	3769	140965	31	38	566	273	243	305	865	5768	269	3276	0	0	24	0	0	225	0	1243	3275	19	279	278	69	6	388	3216	30813	10247	0.110	
C:\Data\CD166_19_(2020)\CD166_19_S2\CD166_19_S2_REP1\XRF data\L000006.spe	30.22	6.98	1	0.010265	-0.008542	0.009811	0.078770	43273	1.95	134	1385	0	71	684	594	9501	39748	44	13289	591	438	3854	150479	112	20	522	277	302	327	847	5900	269	3188	0	0	10	0	14	219	0	1265	3044	21	185	251	70	130	406	3222	30027	10114	0.108	
C:\Data\CD166_19_(2020)\CD166_19_S2\CD166_19_S2_REP1\XRF data\L000007.spe	31.22	6.98	1	0.010266	-0.008542	0.009811	0.078770	45068	2.06	161	1385	0	29	787	558	9156	38225	53	15321	760	457	3598	164914	118	46	600	235	217	313	1052	6087	352	3166	7	0	17	0	0	283	0	1171	3119	0	157	267	22	0	497	3598	30419	10038	0.108	
C:\Data\CD166_19_(2020)\CD166_19_S2\CD166_19_S2_REP1\XRF data\L000008.spe	32.22	6.98	1	0.010266	-0.008542	0.009811	0.078770	44881	2.16	188	1428	10	59	760	546	9473	38277	163	15189	739	433	3832	159802	115	210	657	221	228	251	900	5883	184	3367	0	0	31	0	0	267	0	1163	3187	38	176	200	239	6	433	3574	30643	10250	0.110	
C:\Data\CD166_19_(2020)\CD166_19_S2\CD166_19_S2_REP1\XRF data\L000009.spe	33.22	6.97	1	0.010261	-0.008542	0.009811	0.078770	42778	2.02	186	1469	5	53	785	512	9638	38148	15	12606	532	454	3055	138503	79	181	605	360	316	310	965	6041	179	3509	13	8	45	0	29	242	0	1016	3214	0	238	280	0	0	371	3753	31318	10501	0.112	
C:\Data\CD166_19_(2020)\CD166_19_S2\CD166_19_S2_REP1\XRF data\L000010.spe	34.22	6.96	1	0.010261	-0.008542	0.009815	0.078770	41165	2.03	185	1356	0	54	821	536	10128	38161	0	10104	427	455	3265	122888	93	69	565	313	275	346	1115	5841	194	3668	9	0	85	0	0	191	64	1282	3241	71	222	220	0	0	322	3173	32836	10518	0.114	
C:\Data\CD166_19_(2020)\CD166_19_S2\CD166_19_S2_REP1\XRF data\L000011.spe	35.22	6.96	1	0.010261	-0.008542	0.009836	0.078770	40886	2.04	142	1451	10	46	841	571	10428	39415	0	9455	357	469	3124	116825	140	100	634	425	261	351	1147	5841	439	3682	0	0	62	0	105	153	0	1205	3334	78	269	179	0	0	293	3605	34403	10878	0.115	
C:\Data\CD166_19_(2020)\CD166_19_S2\CD166_19_S2_REP1\XRF data\L000012.spe	36.22	6.96	1	0.010261	-0.008542	0.009836	0.078770	40656	1.98	210	1373	31	61	858	547	10424	41280	44	9231	384	490	2974	114965	98	157	566	316	238	292	1160	5842	219	3567	0	0	68	0	187	129	57	1218	3263	61	180	129	0	0	380	3165	33409	10729	0.115	
C:\Data\CD166_19_(2020)\CD166_19_S2\CD166_19_S2_REP1\XRF data\L000013.spe	37.22	6.96	1	0.010266	-0.008542	0.009836	0.078770	41034	1.78	172	1347	0	17	855	567	10191	44300	19	9694	405	372	3057	115156	88	85	680	185	306	379	1063	5939	224	3537	0	0	54	0	0	206	0	1192	3331	98	286	187	0	0	342	2622	33381	10658	0.116	
C:\Data\CD166_19_(2020)\CD166_19_S2\CD166_19_S2_REP1\XRF data\L000014.spe	38.22	6.96	1	0.010264	-0.008542	0.009836	0.078770	40655	1.84	178	1393	19	45	881	549	10166	49768	101	8790	379	358	2936	108333	76	104	527	437	261	341	1074	5647	267	3541	16	14	76	0	0	260	0	1222	3325	99	284	137	26	0	373	2500	34327	10790	0.115	
C:\Data\CD166_19_(2020)\CD166_19_S2\CD166_19_S2_REP1\XRF data\L000015.spe	39.22	6.95	1	0.010263	-0.008542	0.009836	0.078770	40418	1.76	182	1330	0	53	897	573	10249	56010	135	7907	288	409	2965	102313	103	83	534	323	216	380	1082	5628	209	3537	22	23	72	0	0	192	40	1205	3251	84	340	201	55	4	290	2538	34176	11094	0.116	
C:\Data\CD166_19_(2020)\CD166_19_S2\CD166_19_S2_REP1\XRF data\L000016.spe	40.22	6.95	1	0.010262	-0.008542	0.009836	0.078770	40741	1.95	147	1290	13	26	966	600	10138	57459	92	8305	278	392	3178	101314	82	136	562	362	315	373	1217	5519	353	3426	9	15	64	0	0	274	0	1230	3385	79	258	237	0	0	282	2696	34774	10717	0.117	
C:\Data\CD166_19_(2020)\CD166_19_S2\CD166_19_S2_REP1\XRF data\L000017.spe	41.22	6.95	1	0.010265	-0.008542	0.009836	0.078770	40473	1.86	146	1253	0	54	933	521	9991	58134	215	8175	333	334	3260	100199	90	129	571	321	165	420	831	5582	262	3030	8	0	0	0	0	230	7	1131	3402	108	203	0	270	0	210	2487	35066	11015	0.116	
C:\Data\CD166_19_(2020)\CD166_19_S2\CD166_19_S2_REP1\XRF data\L000018.spe	42.22	6.95	1	0.010263	-0.008542	0.009814	0.078770	41064	1.98	125	1212	0	70	1042	536	9284	60862	187	7841	260	360	3093	104238	122	74	482	345	188	418	911	5499	345	3003	37	11	70	0	0	215	0	1132	3340	49	211	326	219	0	251	2507	35124	10864	0.116	
C:\Data\CD166_19_(2020)\CD166_19_S2\CD166_19_S2_REP1\XRF data\L000019.spe	43.22	6.94	1	0.010262	-0.008542	0.009814	0.078770	40658	1.84	165	1201	0	89	994	543	9512	59118	205	8026	327	458	3265	105408	113	71	546	338	250	330	879	5438	154	3044	68	0	139	0	46	138	57	1218	3165	54	208	0	0	0	391	3014	33593	10512	0.114	
C:\Data\CD166_19_(2020)\CD166_19_S2\CD166_19_S2_REP1\XRF data\L000020.spe	44.22	6.94	1	0.010261	-0.008542	0.009814	0.078770	39991	2.07	160	1275	0	62	825	559	9674	52551	134	8582	356	360	3323	105970	125	64	533	257	197	379	1052	5420	184	3374	66	13	35	0	36	207	0	1092	3289	42	160	167	0	8	255	2661	32456	10434	0.115	
C:\Data\CD166_19_(2020)\CD166_19_S2\CD166_19_S2_REP1\XRF data\L000021.spe	45.22	6.94	1	0.010261	-0.008542	0.009608	0.078770	40349	2.01	170	1366	0	46	841	569	9928	52873	29	9234	331	409	3234	109616	117	85	495	274	288	359	874	6124	351	2829	39	0	47	0	8	193	0	1146	3269	63	161	287	112	0	309	2802	33127	10423	0.113	
C:\Data\CD166_19_(2020)\CD166_19_S2\CD166_19_S2_REP1\XRF data\L000022.spe	46.22	6.94	1	0.010266	-0.008542	0.009608	0.078770	40485	1.82	162	1356	0	69	900	558	9661	59553	264	8696	297	355	3515	104951	83	51	603	255	256	384	1021	6331	311	3072	19	27	111	0	0	221	0	1131	3152	23	184	146	0	0	251	2415	32829	10342	0.114	
C:\Data\CD166_19_(2020)\CD166_19_S2\CD166_19_S2_REP1\XRF data\L000023.spe	47.22	6.93	1	0.010266	-0.008542	0.009608	0.078770	40243	1.78	161	1326	5	49	827	551	9894	52548	129	8571	357	399	4111	107343	116	161	587	306	271	248	983	5416	205	3120	7	0	32	0	0	146	22	1175	3232	0	197	0	129	0	273	2502	32533	10481	0.114	
C:\Data\CD166_19_(2020)\CD166_19_S2\CD166_19_S2_REP1\XRF data\L000024.spe	48.22	6.93	1	0.010267	-0.008542	0.009608	0.078770	41389	2.03	162	1335	0	67	796	569	9717	50291	182	10388	537	353	3762	119212	105	111	623	401	223	358	984	5709	202	3269	18	0	34	0	0	293	0	1081	3194	14	193	283	157	136	425	2362	32148	10289	0.113	
C:\Data\CD166_19_(2020)\CD166_19_S2\CD166_19_S2_REP1\XRF data\L000025.spe	49.22	6.93	1	0.010262	-0.008542	0.009608	0.078770	42047	1.85	132	1271	0	59	916	569	9780	48346	147	10324	485	455	3596	123857	165	94	667	361	285	327	995	5863	377	3431	8	0	64	0	51	125	32	1126	3302	0	262	132	23	0	438	3321	32830	10582	0.114	
C:\Data\CD166_19_(2020)\CD166_19_S2\CD166_19_S2_REP1\XRF data\L000026.spe	50.22	6.93	1	0.010264	-0.008542	0.009608	0.078770	40821	1.86	185	1202	8	68	1012	595	9960	48879	105	8822	392	379	3563	111431	166	63	571	285	159	425	1034	5656	243	3496	7	15	65	0	20	174	8	1262	3236	89	181	96	106	0	354	2582	33268	10683	0.115	
C:\Data\CD166_19_(2020)\CD166_19_S2\CD166_19_S2_REP1\XRF data\L000027.spe	51.22	6.92	1	0.010265	-0.008542	0.009608	0.078770	40580	1.79	160	1309	0	71	876	539	10618	46188	195	8515	296	352	3905	108277	119	71	588	326	323	356	1096	5476	243	3489	5	0	30	0	0	239	0	1193	3453	7	169	96	0	0	270	2678	33783	10577	0.116	
C:\Data\CD166_19_(2020)\CD166_19_S2\CD166_19_S2_REP1\XRF data\L000028.spe	52.22	6.92	1	0.010265	-0.008542	0.009630	0.078770	40874	1.80	187	1303	0	35	938	531	10347	45922	161	9057	418	375	3717	110622	95	12	542	329	142	379	942	5399	248	3408	28	0	37	0	0	197	44	1159	3412	19	178	264	159	0	272	2473	34696	10587	0.116	
C:\Data\CD166_19_(2020)\CD166_19_S2\CD166_19_S2_REP1\XRF data\L000029.spe	53.22	6.92	1	0.010265	-0.008542	0.009630	0.078770	41366	1.83	184	1323	0	39	881	516	10165	49739	75	9050	400	401	3285	113292	123	0	502	221	252	383	1042	5175	348	3495	0	0	0	0	0	177	0	1193	3263	0	173	78	0	0	297	2525	33917	10598	0.116	
C:\Data\CD166_19_(2020)\CD166_19_S2\CD166_19_S2_REP1\XRF data\L000030.spe	54.22	6.92	1	0.010266	-0.008542	0.009630	0.078770	41274	1.88	164	1305	0	75	907	531	10184	47231	107	9572	299	406	3452	114267	46	58	596	392	234	421	956	5261	269	3660	0	0	28	0	0	206	0	1176	3435	59	217	120	49	0	303	2670	34130	10470	0.116	
C:\Data\CD166_19_(2020)\CD166_19_S2\CD166_19_S2_REP1\XRF data\L000031.spe	55.22	6.91	1	0.010261	-0.008542	0.009630	0.078770	41069	1.79	150	1341	20	25	812	520	10356	39933	18	10248	322	366	3478	118509	89	162	572	313	243	279	1154	5605	201	3617	71	0	30	0	0	209	0	1137	3168	27	188	156	0	0	380	3187	33803	10504	0.115	
C:\Data\CD166_19_(2020)\CD166_19_S2\CD166_19_S2_REP1\XRF data\L000032.spe	56.22	6.92	1	0.010264	-0.008542	0.009630	0.078770	41364	1.79	169	1277	0	70	966	567	10066	45274	82	9324	345	441	3223	116223	107	99	543	364	222	381	940	6010	310	3482	4	0	57	0	35	147	0	1272	3315	45	255	141	81	0	339	2893	34063	10684	0.116	
C:\Data\CD166_19_(2020)\CD166_19_S2\CD166_19_S2_REP1\XRF data\L000033.spe	57.22	6.90	1	0.010264	-0.008542	0.009665	0.078770	41875	1.80	133	1151	0	48	1135	538	9809	59075	142	8362	357	346	3412	109041	183	30	496	310	191	458	1042	5787	250	3421	25	0	0	0	11	146	0	1195	3286	79	160	51	0	0	249	3031	34993	10606	0.116	
C:\Data\CD166_19_(2020)\CD166_19_S2\CD166_19_S2_REP1\XRF data\L000034.spe	58.22	6.90	1	0.010263	-0.008542	0.009665	0.078770	40942	1.92	136	1149	0	54	1144	515	9349	61651	109	7830	303	379	3269	103911	88	118	478	201	221	459	1019	5944	299	3017	22	7	123	0	0	165	0	1267	3272	81	255	102	0	0	291	2628	34167	10956	0.116	
C:\Data\CD166_19_(2020)\CD166_19_S2\CD166_19_S2_REP1\XRF data\L000035.spe	59.22	6.90	1	0.010265	-0.008542	0.009689	0.078770	40805	1.85	145	1080	0	64	1072	600	8967	65612	224	8377	307	411	3048	105062	153	119	494	243	180	373	906	5909	264	3016	36	24	125	0	0	213	15	1071	3224	145	101	32	0	0	338	2671	33183	10369	0.113	
C:\Data\CD166_19_(2020)\CD166_19_S2\CD166_19_S2_REP1\XRF data\L000036.spe	60.22	6.90	1	0.010264	-0.008542	0.009731	0.078770	41279	1.96	116	1129	0	77	906	495	9070	63798	76	9404	417	360	3106	112079	146	109	574	289	296	394	1045	5833	256	2942	34	0	78	0	0	275	0	1162	3267	0	227	148	0	26	381	2591	32605	10425	0.113	
C:\Data\CD166_19_(2020)\CD166_19_S2\CD166_19_S2_REP1\XRF data\L000037.spe	61.22	6.90	1	0.010263	-0.008542	0.009731	0.078770	40163	1.93	176	1217	0	26	810	556	9102	57841	201	8975	370	440	2996	111603	84	45	497	294	261	329	882	5743	381	3255	33	0	53	0	143	96	27	1070	3087	0	177	196	156	0	390	3029	31850	10182	0.111	
C:\Data\CD166_19_(2020)\CD166_19_S2\CD166_19_S2_REP1\XRF data\L000038.spe	62.22	6.91	1	0.010265	-0.008542	0.009808	0.078770	42369	1.86	192	1411	0	65	886	579	9734	54608	65	10709	562	372	3386	126844	64	48	582	252	212	370	812	6002	383	3477	56	0	72	0	0	203	0	1162	3250	50	186	238	387	0	416	2904	31894	10503	0.111	
C:\Data\CD166_19_(2020)\CD166_19_S2\CD166_19_S2_REP1\XRF data\L000039.spe	63.22	6.91	1	0.010264	-0.008542	0.009785	0.078770	42038	2.01	185	1269	0	74	809	557	9360	54442	32	10690	574	381	3448	128743	97	105	568	276	222	300	931	5860	293	3229	24	0	103	0	51	146	50	995	3157	55	250	174	22	0	388	3148	31222	10349	0.111	
C:\Data\CD166_19_(2020)\CD166_19_S2\CD166_19_S2_REP1\XRF data\L000040.spe	64.22	6.90	1	0.010263	-0.008542	0.009785	0.078770	41858	1.98	132	1259	0	30	857	541	8742	69569	142	9913	413	386	3057	114463	111	128	587	254	194	369	854	5741	301	2919	17	6	85	0	0	240	0	1059	3093	4	106	61	0	0	400	2901	33017	10459	0.112	
C:\Data\CD166_19_(2020)\CD166_19_S2\CD166_19_S2_REP1\XRF data\L000041.spe	65.22	6.89	1	0.010266	-0.008542	0.009785	0.078770	41957	1.92	172	1271	0	71	894	532	9156	65244	240	10633	380	508	3232	118002	125	6	584	256	276	311	682	5702	307	3045	32	0	54	0	0	155	0	1084	3102	0	237	278	264	73	361	2192	32235	10424	0.112	
C:\Data\CD166_19_(2020)\CD166_19_S2\CD166_19_S2_REP1\XRF data\L000042.spe	66.22	6.90	1	0.010265	-0.008542	0.009785	0.078770	41577	1.88	159	1272	0	64	842	587	9321	67150	0	10082	428	420	3367	116293	101	0	612	281	219	428	848	5563	214	2968	19	15	74	0	0	252	0	1151	3155	64	214	97	43	0	256	2678	31718	10176	0.110	
C:\Data\CD166_19_(2020)\CD166_19_S2\CD166_19_S2_REP1\XRF data\L000043.spe	67.22	6.90	1	0.010266	-0.008542	0.009785	0.078770	42723	2.07	164	1274	0	45	877	543	9232	68899	115	10994	358	409	3388	129183	122	140	651	307	284	390	760	5780	190	2850	15	12	45	0	109	149	0	986	3126	51	163	273	236	0	484	3008	29464	10134	0.108	
C:\Data\CD166_19_(2020)\CD166_19_S2\CD166_19_S2_REP1\XRF data\L000044.spe	68.22	6.89	1	0.010263	-0.008542	0.009785	0.078770	43141	2.00	152	1350	0	70	827	617	9316	63667	76	11720	464	525	3370	138450	74	225	555	287	254	300	793	5869	322	2884	15	13	66	0	0	222	29	922	3149	26	222	241	119	0	374	3520	29133	10170	0.106	
C:\Data\CD166_19_(2020)\CD166_19_S2\CD166_19_S2_REP1\XRF data\L000045.spe	69.22	6.89	1	0.010263	-0.008542	0.009575	0.078770	43306	1.92	185	1304	42	47	815	530	9206	58479	60	11970	620	529	3268	144131	61	106	587	214	157	251	776	5660	217	3101	43	28	81	0	0	208	23	1011	2954	103	40	241	44	42	478	3708	29034	9960	0.107	
C:\Data\CD166_19_(2020)\CD166_19_S2\CD166_19_S2_REP1\XRF data\L000046.spe	70.22	6.88	1	0.010262	-0.008542	0.009575	0.078770	42034	1.86	160	1229	0	68	832	600	9031	60925	158	11136	473	449	3106	127257	53	109	516	254	195	414	885	5978	286	3064	0	0	34	0	6	196	0	1089	3080	73	189	7	0	0	399	3275	30630	10279	0.109	
C:\Data\CD166_19_(2020)\CD166_19_S2\CD166_19_S2_REP1\XRF data\L000047.spe	71.22	6.87	1	0.010262	-0.008542	0.009575	0.078770	41151	1.92	173	1330	0	36	871	603	9207	57490	102	10384	430	346	3009	117170	75	47	664	228	201	292	1040	5955	199	3166	0	0	36	0	0	249	0	1160	3301	0	232	88	0	0	264	2996	32012	10592	0.112	
C:\Data\CD166_19_(2020)\CD166_19_S2\CD166_19_S2_REP1\XRF data\L000048.spe	72.22	6.88	1	0.010262	-0.008542	0.009453	0.078770	40625	1.90	202	1304	0	46	861	537	9177	56836	23	9701	285	375	2868	114025	62	55	502	279	134	309	889	5575	240	2918	28	8	62	0	195	80	6	1090	3189	36	242	168	110	0	301	2982	32438	10237	0.111	
C:\Data\CD166_19_(2020)\CD166_19_S2\CD166_19_S2_REP1\XRF data\L000049.spe	73.22	6.88	1	0.010261	-0.008542	0.009453	0.078770	41423	2.02	141	1223	0	37	818	606	9108	59422	28	10729	393	336	2990	118109	84	92	567	325	244	250	1036	5913	160	3000	0	0	0	0	0	220	0	1132	3127	0	151	126	0	0	359	3052	31946	10356	0.111	
C:\Data\CD166_19_(2020)\CD166_19_S2\CD166_19_S2_REP1\XRF data\L000050.spe	74.22	6.88	1	0.010267	-0.008542	0.009453	0.078770	41229	1.86	221	1315	0	41	779	560	9463	52467	256	10633	421	350	3025	119750	85	43	499	313	275	235	769	5537	154	3137	0	0	35	0	0	202	0	1137	3047	0	203	164	194	142	363	2244	31112	10462	0.112	
C:\Data\CD166_19_(2020)\CD166_19_S2\CD166_19_S2_REP1\XRF data\L000051.spe	75.22	6.89	1	0.010265	-0.008542	0.009453	0.078770	41394	1.80	214	1313	0	32	838	581	9628	50413	112	10458	452	355	3073	120321	49	107	500	279	190	392	967	5599	233	3416	9	0	21	0	0	172	0	999	3187	0	169	209	201	0	236	2698	32364	10192	0.113	
C:\Data\CD166_19_(2020)\CD166_19_S2\CD166_19_S2_REP1\XRF data\L000052.spe	76.22	6.88	1	0.010263	-0.008542	0.009358	0.078770	41543	1.76	163	1394	0	44	762	518	9655	47248	46	11092	421	486	3317	124773	81	68	597	372	283	350	1010	5678	241	3329	0	0	33	0	0	192	0	996	3239	84	174	145	0	0	292	3195	32493	10202	0.112	
C:\Data\CD166_19_(2020)\CD166_19_S2\CD166_19_S2_REP1\XRF data\L000053.spe	77.22	6.89	1	0.010263	-0.008542	0.009318	0.078770	40956	1.75	113	1188	0	44	758	582	9648	52096	116	10317	457	336	3217	119827	85	95	610	275	153	276	827	5597	301	3085	0	0	58	0	0	222	0	1003	3172	45	243	160	217	34	391	2931	31132	10116	0.111	
C:\Data\CD166_19_(2020)\CD166_19_S2\CD166_19_S2_REP1\XRF data\L000054.spe	78.22	6.89	1	0.010264	-0.008542	0.009348	0.078770	41901	1.78	188	1405	0	0	714	548	9491	46557	55	12027	546	454	3353	134705	57	103	507	247	157	295	828	6162	228	2907	25	0	9	0	25	203	5	1145	3152	63	226	168	60	86	412	3151	30651	9908	0.109	
C:\Data\CD166_19_(2020)\CD166_19_S2\CD166_19_S2_REP1\XRF data\L000055.spe	79.22	6.89	1	0.010263	-0.008542	0.009348	0.078770	42582	1.90	181	1430	0	20	672	516	9424	42882	90	13069	558	405	3398	143231	36	50	533	277	193	268	866	6498	238	3034	7	0	34	0	51	151	0	1162	3048	26	242	314	171	0	405	4002	29993	9864	0.108	
C:\Data\CD166_19_(2020)\CD166_19_S2\CD166_19_S2_REP1\XRF data\L000056.spe	80.22	6.88	1	0.010262	-0.008542	0.009348	0.078770	44498	2.02	206	1438	0	17	683	589	9548	39473	72	15376	727	493	3769	164991	90	80	562	226	218	327	824	6107	294	2974	9	0	55	0	68	220	0	1125	3067	0	204	273	0	95	416	4197	28763	9517	0.104	
C:\Data\CD166_19_(2020)\CD166_19_S2\CD166_19_S2_REP1\XRF data\L000057.spe	81.22	6.88	1	0.010266	-0.008542	0.009348	0.078770	46594	1.96	179	1438	18	31	661	543	8785	42787	127	17607	827	556	3546	179317	71	41	525	165	218	212	859	6321	258	2803	0	0	6	0	0	258	0	1003	2881	0	311	395	0	0	600	4147	28579	9979	0.105	
C:\Data\CD166_19_(2020)\CD166_19_S2\CD166_19_S2_REP1\XRF data\L000058.spe	82.22	6.87	1	0.010264	-0.008542	0.009348	0.078770	46977	2.00	142	1291	0	49	775	530	8653	64831	90	15035	639	494	3607	163211	125	39	529	217	250	332	826	6302	223	2928	22	0	90	0	57	182	9	969	2941	57	218	231	0	0	474	3918	30463	10393	0.109	
C:\Data\CD166_19_(2020)\CD166_19_S2\CD166_19_S2_REP1\XRF data\L000059.spe	83.22	6.86	1	0.010262	-0.008542	0.009348	0.078770	40045	1.82	146	1078	0	41	874	567	8524	81984	71	8515	352	430	3444	102390	168	41	461	257	256	284	607	5359	238	2710	34	0	120	0	0	178	9	1030	2961	66	262	60	228	10	259	2518	30188	9659	0.108	
C:\Data\CD166_19_(2020)\CD166_19_S2\CD166_19_S2_REP1\XRF data\L000060.spe	84.22	6.87	1	0.010262	-0.008542	0.009348	0.078770	42143	1.96	185	1271	5	24	717	577	8367	64623	113	12228	541	329	3007	134543	100	77	547	240	180	278	791	6048	102	2566	0	21	58	0	86	147	0	993	2860	0	249	79	0	0	430	3392	28476	9726	0.106	
C:\Data\CD166_19_(2020)\CD166_19_S2\CD166_19_S2_REP1\XRF data\L000061.spe	85.22	6.87	1	0.010266	-0.008542	0.009348	0.078770	42721	1.89	143	1307	0	29	649	588	8631	56476	89	13086	571	483	2838	143117	97	154	572	324	220	284	536	6484	320	2579	0	0	37	0	0	188	0	960	3029	7	192	194	343	45	466	3219	28460	9398	0.106	
C:\Data\CD166_19_(2020)\CD166_19_S2\CD166_19_S2_REP1\XRF data\L000062.spe	86.22	6.87	1	0.010264	-0.008542	0.009348	0.078770	43779	1.93	151	1298	0	6	623	554	8729	55604	92	14060	627	544	2921	151618	133	127	543	281	378	264	724	6529	280	2676	0	0	17	0	186	153	0	1059	2958	99	196	253	7	0	420	3622	28544	9738	0.106	
C:\Data\CD166_19_(2020)\CD166_19_S2\CD166_19_S2_REP1\XRF data\L000063.spe	87.22	6.87	1	0.010264	-0.008542	0.009338	0.078770	43635	1.93	147	1368	0	45	630	575	8438	51786	178	14191	534	629	3065	153742	116	97	519	235	166	198	775	6362	259	2659	0	0	72	0	31	195	0	944	2937	14	55	299	0	0	451	3826	28028	9554	0.105	
C:\Data\CD166_19_(2020)\CD166_19_S2\CD166_19_S2_REP1\XRF data\L000064.spe	88.22	6.87	1	0.010264	-0.008542	0.009318	0.078770	44196	2.01	152	1338	0	11	696	583	8561	50176	146	14397	544	520	3982	158493	139	180	606	312	245	232	860	6536	242	2567	0	0	0	0	86	243	0	919	3040	0	141	198	0	50	523	3735	28018	9461	0.105	
C:\Data\CD166_19_(2020)\CD166_19_S2\CD166_19_S2_REP1\XRF data\L000065.spe	89.22	6.86	1	0.010264	-0.008542	0.009289	0.078770	46037	2.01	164	1391	0	0	553	509	8186	50930	105	16790	661	522	3586	176166	93	78	613	225	205	191	641	6625	261	2520	0	0	16	0	0	265	0	983	2806	0	146	192	181	112	468	4130	27482	9543	0.103	
C:\Data\CD166_19_(2020)\CD166_19_S2\CD166_19_S2_REP1\XRF data\L000066.spe	90.22	6.86	1	0.010265	-0.008542	0.009289	0.078770	47282	1.98	211	1314	61	13	584	622	7878	52726	90	18359	776	712	3331	185467	188	98	614	307	242	204	626	6630	345	2553	0	0	40	0	40	247	0	976	2850	0	143	372	224	134	605	4337	27840	9638	0.103	
C:\Data\CD166_19_(2020)\CD166_19_S2\CD166_19_S2_REP1\XRF data\L000067.spe	91.22	6.86	1	0.010265	-0.008542	0.009289	0.078770	47723	2.09	218	1372	13	27	683	588	7884	51443	73	18519	766	584	3477	188592	147	79	615	221	202	143	634	6601	223	2453	0	0	31	0	189	185	0	997	2780	0	107	343	0	186	591	3990	27450	9514	0.104	
C:\Data\CD166_19_(2020)\CD166_19_S2\CD166_19_S2_REP1\XRF data\L000068.spe	92.22	6.86	1	0.010265	-0.008542	0.009277	0.078770	47158	2.11	177	1390	0	17	596	586	7952	55132	125	17415	658	559	3466	179471	174	59	598	218	138	179	797	6768	198	2474	0	0	0	0	148	199	0	944	2906	0	165	333	0	87	539	3728	28314	9770	0.105	
C:\Data\CD166_19_(2020)\CD166_19_S2\CD166_19_S2_REP1\XRF data\L000069.spe	93.22	6.85	1	0.010263	-0.008542	0.009277	0.078770	44540	2.08	174	1436	0	18	552	564	8557	59788	93	14071	555	471	3138	154867	142	74	569	258	232	252	738	7057	250	2598	0	11	66	0	212	207	0	863	2936	0	229	212	67	38	407	3792	28907	9741	0.105	
C:\Data\CD166_19_(2020)\CD166_19_S2\CD166_19_S2_REP1\XRF data\L000070.spe	94.22	6.84	1	0.010262	-0.008542	0.009277	0.078770	43841	1.94	162	1394	0	73	630	557	8460	62724	84	13344	474	472	3052	144474	124	30	547	259	169	224	861	6899	132	2513	23	24	57	0	143	82	0	953	2988	0	164	286	36	0	386	3983	29663	10065	0.106	
C:\Data\CD166_19_(2020)\CD166_19_S2\CD166_19_S2_REP1\XRF data\L000071.spe	95.22	6.83	1	0.010261	-0.008542	0.009277	0.078770	43012	2.13	166	1397	0	45	574	597	8676	60760	47	13005	522	458	3064	141977	86	73	487	288	301	237	885	6628	106	2698	20	0	64	0	0	237	0	827	2904	0	168	385	0	0	436	3745	28262	9754	0.106	
C:\Data\CD166_19_(2020)\CD166_19_S2\CD166_19_S2_REP1\XRF data\L000072.spe	96.22	6.83	1	0.010261	-0.008542	0.009277	0.078770	44487	2.17	194	1299	0	22	591	550	8412	59396	57	14740	568	482	3428	157354	124	0	546	326	105	168	778	6346	201	2655	20	0	51	0	75	179	0	981	2862	0	237	161	40	0	419	4252	28016	9588	0.104	
C:\Data\CD166_19_(2020)\CD166_19_S2\CD166_19_S2_REP1\XRF data\L000073.spe	97.22	6.84	1	0.010261	-0.008542	0.009470	0.078770	44838	2.12	187	1434	0	45	603	633	8712	55221	90	14725	640	554	3358	161751	115	35	572	281	220	206	417	6430	281	2670	37	0	90	0	196	204	0	1015	3027	48	189	224	464	0	479	4517	27992	9549	0.105	
C:\Data\CD166_19_(2020)\CD166_19_S2\CD166_19_S2_REP1\XRF data\L000074.spe	98.22	6.83	1	0.010260	-0.008542	0.009470	0.078770	46563	2.46	154	1423	0	37	624	588	8894	56513	6	15420	723	584	3367	170247	126	143	543	331	119	253	674	6221	250	2854	0	13	88	0	121	170	7	850	2915	0	165	62	152	0	435	4831	28681	9851	0.107	
C:\Data\CD166_19_(2020)\CD166_19_S2\CD166_19_S2_REP1\XRF data\L000075.spe	99.22	6.82	1	0.010267	-0.008542	0.009470	0.078770	46401	2.15	193	1373	0	63	704	560	9423	57268	127	13814	680	505	3590	157986	42	106	629	321	323	383	890	6126	304	3294	0	0	0	0	0	318	0	921	3073	121	250	177	147	65	441	3461	32062	10379	0.111	
C:\Data\CD166_19_(2020)\CD166_19_S2\CD166_19_S2_REP1\XRF data\L000076.spe	100.22	6.80	1	0.010267	-0.008542	0.009470	0.078770	44408	2.05	231	1458	0	52	704	508	10588	59718	93	11178	463	447	3991	128514	78	45	699	339	311	506	898	5148	265	3431	30	0	43	0	0	322	0	1060	3306	0	239	340	209	0	440	2778	34884	10928	0.116	
C:\Data\CD166_19_(2020)\CD166_19_S2\CD166_19_S2_REP1\XRF data\L000077.spe	101.22	6.79	1	0.010262	-0.008542	0.009470	0.078770	42156	1.86	201	1408	0	49	743	508	10686	60786	30	8645	405	351	3433	110826	76	118	611	296	267	394	1101	5562	241	3412	53	0	21	0	40	126	0	1073	3193	20	210	63	0	0	304	2765	35067	10862	0.118	
C:\Data\CD166_19_(2020)\CD166_19_S2\CD166_19_S2_REP1\XRF data\L000078.spe	102.22	6.79	1	0.010265	-0.008542	0.009470	0.078770	40860	1.99	167	1347	0	91	789	519	10987	56933	131	7956	331	314	3802	101640	84	51	615	369	216	458	1030	4839	195	3729	41	0	122	0	0	165	0	1165	3229	93	150	64	91	0	297	2345	35700	10790	0.118	
C:\Data\CD166_19_(2020)\CD166_19_S2\CD166_19_S2_REP1\XRF data\L000079.spe	103.22	6.79	1	0.010267	-0.008542	0.009470	0.078770	40382	1.80	157	1476	0	51	766	551	10804	56196	115	7584	321	371	3919	99896	76	73	565	313	228	407	1234	4601	275	3432	34	12	0	0	12	155	0	1192	3240	11	289	117	46	0	282	2238	35587	10618	0.117	
C:\Data\CD166_19_(2020)\CD166_19_S2\CD166_19_S2_REP1\XRF data\L000080.spe	104.22	6.79	1	0.010267	-0.008542	0.009470	0.078770	40009	1.83	172	1392	0	36	700	562	10435	50354	129	8364	243	336	3379	101092	99	0	507	250	207	476	1075	4786	235	3350	40	0	0	0	0	190	0	1162	3108	113	313	99	21	0	419	2220	35310	10455	0.118	
C:\Data\CD166_19_(2020)\CD166_19_S2\CD166_19_S2_REP1\XRF data\L000081.spe	105.22	6.79	1	0.010268	-0.008542	0.009470	0.078770	42333	2.33	182	1474	0	52	829	570	11017	54226	166	9055	320	250	3562	109489	52	0	646	346	210	441	1039	5230	269	3854	0	0	0	0	0	182	0	1114	3230	35	265	129	95	0	327	2455	36699	11113	0.118	
C:\Data\CD166_19_(2020)\CD166_19_S2\CD166_19_S2_REP1\XRF data\L000082.spe	106.22	6.79	1	0.010262	-0.008542	0.009470	0.078770	45160	1.99	227	1578	0	69	949	580	12387	60880	97	9659	380	347	4245	119991	88	111	780	476	236	301	1375	5412	374	3982	0	5	99	0	0	274	0	1184	3503	15	183	261	0	0	273	3048	38508	11635	0.119	
C:\Data\CD166_19_(2020)\CD166_19_S2\CD166_19_S2_REP1\XRF data\L000083.spe	107.22	6.77	1	0.010261	-0.008542	0.009470	0.078770	38904	1.88	156	1420	0	60	795	525	10853	54556	103	8058	325	309	3306	101022	61	72	648	384	229	375	964	4601	281	3140	33	0	88	0	0	145	13	1002	3224	83	229	194	59	0	299	2697	33209	10096	0.113	
C:\Data\CD166_19_(2020)\CD166_19_S2\CD166_19_S2_REP1\XRF data\L000084.spe	108.22	6.75	1	0.010265	-0.008542	0.009470	0.078770	39840	1.76	204	1426	0	24	694	539	9724	59352	167	9255	383	280	2838	108550	82	0	519	238	221	291	1013	5421	278	3043	24	0	0	0	0	214	0	1048	3056	0	183	82	0	0	367	2590	30733	10060	0.111	
C:\Data\CD166_19_(2020)\CD166_19_S2\CD166_19_S2_REP1\XRF data\L000085.spe	109.22	6.74	1	0.010264	-0.008542	0.009519	0.078770	39725	1.80	139	1348	0	32	698	532	9801	54089	27	8843	356	382	2889	107701	75	8	530	230	234	378	796	5830	319	3292	11	6	77	0	124	136	0	1170	2999	106	255	108	226	0	289	2667	32793	10545	0.113	
C:\Data\CD166_19_(2020)\CD166_19_S2\CD166_19_S2_REP1\XRF data\L000086.spe	110.22	6.74	1	0.010263	-0.008542	0.009519	0.078770	38967	1.76	152	1318	0	27	668	519	9856	57052	120	7435	299	346	3045	97575	92	49	565	379	182	267	886	5295	225	3277	8	0	30	0	72	175	0	1017	3203	0	168	288	27	0	310	2664	33914	10771	0.115	
C:\Data\CD166_19_(2020)\CD166_19_S2\CD166_19_S2_REP1\XRF data\L000087.spe	111.22	6.74	1	0.010265	-0.008542	0.009485	0.078770	38529	1.72	181	1270	0	97	811	502	9909	58777	146	7367	291	316	3350	94869	51	0	587	277	266	255	1011	4961	333	3357	53	0	36	0	0	200	0	951	2992	25	188	125	64	0	233	2176	32575	10197	0.114	
C:\Data\CD166_19_(2020)\CD166_19_S2\CD166_19_S2_REP1\XRF data\L000088.spe	112.22	6.74	1	0.010264	-0.008542	0.009485	0.078770	37417	1.75	153	1253	0	20	768	524	9941	55758	143	6999	308	324	3118	91848	102	0	613	319	190	357	1032	4857	209	3198	35	8	38	0	17	93	46	1088	2995	0	226	137	0	0	217	2451	32269	10233	0.114	
C:\Data\CD166_19_(2020)\CD166_19_S2\CD166_19_S2_REP1\XRF data\L000089.spe	113.22	6.73	1	0.010264	-0.008542	0.009450	0.078770	37828	1.74	169	1369	0	29	795	557	10102	60228	99	7421	229	257	3168	92604	51	124	498	291	332	357	1043	4812	188	3323	16	9	37	0	0	182	0	946	2943	48	267	102	0	0	325	2250	31467	9899	0.113	
C:\Data\CD166_19_(2020)\CD166_19_S2\CD166_19_S2_REP1\XRF data\L000090.spe	114.22	6.73	1	0.010264	-0.008542	0.009582	0.078770	36968	1.72	97	1169	0	24	767	610	9105	52718	144	7177	259	335	3105	89076	77	0	522	268	260	393	923	4942	258	3394	0	41	32	0	0	136	0	996	3027	122	249	108	101	0	303	2190	32396	10442	0.116	
C:\Data\CD166_19_(2020)\CD166_19_S2\CD166_19_S2_REP1\XRF data\L000091.spe	115.22	6.74	1	0.010264	-0.008542	0.009573	0.078770	38790	1.75	146	1315	0	48	826	532	10018	60342	87	7211	367	328	3182	93251	54	12	681	267	209	423	1030	5038	343	3484	23	0	6	0	0	172	0	987	3168	0	174	147	0	23	267	2046	33295	10365	0.115	
C:\Data\CD166_19_(2020)\CD166_19_S2\CD166_19_S2_REP1\XRF data\L000092.spe	116.22	6.75	1	0.010264	-0.008542	0.009573	0.078770	36748	1.75	124	1193	0	49	717	555	9268	52642	140	6813	304	283	2961	88332	58	77	544	344	221	391	1036	4662	379	3476	10	5	29	0	0	216	0	947	2877	0	278	245	0	0	290	2192	32634	10271	0.114	
C:\Data\CD166_19_(2020)\CD166_19_S2\CD166_19_S2_REP1\XRF data\L000093.spe	117.22	6.75	1	0.010264	-0.008542	0.009554	0.078770	38380	1.77	134	1157	0	68	803	524	9871	57152	139	7115	214	363	2922	91077	57	17	609	385	281	424	1154	4786	292	3645	27	0	0	0	0	42	16	1030	3125	117	228	41	0	0	263	2180	34145	11011	0.116	
C:\Data\CD166_19_(2020)\CD166_19_S2\CD166_19_S2_REP1\XRF data\L000094.spe	118.22	6.73	1	0.010264	-0.008542	0.009418	0.078770	37912	1.75	148	1229	0	50	779	500	9851	53195	139	7222	276	307	3263	90582	92	78	615	389	230	367	947	4683	254	3419	19	0	61	0	0	184	0	961	2929	0	190	121	0	0	277	2551	33584	10262	0.117	
C:\Data\CD166_19_(2020)\CD166_19_S2\CD166_19_S2_REP1\XRF data\L000095.spe	119.22	6.67	1	0.010265	-0.008542	0.009439	0.078770	35677	1.81	116	1093	0	24	672	380	8712	49693	92	6352	208	210	2664	82418	101	20	645	325	281	400	1055	4332	277	3506	0	0	0	0	0	118	0	960	2765	15	199	153	13	0	190	1992	33080	10242	0.117	
C:\Data\CD166_19_(2020)\CD166_19_S2\CD166_19_S2_REP1\XRF data\L000096.spe	120.22	6.67	1	0.010265	-0.008542	0.009439	0.078770	36121	1.76	121	1161	0	46	766	403	9398	51439	161	6369	221	298	2990	85337	35	27	597	213	280	340	1052	4231	252	3207	12	0	0	0	35	142	0	991	2914	0	168	153	137	0	203	2143	32950	10374	0.115	
C:\Data\CD166_19_(2020)\CD166_19_S2\CD166_19_S2_REP1\XRF data\L000097.spe	121.22	6.70	1	0.010262	-0.008542	0.009439	0.078770	36805	1.71	136	1179	0	28	735	383	9998	46800	87	6732	263	331	3095	87291	43	37	586	262	243	358	1080	4209	155	3653	44	7	71	0	0	120	5	1003	2890	0	288	159	0	0	251	2438	33592	10388	0.117	
C:\Data\CD166_19_(2020)\CD166_19_S2\CD166_19_S2_REP1\XRF data\L000098.spe	122.22	6.71	1	0.010264	-0.008542	0.009439	0.078770	37279	1.70	191	1291	0	65	803	428	9913	45156	193	6640	176	342	3296	88966	76	0	603	309	214	472	1127	4280	247	3620	22	8	73	0	0	145	11	1105	3042	0	260	178	101	0	289	2310	34483	10337	0.118	
C:\Data\CD166_19_(2020)\CD166_19_S2\CD166_19_S2_REP1\XRF data\L000099.spe	123.22	6.71	1	0.010264	-0.008542	0.009488	0.078770	36251	1.70	172	1258	0	85	752	436	9808	45854	110	6835	253	276	3507	89974	92	26	611	301	275	346	948	4115	154	3417	14	0	25	0	0	204	0	1021	2852	85	131	119	92	0	221	2314	32130	9962	0.114	
C:\Data\CD166_19_(2020)\CD166_19_S2\CD166_19_S2_REP1\XRF data\L000100.spe	124.22	6.70	1	0.010265	-0.008542	0.009488	0.078770	34557	1.64	176	1199	0	75	681	428	9498	45805	117	7052	337	308	3171	88256	52	37	505	249	180	319	886	4399	108	2928	35	0	56	0	0	163	34	998	2793	60	255	108	0	0	249	1931	28685	9204	0.110	
C:\Data\CD166_19_(2020)\CD166_19_S2\CD166_19_S2_REP1\XRF data\L000101.spe	125.22	6.71	1	0.010262	-0.008542	0.009488	0.078770	34167	1.60	187	1171	0	37	734	436	9249	43336	31	6314	175	247	2968	85107	6	0	588	353	310	292	807	4195	235	3070	11	0	41	0	0	196	0	947	2794	79	160	60	53	0	171	2265	30507	9215	0.112	
C:\Data\CD166_19_(2020)\CD166_19_S2\CD166_19_S2_REP1\XRF data\L000102.spe	126.22	6.73	1	0.010264	-0.008542	0.009488	0.078770	32352	1.66	107	1164	0	32	616	525	9049	38349	82	5941	207	229	2923	78632	76	29	516	230	146	316	866	3845	155	3122	26	0	29	0	0	175	0	988	2672	0	229	115	0	0	178	2007	28823	9298	0.112	
C:\Data\CD166_19_(2020)\CD166_19_S2\CD166_19_S2_REP1\XRF data\L000103.spe	127.22	6.77	1	0.010263	-0.008542	0.009467	0.078770	33681	1.71	162	1201	0	0	716	515	9566	50012	17	6428	214	261	3123	82146	46	14	562	258	266	300	939	3978	214	2954	27	0	40	0	0	201	0	960	2791	65	176	118	0	0	205	2209	28502	8974	0.108	
C:\Data\CD166_19_(2020)\CD166_19_S2\CD166_19_S2_REP1\XRF data\L000104.spe	128.22	6.79	1	0.010263	-0.008542	0.009467	0.078770	34391	1.69	188	1109	0	42	655	591	9820	47629	84	6753	227	312	2914	82978	53	82	531	295	256	343	979	4183	247	3277	7	6	66	0	0	143	7	816	2826	23	96	167	0	0	219	2240	29985	9396	0.111	
C:\Data\CD166_19_(2020)\CD166_19_S2\CD166_19_S2_REP1\XRF data\L000105.spe	129.22	6.80	1	0.010262	-0.008542	0.009467	0.078770	36459	1.88	118	1222	0	63	703	648	9687	56065	34	6799	229	264	3335	86213	21	18	472	260	174	315	961	4344	332	2922	0	0	59	0	0	147	23	975	3026	31	228	115	22	0	219	2513	31553	9944	0.113	
C:\Data\CD166_19_(2020)\CD166_19_S2\CD166_19_S2_REP1\XRF data\L000106.spe	130.22	6.82	1	0.010261	-0.008542	0.009467	0.078770	37972	2.04	146	1205	0	49	788	615	9944	54621	0	7502	279	281	3199	95570	71	116	578	373	171	313	1110	4781	181	2954	14	0	30	0	0	199	0	1057	3172	30	174	33	0	0	298	2889	32290	9931	0.113	
C:\Data\CD166_19_(2020)\CD166_19_S2\CD166_19_S2_REP1\XRF data\L000107.spe	131.22	6.82	1	0.010265	-0.008542	0.009467	0.078770	38559	1.87	160	1392	0	48	723	635	10259	57341	44	7343	321	288	3505	96446	95	43	548	295	170	356	820	5048	224	3094	30	0	96	0	0	211	0	1053	3271	58	245	210	229	0	256	2533	32070	10200	0.113	
C:\Data\CD166_19_(2020)\CD166_19_S2\CD166_19_S2_REP1\XRF data\L000108.spe	132.22	6.81	1	0.010266	-0.008542	0.009467	0.078770	38475	1.78	129	1264	0	22	732	496	10683	55012	183	7273	292	323	3335	97929	60	9	546	327	204	328	953	5311	169	3119	16	0	0	0	0	238	0	985	3064	26	186	163	44	0	325	2128	32052	10123	0.112	
C:\Data\CD166_19_(2020)\CD166_19_S2\CD166_19_S2_REP1\XRF data\L000109.spe	133.22	6.80	1	0.010267	-0.008542	0.009467	0.078770	37971	2.01	172	1405	0	61	743	566	10128	54469	271	7260	337	390	3524	97237	82	46	459	332	128	274	851	5149	245	3076	20	0	22	0	0	141	0	1048	3134	22	236	100	45	0	251	2295	31450	9872	0.111	
C:\Data\CD166_19_(2020)\CD166_19_S2\CD166_19_S2_REP1\XRF data\L000110.spe	134.22	6.81	1	0.010263	-0.008542	0.009467	0.078770	37267	1.81	170	1255	0	17	655	571	9685	54817	14	7605	389	348	3283	97641	46	74	625	331	209	313	852	4967	257	2827	10	4	0	0	67	77	0	1116	2813	52	175	49	116	0	260	2632	29778	9564	0.108	
C:\Data\CD166_19_(2020)\CD166_19_S2\CD166_19_S2_REP1\XRF data\L000111.spe	135.22	6.82	1	0.010262	-0.008542	0.009467	0.078770	37324	1.78	167	1195	0	47	670	605	9147	49904	18	8161	325	378	3275	106616	36	36	564	408	241	224	760	5188	91	2747	16	15	51	0	58	197	0	886	2897	16	226	82	163	0	338	2885	28538	9431	0.107	
C:\Data\CD166_19_(2020)\CD166_19_S2\CD166_19_S2_REP1\XRF data\L000112.spe	136.22	6.83	1	0.010262	-0.008542	0.009467	0.078770	38401	1.97	148	1138	0	50	653	637	9356	50535	0	9338	405	387	3423	114062	110	8	591	282	237	316	781	5282	291	2906	7	0	13	0	0	225	0	981	2911	30	209	270	0	0	329	3343	28555	9666	0.108	
C:\Data\CD166_19_(2020)\CD166_19_S2\CD166_19_S2_REP1\XRF data\L000113.spe	137.22	6.84	1	0.010261	-0.008542	0.009467	0.078770	39542	2.10	128	1263	21	79	660	624	9537	49248	25	9589	393	368	3421	120532	76	100	629	386	196	302	629	5676	318	3044	0	0	27	0	157	149	0	976	2977	0	132	158	96	0	274	3564	29288	9639	0.108	
C:\Data\CD166_19_(2020)\CD166_19_S2\CD166_19_S2_REP1\XRF data\L000114.spe	138.22	6.85	1	0.010268	-0.008542	0.009467	0.078770	38731	1.86	129	1279	21	69	674	619	9627	45445	163	10207	476	370	3390	116397	55	4	551	266	239	288	954	5096	210	2920	0	0	0	0	0	277	0	986	2772	49	191	125	0	28	288	2491	29796	9484	0.108	
C:\Data\CD166_19_(2020)\CD166_19_S2\CD166_19_S2_REP1\XRF data\L000115.spe	139.22	6.86	1	0.010265	-0.008542	0.009467	0.078770	39232	1.82	135	1328	0	59	663	637	9627	44153	88	9853	430	366	3470	120225	76	0	615	247	290	216	961	5047	273	2987	16	0	28	0	52	152	0	1079	2939	49	317	106	29	59	348	2614	29649	9825	0.108	
C:\Data\CD166_19_(2020)\CD166_19_S2\CD166_19_S2_REP1\XRF data\L000116.spe	140.22	6.86	1	0.010264	-0.008542	0.009384	0.078770	39603	1.79	160	1220	0	55	737	691	9525	39353	38	9750	376	291	3585	120964	43	66	541	243	124	266	901	4951	322	3250	0	0	0	0	0	220	0	1055	2904	0	166	180	121	0	346	2833	31002	10006	0.111	
C:\Data\CD166_19_(2020)\CD166_19_S2\CD166_19_S2_REP1\XRF data\L000117.spe	141.22	6.87	1	0.010265	-0.008542	0.009399	0.078770	38544	1.84	170	1199	12	39	812	548	10469	28285	0	8554	329	325	3711	109923	97	29	685	322	249	329	1129	4115	317	3534	21	0	8	0	0	200	0	1224	3164	19	149	184	0	0	264	2648	33972	10012	0.115	
C:\Data\CD166_19_(2020)\CD166_19_S2\CD166_19_S2_REP1\XRF data\L000118.spe	142.22	6.87	1	0.010266	-0.008542	0.009399	0.078770	39236	1.74	146	1324	29	10	804	582	10760	29800	89	8865	318	308	3460	111015	115	0	588	412	243	355	1060	4503	305	3870	17	0	0	0	0	191	33	1190	3077	169	257	93	171	0	264	2653	34127	9932	0.116	
C:\Data\CD166_19_(2020)\CD166_19_S2\CD166_19_S2_REP1\XRF data\L000119.spe	143.22	6.88	1	0.010266	-0.008542	0.009528	0.078770	38537	1.72	121	1295	28	47	745	632	10586	28631	60	8381	373	384	3330	106711	61	114	624	348	197	398	1108	4257	277	3821	23	0	36	0	0	156	18	1105	3138	50	269	128	98	0	363	2536	34450	10377	0.117	
C:\Data\CD166_19_(2020)\CD166_19_S2\CD166_19_S2_REP1\XRF data\L000120.spe	144.22	6.88	1	0.010266	-0.008542	0.009528	0.078770	38439	1.82	183	1317	25	54	823	655	10899	31357	83	8111	265	337	3445	102276	84	26	644	432	281	348	1230	3836	185	3920	0	0	32	0	0	248	0	1131	3165	0	221	144	0	0	259	2658	34829	10183	0.118	
C:\Data\CD166_19_(2020)\CD166_19_S2\CD166_19_S2_REP1\XRF data\L000121.spe	145.22	6.88	1	0.010262	-0.008542	0.009528	0.078770	38906	1.69	163	1289	12	48	796	641	11235	28557	25	8066	331	337	3720	105529	92	57	604	308	187	363	1179	3718	243	3911	17	0	0	0	11	171	9	1273	3132	21	142	98	35	0	376	2587	35462	10126	0.117	
C:\Data\CD166_19_(2020)\CD166_19_S2\CD166_19_S2_REP1\XRF data\L000122.spe	146.22	6.88	1	0.010264	-0.008542	0.009528	0.078770	38933	1.72	156	1348	0	30	747	662	11131	27015	33	8070	304	381	4007	106024	37	47	592	331	248	370	1279	3805	335	3965	0	0	5	0	0	222	0	1204	3248	83	288	0	0	38	318	2441	35589	10057	0.118	
C:\Data\CD166_19_(2020)\CD166_19_S2\CD166_19_S2_REP1\XRF data\L000123.spe	147.22	6.89	1	0.010264	-0.008542	0.009553	0.078770	38656	1.74	128	1323	0	43	807	687	10779	28223	106	8461	373	304	3695	106764	68	100	601	331	262	368	1323	3744	331	3877	5	0	25	0	0	181	13	1111	3182	0	220	86	0	47	333	2492	34186	10428	0.116	
C:\Data\CD166_19_(2020)\CD166_19_S2\CD166_19_S2_REP1\XRF data\L000124.spe	148.22	6.90	1	0.010263	-0.008542	0.009553	0.078770	38824	1.69	192	1377	19	49	739	639	11101	27413	0	8631	324	369	3562	108107	64	114	699	275	198	384	1181	3834	267	3778	22	0	21	0	0	216	5	1153	3225	114	225	138	61	0	298	2723	34979	10276	0.117	
C:\Data\CD166_19_(2020)\CD166_19_S2\CD166_19_S2_REP1\XRF data\L000125.spe	149.22	6.90	1	0.010263	-0.008542	0.009515	0.078770	38378	1.70	121	1261	0	19	716	682	10483	26512	38	8598	364	301	3784	108366	36	20	619	388	173	274	1003	4102	363	3701	0	0	14	0	0	206	0	1104	3210	83	232	112	100	0	355	2765	34208	10072	0.116	
C:\Data\CD166_19_(2020)\CD166_19_S2\CD166_19_S2_REP1\XRF data\L000126.spe	150.22	6.90	1	0.010262	-0.008542	0.009515	0.078770	39057	1.88	180	1277	17	54	751	654	10791	28279	0	9214	320	376	3585	112492	27	102	598	398	228	242	1313	4257	175	3824	9	0	48	0	29	178	0	1101	3112	24	131	122	0	0	292	2723	33889	10202	0.115	
C:\Data\CD166_19_(2020)\CD166_19_S2\CD166_19_S2_REP1\XRF data\L000127.spe	151.22	6.90	1	0.010266	-0.008542	0.009515	0.078770	39152	1.80	136	1425	0	46	747	637	10313	29931	0	10305	357	369	3766	116585	72	0	577	276	209	324	941	4307	375	3493	11	0	0	0	0	210	0	1123	3093	36	233	177	108	0	244	2528	32490	10035	0.114	
C:\Data\CD166_19_(2020)\CD166_19_S2\CD166_19_S2_REP1\XRF data\L000128.spe	152.22	6.91	1	0.010266	-0.008542	0.009553	0.078770	40149	1.82	148	1278	0	35	702	659	9927	30965	35	10666	552	407	3848	126347	76	13	587	366	209	288	1018	4788	238	3407	0	0	37	0	0	145	48	1125	3084	0	127	303	0	0	354	3068	32226	9769	0.112	
C:\Data\CD166_19_(2020)\CD166_19_S2\CD166_19_S2_REP1\XRF data\L000129.spe	153.22	6.91	1	0.010266	-0.008542	0.009553	0.078770	39955	1.77	157	1387	0	29	703	624	10370	31280	150	9872	397	406	3507	120243	106	62	612	332	248	365	1081	4807	364	3678	26	0	6	0	0	300	0	1135	3109	41	204	283	36	0	371	2543	32877	10383	0.113	
C:\Data\CD166_19_(2020)\CD166_19_S2\CD166_19_S2_REP1\XRF data\L000130.spe	154.22	6.91	1	0.010267	-0.008542	0.009553	0.078770	39531	1.91	135	1386	0	21	724	734	10583	30986	62	9017	427	355	3666	111707	45	0	591	409	232	374	1151	4593	310	3788	0	0	0	0	0	227	0	1167	3241	123	299	184	73	0	260	2528	34574	10633	0.116	
C:\Data\CD166_19_(2020)\CD166_19_S2\CD166_19_S2_REP1\XRF data\L000131.spe	155.22	6.91	1	0.010263	-0.008542	0.009553	0.078770	39086	1.79	136	1299	0	41	877	678	10510	32635	67	8387	353	332	3713	106846	60	21	595	288	211	335	1051	4356	404	3949	22	0	53	0	0	218	17	1134	3180	51	257	172	250	0	258	2845	35043	10411	0.117	
C:\Data\CD166_19_(2020)\CD166_19_S2\CD166_19_S2_REP1\XRF data\L000132.spe	156.22	6.91	1	0.010263	-0.008542	0.009553	0.078770	39069	1.77	151	1245	0	46	801	683	10604	33288	0	8377	444	272	3621	107295	72	85	615	427	152	424	1060	4140	319	3775	21	0	92	0	0	168	32	1201	3162	89	216	119	149	0	313	2924	34486	10611	0.116	
C:\Data\CD166_19_(2020)\CD166_19_S2\CD166_19_S2_REP1\XRF data\L000133.spe	157.22	6.92	1	0.010262	-0.008542	0.009553	0.078770	38826	1.87	159	1233	10	57	863	633	10532	33090	0	8174	292	362	3681	105473	87	94	573	397	181	303	1231	4463	259	3619	18	0	80	0	120	188	0	1028	3113	0	182	152	0	0	322	2620	34699	10363	0.117	
C:\Data\CD166_19_(2020)\CD166_19_S2\CD166_19_S2_REP1\XRF data\L000134.spe	158.22	6.91	1	0.010262	-0.008542	0.009441	0.078770	38426	1.86	118	1160	18	23	950	696	10254	35121	26	7570	298	354	3844	101518	125	91	663	337	285	353	1023	4384	341	3643	22	25	38	0	0	183	4	1150	3330	39	367	99	0	0	285	2641	34451	10088	0.117	
C:\Data\CD166_19_(2020)\CD166_19_S2\CD166_19_S2_REP1\XRF data\L000135.spe	159.22	6.91	1	0.010262	-0.008542	0.009441	0.078770	39435	1.90	135	1221	14	45	933	694	10509	37221	0	7775	356	302	3885	105165	136	38	583	218	185	329	1000	4453	362	3778	0	0	25	0	0	222	0	1217	3225	47	357	81	28	0	302	2942	34765	10460	0.117	
C:\Data\CD166_19_(2020)\CD166_19_S2\CD166_19_S2_REP1\XRF data\L000136.spe	160.22	6.91	1	0.010262	-0.008542	0.009441	0.078770	40624	1.97	133	1310	0	42	935	650	11164	38331	83	8545	374	356	3793	112579	118	111	596	298	317	453	1064	4453	308	3740	0	0	53	0	0	260	0	1165	3249	107	139	267	65	0	296	2979	35001	10444	0.116	
C:\Data\CD166_19_(2020)\CD166_19_S2\CD166_19_S2_REP1\XRF data\L000137.spe	161.22	6.91	1	0.010267	-0.008542	0.009441	0.078770	39189	1.80	155	1288	0	22	770	633	11160	37783	85	8090	269	409	3993	103906	40	0	650	294	224	440	967	4052	250	3776	14	0	0	0	0	223	0	1178	3231	0	201	221	102	0	307	2354	34276	10301	0.117	
C:\Data\CD166_19_(2020)\CD166_19_S2\CD166_19_S2_REP1\XRF data\L000138.spe	162.22	6.90	1	0.010265	-0.008542	0.009441	0.078770	38790	1.74	171	1318	0	38	800	625	10447	41065	83	7909	292	253	3966	100492	73	26	614	302	166	440	1102	4365	290	3453	0	0	25	0	0	215	0	1180	3234	21	212	72	48	5	216	2346	34866	10028	0.117	
C:\Data\CD166_19_(2020)\CD166_19_S2\CD166_19_S2_REP1\XRF data\L000139.spe	163.22	6.90	1	0.010265	-0.008542	0.009381	0.078770	38178	1.73	174	1265	0	49	788	645	10212	41500	102	7467	438	299	3732	97318	128	54	584	350	125	372	923	3976	223	3490	21	0	24	0	66	114	0	1112	3178	0	191	329	91	0	344	2315	34376	10276	0.116	
C:\Data\CD166_19_(2020)\CD166_19_S2\CD166_19_S2_REP1\XRF data\L000140.spe	164.22	6.91	1	0.010266	-0.008542	0.009381	0.078770	38822	1.76	157	1191	0	27	795	685	10031	43892	172	8039	287	364	3992	98826	119	85	593	387	198	437	942	4256	363	3646	0	0	0	0	0	189	0	1154	3151	0	122	209	142	0	321	2437	35332	10315	0.117	
C:\Data\CD166_19_(2020)\CD166_19_S2\CD166_19_S2_REP1\XRF data\L000141.spe	165.22	6.91	1	0.010266	-0.008542	0.009381	0.078770	39344	1.81	128	1252	0	49	888	671	9959	46570	150	8157	291	313	3865	100952	79	0	539	331	231	320	823	4186	208	3459	29	0	73	0	0	183	0	1236	3182	0	156	205	215	0	253	2175	35154	10342	0.116	
C:\Data\CD166_19_(2020)\CD166_19_S2\CD166_19_S2_REP1\XRF data\L000142.spe	166.22	6.92	1	0.010266	-0.008542	0.009356	0.078770	39943	1.82	113	1265	0	45	813	622	10323	46754	84	8969	398	260	3770	104342	104	11	705	290	229	411	1061	4357	365	3454	32	0	57	0	0	223	0	1147	3183	7	290	141	0	0	294	2582	34854	10437	0.117	
C:\Data\CD166_19_(2020)\CD166_19_S2\CD166_19_S2_REP1\XRF data\L000143.spe	167.22	6.92	1	0.010266	-0.008542	0.009467	0.078770	40105	1.80	170	1286	0	30	764	734	10142	47184	28	9610	282	289	3908	106044	104	117	600	307	213	419	981	4282	330	3283	0	0	4	0	0	239	0	1157	3172	62	269	135	51	92	348	2253	35282	10107	0.116	
C:\Data\CD166_19_(2020)\CD166_19_S2\CD166_19_S2_REP1\XRF data\L000144.spe	168.22	6.92	1	0.010266	-0.008542	0.009535	0.078770	40429	1.79	167	1349	0	62	746	671	10045	47608	109	9406	425	494	3965	112115	90	0	582	317	171	490	1073	4746	148	3235	7	0	23	0	0	215	0	1142	3229	117	308	163	155	0	326	2354	33300	10177	0.113	
C:\Data\CD166_19_(2020)\CD166_19_S2\CD166_19_S2_REP1\XRF data\L000145.spe	169.22	6.91	1	0.010262	-0.008542	0.009535	0.078770	39627	1.72	151	1336	0	74	764	698	9703	42690	20	9915	443	467	3749	118023	115	148	513	277	170	296	1044	4647	211	3211	8	14	117	0	67	145	32	1089	3160	0	230	89	0	12	308	3048	30642	9780	0.110	
C:\Data\CD166_19_(2020)\CD166_19_S2\CD166_19_S2_REP1\XRF data\L000146.spe	170.22	6.91	1	0.010265	-0.008542	0.009535	0.078770	39793	1.84	164	1272	16	46	684	705	8897	36292	8	12204	568	415	3745	133351	72	61	546	275	223	260	942	5052	232	2928	0	0	73	0	0	238	0	1024	2839	0	108	166	0	15	446	2879	28639	9167	0.107	
C:\Data\CD166_19_(2020)\CD166_19_S2\CD166_19_S2_REP1\XRF data\L000147.spe	171.22	6.92	1	0.010263	-0.008542	0.009504	0.078770	42447	1.96	145	1175	6	55	673	642	8778	38414	31	14074	631	495	3696	157382	106	152	558	306	150	205	632	5361	344	2791	11	0	31	0	0	253	0	944	2893	0	261	176	200	147	414	3823	27743	9206	0.104	
C:\Data\CD166_19_(2020)\CD166_19_S2\CD166_19_S2_REP1\XRF data\L000148.spe	172.22	6.92	1	0.010265	-0.008542	0.009504	0.078770	43243	2.21	193	1287	5	62	727	593	9034	40744	61	13711	644	482	3705	157296	107	50	564	288	170	263	760	5686	317	2827	12	0	0	0	82	160	14	986	2824	12	184	281	115	0	561	3994	28803	9628	0.105	
C:\Data\CD166_19_(2020)\CD166_19_S2\CD166_19_S2_REP1\XRF data\L000149.spe	173.22	6.93	1	0.010262	-0.008542	0.009504	0.078770	42179	1.83	186	1348	0	49	650	696	9424	45623	58	11989	463	410	4078	137670	132	36	599	385	119	222	964	5445	141	3114	19	0	53	0	33	164	7	1010	3084	89	226	120	0	108	318	3456	30252	10019	0.108	