C:\Data\CD166_19_(2020)_processed\CD166_19_S2\CD166_19_S2_REP1\XRF data     06-Oct-20  re-evaluated data
peakarea
filename	position (mm)	sample surface	validity	E-gain	E-offset	F-slope	F-offset	cps	MSE	Al	Si	P	S	Cl	Ar	K	Ca	Sc	Ti	V	Cr	Mn	Fe	Ni	Cu	Zn	Ga	Ge	Br	Rb	Sr	Y	Zr	Pd	Cd	I	Cs	Ba	Nd	Sm	Yb	Ta	W	Pb	Bi	Fe a*2	Fe a+b	S1	S2	S3	Mo inc	Mo coh	Dt	
C:\Data\CD166_19_(2020)_processed\CD166_19_S2\CD166_19_S2_REP1\XRF data\L000000.spe	24.22	6.99	1	0.010267	-0.009931	0.009900	0.077115	37922	1.36	125	897	0	47	933	686	6411	52149	0	6133	158	446	2362	84898	206	204	384	74	87	416	617	6154	323	1975	20	0	56	0	194	108	123	54	735	1996	59	196	219	300	630	271	556	27812	9050	0.108	
C:\Data\CD166_19_(2020)_processed\CD166_19_S2\CD166_19_S2_REP1\XRF data\L000001.spe	25.22	6.99	1	0.010267	-0.009931	0.009900	0.077115	37063	1.54	93	1000	0	0	816	605	7277	47586	0	6822	109	423	2585	87790	112	127	434	112	108	383	698	5562	175	2296	19	0	0	0	121	84	93	70	794	1953	116	140	208	57	453	295	652	25289	8273	0.105	
C:\Data\CD166_19_(2020)_processed\CD166_19_S2\CD166_19_S2_REP1\XRF data\L000002.spe	26.22	7.00	1	0.010267	-0.009931	0.009900	0.077115	39149	1.43	122	1008	0	0	752	628	7694	43742	0	7335	79	446	2894	93515	24	153	545	138	166	282	807	4985	224	2702	0	6	0	0	201	82	112	151	831	2079	132	261	282	36	591	323	584	27423	8688	0.108	
C:\Data\CD166_19_(2020)_processed\CD166_19_S2\CD166_19_S2_REP1\XRF data\L000003.spe	27.22	6.99	1	0.010267	-0.009931	0.009900	0.077115	43418	1.61	186	1159	0	0	705	645	8687	38150	0	9667	162	617	2994	111443	129	177	490	249	43	388	823	5511	320	3058	0	0	10	0	277	151	107	83	930	2384	104	212	255	340	773	482	727	29425	9644	0.111	
C:\Data\CD166_19_(2020)_processed\CD166_19_S2\CD166_19_S2_REP1\XRF data\L000004.spe	28.22	6.98	1	0.010267	-0.009931	0.009900	0.077115	46237	1.65	144	1322	0	9	724	597	9334	40834	0	10704	154	660	3627	123442	99	171	569	207	74	393	998	5688	151	3274	0	0	0	0	247	122	159	275	877	2503	68	258	234	53	859	567	823	30476	10413	0.111	
C:\Data\CD166_19_(2020)_processed\CD166_19_S2\CD166_19_S2_REP1\XRF data\L000005.spe	29.22	6.98	1	0.010267	-0.009931	0.009900	0.077115	47924	1.67	164	1325	0	0	764	591	9947	39455	0	11784	179	646	3840	136973	46	124	551	180	90	366	880	5859	251	3151	0	0	0	0	255	147	111	153	1014	2497	49	268	381	188	868	466	865	29654	10105	0.110	
C:\Data\CD166_19_(2020)_processed\CD166_19_S2\CD166_19_S2_REP1\XRF data\L000006.spe	30.22	6.98	1	0.010267	-0.009931	0.009900	0.077115	48491	1.65	119	1332	0	24	648	605	9512	38687	0	13013	198	678	3935	146197	171	120	514	186	142	391	866	5985	245	3065	0	0	0	0	352	145	185	92	1025	2386	59	198	353	181	1057	489	771	28774	9982	0.108	
C:\Data\CD166_19_(2020)_processed\CD166_19_S2\CD166_19_S2_REP1\XRF data\L000007.spe	31.22	6.98	1	0.010267	-0.009931	0.009900	0.077115	50530	1.61	145	1326	0	0	748	569	9176	37226	0	14929	308	719	3672	160288	154	142	581	149	61	381	1075	6170	318	3031	0	0	0	0	282	158	142	141	946	2424	50	182	370	126	956	585	1035	29140	9915	0.108	
C:\Data\CD166_19_(2020)_processed\CD166_19_S2\CD166_19_S2_REP1\XRF data\L000008.spe	32.22	6.98	1	0.010267	-0.009931	0.009900	0.077115	50415	1.69	170	1372	0	14	727	556	9499	37279	0	14839	282	692	3904	155308	142	305	632	138	74	320	930	5970	159	3243	0	0	10	0	356	135	153	152	930	2438	79	196	301	338	931	517	1133	29437	10133	0.110	
C:\Data\CD166_19_(2020)_processed\CD166_19_S2\CD166_19_S2_REP1\XRF data\L000009.spe	33.22	6.97	1	0.010267	-0.009931	0.009900	0.077115	48161	1.60	170	1420	0	4	746	515	9596	37150	0	12352	216	689	3152	134882	54	232	588	253	174	383	955	6169	154	3328	0	7	0	0	310	149	172	219	858	2435	18	246	393	171	885	476	907	30026	10305	0.112	
C:\Data\CD166_19_(2020)_processed\CD166_19_S2\CD166_19_S2_REP1\XRF data\L000010.spe	34.22	6.96	1	0.010267	-0.009931	0.009900	0.077115	46475	1.62	169	1305	0	0	776	538	10086	37177	0	9889	187	659	3361	119678	104	131	549	200	118	422	1104	5977	170	3495	0	0	26	0	238	192	120	147	1042	2498	105	239	327	81	850	421	610	31488	10333	0.114	
C:\Data\CD166_19_(2020)_processed\CD166_19_S2\CD166_19_S2_REP1\XRF data\L000011.spe	35.22	6.96	1	0.010267	-0.009931	0.009900	0.077115	46209	1.55	126	1398	0	0	793	577	10385	38367	0	9292	126	669	3238	113835	198	168	613	311	84	431	1138	5960	415	3496	0	0	11	0	305	103	172	75	971	2636	118	272	289	39	573	399	1126	32878	10689	0.115	
C:\Data\CD166_19_(2020)_processed\CD166_19_S2\CD166_19_S2_REP1\XRF data\L000012.spe	36.22	6.96	1	0.010267	-0.009931	0.009900	0.077115	45955	1.53	196	1322	0	8	811	551	10358	40189	0	9113	147	676	3074	112050	145	204	552	201	64	371	1141	5978	207	3360	0	0	15	0	325	169	93	67	975	2554	90	214	260	125	694	482	718	32153	10506	0.115	
C:\Data\CD166_19_(2020)_processed\CD166_19_S2\CD166_19_S2_REP1\XRF data\L000013.spe	37.22	6.96	1	0.010267	-0.009931	0.009900	0.077115	46404	1.55	156	1293	0	0	812	575	10204	43029	0	9416	144	583	3128	111950	100	166	652	89	136	440	1088	6026	199	3413	0	0	21	0	226	131	115	162	959	2560	109	271	295	58	710	429	747	32115	10511	0.116	
C:\Data\CD166_19_(2020)_processed\CD166_19_S2\CD166_19_S2_REP1\XRF data\L000014.spe	38.22	6.96	1	0.010267	-0.009931	0.009900	0.077115	45956	1.50	160	1338	0	0	834	554	10149	48434	0	8468	175	570	3013	105387	80	178	506	321	90	408	1074	5747	242	3399	0	10	32	0	254	145	135	169	1012	2577	125	264	242	186	691	468	515	32971	10602	0.115	
C:\Data\CD166_19_(2020)_processed\CD166_19_S2\CD166_19_S2_REP1\XRF data\L000015.spe	39.22	6.95	1	0.010267	-0.009931	0.009900	0.077115	45737	1.54	165	1276	0	0	847	578	10216	54529	0	7694	94	591	3042	99534	71	132	502	203	71	445	1068	5743	197	3384	0	13	13	0	246	173	65	206	987	2428	105	336	303	249	762	380	479	32949	10910	0.116	
C:\Data\CD166_19_(2020)_processed\CD166_19_S2\CD166_19_S2_REP1\XRF data\L000016.spe	40.22	6.95	1	0.010267	-0.009931	0.009900	0.077115	46144	1.57	133	1239	0	0	913	602	10094	55897	0	7967	111	606	3272	98670	101	185	530	231	147	447	1196	5650	337	3258	0	7	10	0	173	143	129	125	997	2592	119	263	355	84	678	382	574	33451	10519	0.117	
C:\Data\CD166_19_(2020)_processed\CD166_19_S2\CD166_19_S2_REP1\XRF data\L000017.spe	41.22	6.95	1	0.010267	-0.009931	0.009900	0.077115	45808	1.50	129	1202	0	0	888	528	9999	56554	0	7880	137	527	3334	97462	114	202	553	222	0	489	844	5687	252	2896	0	0	0	0	144	146	144	130	934	2646	137	229	97	410	608	292	726	33801	10854	0.116	
C:\Data\CD166_19_(2020)_processed\CD166_19_S2\CD166_19_S2_REP1\XRF data\L000018.spe	42.22	6.95	1	0.010267	-0.009931	0.009900	0.077115	46468	1.54	109	1155	0	0	979	534	9251	59275	0	7569	80	554	3174	101527	132	133	439	231	17	486	918	5601	329	2838	0	0	11	0	144	122	51	160	914	2567	93	216	438	378	612	351	564	33863	10694	0.116	
C:\Data\CD166_19_(2020)_processed\CD166_19_S2\CD166_19_S2_REP1\XRF data\L000019.spe	43.22	6.94	1	0.010267	-0.009931	0.009900	0.077115	45899	1.55	149	1147	0	29	945	543	9486	57609	0	7884	135	651	3367	102565	138	140	521	219	87	396	873	5561	137	2886	38	0	67	0	243	170	145	125	989	2442	77	222	88	129	587	488	861	32277	10310	0.114	
C:\Data\CD166_19_(2020)_processed\CD166_19_S2\CD166_19_S2_REP1\XRF data\L000020.spe	44.22	6.94	1	0.010267	-0.009931	0.009900	0.077115	45187	1.49	144	1225	0	7	781	558	9629	51175	0	8379	165	551	3421	103278	131	123	505	150	25	445	1037	5553	180	3240	39	0	0	0	280	116	131	148	878	2549	64	179	293	145	812	349	455	31305	10274	0.115	
C:\Data\CD166_19_(2020)_processed\CD166_19_S2\CD166_19_S2_REP1\XRF data\L000021.spe	45.22	6.94	1	0.010267	-0.009931	0.009900	0.077115	45481	1.57	154	1318	0	0	799	574	9876	51499	0	9049	116	601	3329	106891	171	146	475	183	117	436	872	6288	356	2686	10	0	0	0	232	114	58	65	889	2571	84	179	419	309	727	393	487	31915	10349	0.113	
C:\Data\CD166_19_(2020)_processed\CD166_19_S2\CD166_19_S2_REP1\XRF data\L000022.spe	46.22	6.94	1	0.010267	-0.009931	0.009900	0.077115	45670	1.49	146	1306	0	14	862	567	9686	58056	0	8428	95	599	3606	102111	124	138	583	158	83	454	1059	6451	291	3002	0	27	74	0	267	140	163	137	939	2469	70	192	258	98	620	349	680	31525	10309	0.114	
C:\Data\CD166_19_(2020)_processed\CD166_19_S2\CD166_19_S2_REP1\XRF data\L000023.spe	47.22	6.93	1	0.010267	-0.009931	0.009900	0.077115	45402	1.48	147	1278	0	0	791	560	9916	51153	0	8403	121	594	4192	104410	149	276	586	235	93	316	1026	5533	200	3053	0	0	15	0	237	148	117	150	953	2570	42	228	93	226	577	347	770	31438	10467	0.114	
C:\Data\CD166_19_(2020)_processed\CD166_19_S2\CD166_19_S2_REP1\XRF data\L000024.spe	48.22	6.93	1	0.010267	-0.009931	0.009900	0.077115	46652	1.70	142	1277	0	15	758	581	9754	48973	0	10013	271	604	3834	115963	147	206	600	306	56	427	1033	5825	188	3223	0	0	28	0	258	159	131	148	892	2477	56	215	393	237	906	512	526	30999	10291	0.113	
C:\Data\CD166_19_(2020)_processed\CD166_19_S2\CD166_19_S2_REP1\XRF data\L000025.spe	49.22	6.93	1	0.010267	-0.009931	0.009900	0.077115	47434	1.57	115	1220	0	6	874	580	9742	47101	0	10206	228	662	3711	120531	214	155	636	238	109	406	995	6017	368	3349	0	0	18	0	240	154	138	103	930	2581	12	280	255	214	719	531	880	31390	10468	0.114	
C:\Data\CD166_19_(2020)_processed\CD166_19_S2\CD166_19_S2_REP1\XRF data\L000026.spe	50.22	6.93	1	0.010267	-0.009931	0.009900	0.077115	46125	1.60	169	1154	0	13	972	605	9943	47587	0	8628	183	595	3659	108493	222	147	550	181	0	497	1053	5794	233	3429	0	13	31	0	291	152	124	101	1021	2518	119	189	215	259	723	446	522	31994	10601	0.115	
C:\Data\CD166_19_(2020)_processed\CD166_19_S2\CD166_19_S2_REP1\XRF data\L000027.spe	51.22	6.92	1	0.010267	-0.009931	0.009900	0.077115	45893	1.57	148	1257	0	22	840	552	10606	45047	0	8223	95	578	3992	105332	191	170	579	237	141	437	1129	5616	239	3446	0	0	6	0	261	138	153	85	959	2715	68	216	213	115	670	356	785	32545	10521	0.116	
C:\Data\CD166_19_(2020)_processed\CD166_19_S2\CD166_19_S2_REP1\XRF data\L000028.spe	52.22	6.92	1	0.010267	-0.009931	0.009900	0.077115	46218	1.57	171	1252	0	0	897	541	10339	44714	0	8806	196	589	3800	107598	125	91	522	236	0	455	969	5529	242	3349	0	0	13	0	202	197	104	140	946	2646	70	213	383	295	708	357	563	33340	10512	0.116	
C:\Data\CD166_19_(2020)_processed\CD166_19_S2\CD166_19_S2_REP1\XRF data\L000029.spe	53.22	6.92	1	0.010267	-0.009931	0.009900	0.077115	46814	1.50	168	1275	0	0	843	529	10167	48439	0	8837	173	610	3368	110217	152	89	484	130	85	453	1073	5298	341	3444	0	0	0	0	226	127	111	147	974	2527	56	189	194	46	686	381	613	32760	10547	0.116	
C:\Data\CD166_19_(2020)_processed\CD166_19_S2\CD166_19_S2_REP1\XRF data\L000030.spe	54.22	6.92	1	0.010267	-0.009931	0.009900	0.077115	46680	1.68	148	1251	0	18	862	544	10185	45921	0	9328	53	633	3533	111143	32	141	561	288	66	493	987	5380	261	3588	0	0	4	0	253	134	94	237	990	2625	84	232	234	164	740	395	754	33055	10428	0.116	
C:\Data\CD166_19_(2020)_processed\CD166_19_S2\CD166_19_S2_REP1\XRF data\L000031.spe	55.22	6.91	1	0.010267	-0.009931	0.009900	0.077115	46420	1.46	136	1293	0	0	779	525	10303	38871	0	10026	88	603	3603	115449	79	225	546	203	90	357	1140	5763	182	3492	49	0	5	0	258	148	168	207	949	2427	51	229	274	206	658	487	721	32403	10421	0.115	
C:\Data\CD166_19_(2020)_processed\CD166_19_S2\CD166_19_S2_REP1\XRF data\L000032.spe	56.22	6.92	1	0.010267	-0.009931	0.009900	0.077115	46770	1.54	153	1223	0	17	924	578	10056	44094	0	9160	109	658	3325	113098	174	176	519	249	39	464	958	6148	296	3368	0	0	29	0	277	133	125	76	1038	2608	85	266	263	236	691	437	736	32709	10597	0.116	
C:\Data\CD166_19_(2020)_processed\CD166_19_S2\CD166_19_S2_REP1\XRF data\L000033.spe	57.22	6.90	1	0.010267	-0.009931	0.009900	0.077115	47374	1.57	117	1098	0	0	1088	546	9791	57538	0	8204	152	537	3509	106084	166	107	470	209	40	525	1058	5912	233	3318	0	0	0	0	244	132	99	219	983	2483	100	176	163	0	593	340	980	33678	10506	0.116	
C:\Data\CD166_19_(2020)_processed\CD166_19_S2\CD166_19_S2_REP1\XRF data\L000034.spe	58.22	6.90	1	0.010267	-0.009931	0.009900	0.077115	46302	1.54	120	1101	0	0	1097	522	9324	60052	0	7665	121	567	3364	101193	125	185	459	92	56	534	1025	6077	289	2894	0	0	67	0	215	112	112	101	1030	2541	111	265	219	19	655	374	571	32890	10850	0.116	
C:\Data\CD166_19_(2020)_processed\CD166_19_S2\CD166_19_S2_REP1\XRF data\L000035.spe	59.22	6.90	1	0.010267	-0.009931	0.009900	0.077115	46026	1.52	129	1036	0	7	1028	609	8975	63980	0	8131	98	623	3124	102228	130	190	467	144	30	443	930	6023	251	2904	7	20	73	0	262	161	121	234	906	2445	167	141	133	93	582	426	833	32021	10283	0.113	
C:\Data\CD166_19_(2020)_processed\CD166_19_S2\CD166_19_S2_REP1\XRF data\L000036.spe	60.22	6.90	1	0.010267	-0.009931	0.009900	0.077115	46529	1.66	101	1084	0	24	868	502	9072	62132	0	9093	196	578	3182	108962	191	184	557	187	129	462	1052	5946	243	2812	10	0	31	0	224	128	155	98	942	2541	30	227	267	29	819	460	509	31410	10291	0.113	
C:\Data\CD166_19_(2020)_processed\CD166_19_S2\CD166_19_S2_REP1\XRF data\L000037.spe	61.22	6.90	1	0.010267	-0.009931	0.009900	0.077115	45190	1.57	162	1173	0	0	765	558	9077	56311	0	8903	112	595	3068	108618	99	107	496	206	114	390	879	5857	371	3145	0	0	5	0	263	125	63	130	884	2389	39	192	297	317	561	464	905	30587	10055	0.111	
C:\Data\CD166_19_(2020)_processed\CD166_19_S2\CD166_19_S2_REP1\XRF data\L000038.spe	62.22	6.91	1	0.010267	-0.009931	0.009900	0.077115	47670	1.56	173	1358	0	11	843	582	9756	53131	0	10474	268	589	3470	123293	20	135	545	151	65	432	823	6089	363	3342	30	0	35	0	282	130	145	272	973	2435	75	210	336	507	817	509	771	30716	10372	0.111	
C:\Data\CD166_19_(2020)_processed\CD166_19_S2\CD166_19_S2_REP1\XRF data\L000039.spe	63.22	6.91	1	0.010267	-0.009931	0.009900	0.077115	47266	1.64	171	1222	0	18	763	559	9350	52900	0	10534	266	553	3522	125240	156	165	562	194	52	368	941	5970	278	3073	0	0	43	0	247	167	81	60	802	2504	87	257	278	168	728	462	867	30048	10213	0.111	
C:\Data\CD166_19_(2020)_processed\CD166_19_S2\CD166_19_S2_REP1\XRF data\L000040.spe	64.22	6.90	1	0.010267	-0.009931	0.009900	0.077115	47136	1.55	119	1214	0	0	816	545	8727	67761	0	9649	160	591	3137	111346	150	207	578	167	22	438	856	5850	281	2768	0	0	26	0	229	111	150	104	861	2467	30	131	176	149	771	484	732	31721	10295	0.112	
C:\Data\CD166_19_(2020)_processed\CD166_19_S2\CD166_19_S2_REP1\XRF data\L000041.spe	65.22	6.89	1	0.010267	-0.009931	0.009900	0.077115	47223	1.57	154	1219	0	13	851	536	9188	63541	0	10427	74	724	3306	114676	143	85	553	160	117	372	711	5793	297	2930	7	0	26	0	207	113	137	159	896	2369	0	237	386	362	812	444	377	31126	10322	0.112	
C:\Data\CD166_19_(2020)_processed\CD166_19_S2\CD166_19_S2_REP1\XRF data\L000042.spe	66.22	6.90	1	0.010267	-0.009931	0.009900	0.077115	46731	1.57	140	1224	0	6	797	590	9335	65337	0	9804	152	635	3432	113079	106	63	579	175	61	487	862	5655	194	2857	0	9	31	0	272	119	103	167	952	2417	79	206	204	159	736	338	695	30416	10049	0.110	
C:\Data\CD166_19_(2020)_processed\CD166_19_S2\CD166_19_S2_REP1\XRF data\L000043.spe	67.22	6.90	1	0.010267	-0.009931	0.009900	0.077115	47899	1.63	147	1221	0	0	831	549	9257	67098	0	10837	27	615	3464	125588	143	229	636	241	129	457	783	5874	180	2727	0	5	17	0	352	100	133	151	784	2417	91	194	370	343	643	561	972	28444	10032	0.108	
C:\Data\CD166_19_(2020)_processed\CD166_19_S2\CD166_19_S2_REP1\XRF data\L000044.spe	68.22	6.89	1	0.010267	-0.009931	0.009900	0.077115	48271	1.60	136	1301	0	15	786	621	9298	61942	0	11488	151	741	3449	134761	50	282	533	209	128	366	794	5968	302	2724	0	6	11	0	266	161	131	215	752	2352	69	232	336	266	906	457	897	27930	10010	0.106	
C:\Data\CD166_19_(2020)_processed\CD166_19_S2\CD166_19_S2_REP1\XRF data\L000045.spe	69.22	6.89	1	0.010267	-0.009931	0.009900	0.077115	48486	1.66	170	1255	4	0	775	533	9178	56888	0	11737	303	744	3354	140319	89	171	570	124	7	313	797	5792	202	3003	19	19	28	0	221	164	83	135	835	2302	117	71	348	176	954	561	944	27839	9918	0.107	
C:\Data\CD166_19_(2020)_processed\CD166_19_S2\CD166_19_S2_REP1\XRF data\L000046.spe	70.22	6.88	1	0.010267	-0.009931	0.009900	0.077115	47198	1.48	146	1180	0	14	793	608	8996	59375	0	10944	195	666	3201	123999	76	178	498	161	40	483	878	6112	275	2950	0	0	0	0	249	126	112	142	895	2407	98	204	113	79	866	488	729	29327	10215	0.109	
C:\Data\CD166_19_(2020)_processed\CD166_19_S2\CD166_19_S2_REP1\XRF data\L000047.spe	71.22	6.87	1	0.010267	-0.009931	0.009900	0.077115	46344	1.64	156	1282	0	0	831	612	9170	56025	0	10132	192	564	3105	114078	88	116	631	128	35	362	1032	6101	193	3071	0	0	0	0	245	92	101	163	925	2555	16	246	202	65	730	357	628	30730	10538	0.112	
C:\Data\CD166_19_(2020)_processed\CD166_19_S2\CD166_19_S2_REP1\XRF data\L000048.spe	72.22	6.88	1	0.010267	-0.009931	0.009900	0.077115	45716	1.66	189	1260	0	0	822	541	9133	55378	0	9687	28	564	2974	111071	108	122	492	187	0	384	899	5731	236	2852	0	0	12	0	290	116	86	103	897	2529	82	252	275	282	728	388	604	31128	10194	0.111	
C:\Data\CD166_19_(2020)_processed\CD166_19_S2\CD166_19_S2_REP1\XRF data\L000049.spe	73.22	6.88	1	0.010267	-0.009931	0.009900	0.077115	46596	1.67	127	1181	0	0	787	618	9070	57823	0	10531	134	549	3096	115130	176	164	568	221	63	322	1039	6086	161	2923	0	0	0	0	244	99	134	19	939	2541	43	174	245	105	772	438	583	30753	10334	0.111	
C:\Data\CD166_19_(2020)_processed\CD166_19_S2\CD166_19_S2_REP1\XRF data\L000050.spe	74.22	6.88	1	0.010267	-0.009931	0.009900	0.077115	46432	1.62	209	1266	0	0	745	571	9483	51140	0	10402	124	574	3101	116490	107	151	493	242	124	305	818	5676	158	3133	0	0	8	0	266	141	100	178	936	2371	59	227	267	286	896	437	367	30118	10533	0.112	
C:\Data\CD166_19_(2020)_processed\CD166_19_S2\CD166_19_S2_REP1\XRF data\L000051.spe	75.22	6.89	1	0.010267	-0.009931	0.009900	0.077115	46663	1.58	198	1260	0	0	800	591	9621	49119	0	10270	183	586	3171	117161	72	182	475	196	30	467	995	5738	224	3378	0	0	0	0	269	147	94	170	822	2463	36	196	328	335	817	331	528	31193	10199	0.113	
C:\Data\CD166_19_(2020)_processed\CD166_19_S2\CD166_19_S2_REP1\XRF data\L000052.spe	76.22	6.88	1	0.010267	-0.009931	0.009900	0.077115	46788	1.64	149	1348	0	0	730	530	9628	46000	0	10897	154	731	3426	121496	79	144	573	282	129	430	1038	5838	227	3272	0	0	6	0	252	99	111	223	845	2488	118	201	259	0	870	389	768	31208	10238	0.112	
C:\Data\CD166_19_(2020)_processed\CD166_19_S2\CD166_19_S2_REP1\XRF data\L000053.spe	77.22	6.89	1	0.010267	-0.009931	0.009900	0.077115	46051	1.54	99	1144	0	5	734	595	9630	50789	0	10116	220	565	3320	116688	114	177	608	209	0	357	841	5773	314	3061	0	0	28	0	236	131	150	150	826	2500	96	274	268	388	873	472	609	29972	10172	0.111	
C:\Data\CD166_19_(2020)_processed\CD166_19_S2\CD166_19_S2_REP1\XRF data\L000054.spe	78.22	6.89	1	0.010267	-0.009931	0.009900	0.077115	47044	1.62	175	1359	0	0	691	559	9481	45425	0	11837	238	693	3449	131060	108	198	500	171	0	375	855	6327	230	2831	12	0	0	0	310	156	137	119	930	2488	105	249	278	203	954	486	687	29559	9965	0.109	
C:\Data\CD166_19_(2020)_processed\CD166_19_S2\CD166_19_S2_REP1\XRF data\L000055.spe	79.22	6.89	1	0.010267	-0.009931	0.009900	0.077115	47763	1.62	166	1385	0	0	646	528	9402	41808	0	12930	213	645	3512	139521	53	141	525	198	48	346	882	6663	231	2962	0	0	7	0	274	142	131	177	960	2375	84	262	419	329	749	491	1221	28812	9914	0.108	
C:\Data\CD166_19_(2020)_processed\CD166_19_S2\CD166_19_S2_REP1\XRF data\L000056.spe	80.22	6.88	1	0.010267	-0.009931	0.009900	0.077115	49690	1.68	192	1394	0	0	662	602	9532	38517	0	15180	325	765	3885	160695	140	167	559	152	69	409	839	6271	281	2896	0	0	19	0	342	144	165	136	933	2427	30	230	388	146	1197	502	969	27517	9537	0.104	
C:\Data\CD166_19_(2020)_processed\CD166_19_S2\CD166_19_S2_REP1\XRF data\L000057.spe	81.22	6.88	1	0.010267	-0.009931	0.009900	0.077115	52089	1.76	165	1391	0	0	642	562	8804	41725	0	17325	304	854	3636	174323	117	139	526	101	86	288	906	6469	250	2764	0	0	9	0	336	107	180	148	852	2246	26	322	496	14	1012	665	1246	27539	10092	0.105	
C:\Data\CD166_19_(2020)_processed\CD166_19_S2\CD166_19_S2_REP1\XRF data\L000058.spe	82.22	6.87	1	0.010267	-0.009931	0.009900	0.077115	52702	1.69	127	1249	0	5	752	542	8659	63164	0	14890	219	748	3704	158826	183	122	537	146	98	409	851	6472	220	2854	7	0	55	0	310	144	165	108	814	2343	93	246	336	99	997	542	963	29349	10460	0.109	
C:\Data\CD166_19_(2020)_processed\CD166_19_S2\CD166_19_S2_REP1\XRF data\L000059.spe	83.22	6.86	1	0.010267	-0.009931	0.009900	0.077115	44911	1.52	133	1043	0	0	848	576	8504	79893	0	8381	146	616	3533	99787	196	115	460	180	99	346	620	5523	249	2675	14	0	58	0	219	135	84	134	856	2343	86	246	162	378	747	326	412	29171	9709	0.108	
C:\Data\CD166_19_(2020)_processed\CD166_19_S2\CD166_19_S2_REP1\XRF data\L000060.spe	84.22	6.87	1	0.010267	-0.009931	0.009900	0.077115	47120	1.49	171	1230	0	0	696	590	8352	63058	0	12138	240	562	3125	131139	147	159	543	169	31	357	795	6223	95	2478	0	23	22	0	279	118	204	111	806	2274	37	271	187	169	797	515	655	27297	9768	0.106	
C:\Data\CD166_19_(2020)_processed\CD166_19_S2\CD166_19_S2_REP1\XRF data\L000061.spe	85.22	6.87	1	0.010267	-0.009931	0.009900	0.077115	47776	1.61	129	1265	0	0	628	604	8652	55061	0	12891	205	734	2927	139298	157	247	561	254	62	364	569	6637	328	2527	0	0	21	0	263	141	131	117	795	2397	52	234	306	460	941	540	797	27422	9485	0.106	
C:\Data\CD166_19_(2020)_processed\CD166_19_S2\CD166_19_S2_REP1\XRF data\L000062.spe	86.22	6.87	1	0.010267	-0.009931	0.009900	0.077115	48954	1.58	138	1254	0	0	597	566	8724	54238	0	13974	233	783	3020	147615	210	212	540	209	210	345	751	6696	280	2610	0	0	0	0	375	108	127	74	869	2390	130	242	356	142	902	497	838	27361	9774	0.106	
C:\Data\CD166_19_(2020)_processed\CD166_19_S2\CD166_19_S2_REP1\XRF data\L000063.spe	87.22	6.87	1	0.010267	-0.009931	0.009900	0.077115	48745	1.66	135	1326	0	6	606	588	8434	50490	0	14028	143	877	3154	149716	171	174	523	167	26	273	810	6516	257	2600	0	0	29	0	282	134	122	108	785	2301	62	103	418	97	930	524	964	26944	9609	0.105	
C:\Data\CD166_19_(2020)_processed\CD166_19_S2\CD166_19_S2_REP1\XRF data\L000064.spe	88.22	6.87	1	0.010267	-0.009931	0.009900	0.077115	49371	1.66	137	1295	0	0	678	601	8571	48950	0	14185	155	793	4078	154293	191	273	606	247	100	311	901	6693	236	2494	0	0	0	0	407	162	166	140	773	2395	56	178	308	17	1030	595	909	27001	9537	0.105	
C:\Data\CD166_19_(2020)_processed\CD166_19_S2\CD166_19_S2_REP1\XRF data\L000065.spe	89.22	6.86	1	0.010267	-0.009931	0.009900	0.077115	51345	1.72	150	1349	0	0	544	525	8211	49715	0	16544	190	805	3679	171394	148	176	613	161	66	260	669	6776	257	2446	0	0	0	0	313	81	189	119	817	2203	19	175	299	296	1163	530	1013	26447	9633	0.103	
C:\Data\CD166_19_(2020)_processed\CD166_19_S2\CD166_19_S2_REP1\XRF data\L000066.spe	90.22	6.86	1	0.010267	-0.009931	0.009900	0.077115	52718	1.84	198	1275	33	0	572	638	7899	51427	0	18125	250	1015	3424	180346	208	206	602	239	115	277	650	6779	341	2491	0	0	25	0	390	120	200	207	808	2203	42	160	482	342	1225	677	1101	26746	9740	0.103	
C:\Data\CD166_19_(2020)_processed\CD166_19_S2\CD166_19_S2_REP1\XRF data\L000067.spe	91.22	6.86	1	0.010267	-0.009931	0.009900	0.077115	53238	1.73	203	1324	0	0	662	604	7901	50186	0	18400	202	862	3562	183440	195	177	611	157	66	217	680	6748	217	2387	0	0	16	0	435	114	131	146	830	2192	32	150	455	85	1257	651	885	26382	9619	0.104	
C:\Data\CD166_19_(2020)_processed\CD166_19_S2\CD166_19_S2_REP1\XRF data\L000068.spe	92.22	6.86	1	0.010267	-0.009931	0.009900	0.077115	52694	1.85	163	1347	0	0	580	602	7989	53784	0	17269	147	850	3562	174513	196	162	582	158	0	251	841	6918	181	2444	0	0	0	0	435	150	159	213	795	2248	28	183	439	36	1147	610	733	27090	9870	0.105	
C:\Data\CD166_19_(2020)_processed\CD166_19_S2\CD166_19_S2_REP1\XRF data\L000069.spe	93.22	6.85	1	0.010267	-0.009931	0.009900	0.077115	49756	1.85	161	1394	0	0	530	579	8539	58283	0	13966	179	724	3237	150847	177	142	569	184	96	332	758	7241	244	2506	0	14	22	0	418	100	131	153	740	2295	17	239	322	210	1026	484	817	27644	9818	0.105	
C:\Data\CD166_19_(2020)_processed\CD166_19_S2\CD166_19_S2_REP1\XRF data\L000070.spe	94.22	6.84	1	0.010267	-0.009931	0.009900	0.077115	49065	1.65	150	1353	0	30	608	563	8432	61202	0	13319	121	696	3177	140780	108	106	530	181	31	304	870	7060	130	2439	11	22	18	0	252	116	124	246	799	2310	0	201	401	208	913	473	1007	28431	10179	0.106	
C:\Data\CD166_19_(2020)_processed\CD166_19_S2\CD166_19_S2_REP1\XRF data\L000071.spe	95.22	6.83	1	0.010267	-0.009931	0.009900	0.077115	48092	1.62	154	1358	0	4	553	602	8651	59246	0	12807	212	700	3175	138517	140	139	486	216	148	312	888	6818	116	2615	9	0	17	0	226	126	143	99	696	2335	38	197	504	183	863	516	754	27208	9844	0.106	
C:\Data\CD166_19_(2020)_processed\CD166_19_S2\CD166_19_S2_REP1\XRF data\L000072.spe	96.22	6.83	1	0.010267	-0.009931	0.009900	0.077115	49666	1.65	179	1259	0	0	571	560	8391	57925	0	14624	201	729	3552	153487	193	68	544	247	0	235	778	6537	195	2555	10	0	8	0	262	100	153	80	805	2305	9	242	274	219	901	499	972	26928	9655	0.104	
C:\Data\CD166_19_(2020)_processed\CD166_19_S2\CD166_19_S2_REP1\XRF data\L000073.spe	97.22	6.84	1	0.010267	-0.009931	0.009900	0.077115	50088	1.68	174	1391	0	0	575	636	8690	53859	0	14599	261	794	3466	157602	180	93	563	188	60	283	413	6609	283	2519	22	0	30	0	377	104	125	66	827	2393	75	218	338	633	850	562	1177	26794	9541	0.105	
C:\Data\CD166_19_(2020)_processed\CD166_19_S2\CD166_19_S2_REP1\XRF data\L000074.spe	98.22	6.83	1	0.010267	-0.009931	0.009900	0.077115	52137	1.76	141	1380	0	0	596	600	8852	55165	0	15294	328	826	3497	166120	171	195	534	237	0	331	665	6396	240	2728	0	12	19	0	290	137	175	106	715	2272	53	192	173	341	1092	525	1156	27452	9837	0.107	
C:\Data\CD166_19_(2020)_processed\CD166_19_S2\CD166_19_S2_REP1\XRF data\L000075.spe	99.22	6.82	1	0.010267	-0.009931	0.009900	0.077115	52207	1.69	179	1324	0	17	676	573	9457	55749	0	13457	298	767	3653	153684	160	186	628	253	147	462	931	6270	302	3249	0	0	0	0	271	147	132	6	758	2463	161	273	277	252	964	505	1004	30979	10432	0.111	
C:\Data\CD166_19_(2020)_processed\CD166_19_S2\CD166_19_S2_REP1\XRF data\L000076.spe	100.22	6.80	1	0.010267	-0.009931	0.009900	0.077115	50212	1.59	214	1407	0	6	680	518	10632	58192	0	10819	183	716	4067	125095	99	157	681	259	141	583	943	5284	268	3430	15	0	38	0	258	140	163	202	882	2579	0	261	462	300	723	521	808	33788	10992	0.116	
C:\Data\CD166_19_(2020)_processed\CD166_19_S2\CD166_19_S2_REP1\XRF data\L000077.spe	101.22	6.79	1	0.010267	-0.009931	0.009900	0.077115	47777	1.68	187	1360	0	0	708	514	10649	59115	0	8545	195	543	3548	107907	33	191	598	201	132	468	1106	5723	233	3329	28	0	0	0	227	111	125	274	920	2423	66	234	171	132	799	391	507	33893	10881	0.118	
C:\Data\CD166_19_(2020)_processed\CD166_19_S2\CD166_19_S2_REP1\XRF data\L000078.spe	102.22	6.79	1	0.010267	-0.009931	0.009900	0.077115	46315	1.65	152	1292	0	36	747	525	10970	55431	0	7799	136	507	3884	98914	89	138	596	268	50	531	1064	4975	191	3716	14	0	62	0	237	121	77	200	991	2500	125	173	170	214	690	378	553	34495	10818	0.118	
C:\Data\CD166_19_(2020)_processed\CD166_19_S2\CD166_19_S2_REP1\XRF data\L000079.spe	103.22	6.79	1	0.010267	-0.009931	0.009900	0.077115	45750	1.44	141	1424	0	5	735	560	10827	54691	0	7423	130	573	4000	97313	206	163	562	217	25	476	1291	4737	272	3435	14	11	0	0	288	116	121	0	966	2620	45	275	238	135	646	352	595	34440	10665	0.117	
C:\Data\CD166_19_(2020)_processed\CD166_19_S2\CD166_19_S2_REP1\XRF data\L000080.spe	104.22	6.79	1	0.010267	-0.009931	0.009900	0.077115	45343	1.55	156	1339	0	0	672	570	10454	49080	0	8134	40	569	3469	98409	126	33	477	154	45	547	1118	4918	229	3336	22	0	0	0	249	122	124	164	971	2383	128	319	204	117	654	504	558	34214	10526	0.118	
C:\Data\CD166_19_(2020)_processed\CD166_19_S2\CD166_19_S2_REP1\XRF data\L000081.spe	105.22	6.79	1	0.010267	-0.009931	0.009900	0.077115	48016	1.61	168	1417	0	0	794	584	11052	52817	0	8835	87	478	3647	106748	85	67	626	260	43	512	1101	5365	268	3863	0	0	0	0	211	118	133	163	941	2502	80	274	241	165	611	405	839	35566	11215	0.118	
C:\Data\CD166_19_(2020)_processed\CD166_19_S2\CD166_19_S2_REP1\XRF data\L000082.spe	106.22	6.79	1	0.010267	-0.009931	0.009900	0.077115	51279	1.77	209	1517	0	4	898	589	12330	59260	0	9394	176	592	4363	116855	116	178	742	346	55	396	1393	5595	371	3887	0	0	35	0	263	133	76	165	986	2732	75	208	407	89	743	381	596	37236	11629	0.119	
C:\Data\CD166_19_(2020)_processed\CD166_19_S2\CD166_19_S2_REP1\XRF data\L000083.spe	107.22	6.77	1	0.010267	-0.009931	0.009900	0.077115	43867	1.54	143	1371	0	11	758	528	10802	53126	0	7922	154	505	3426	98470	136	135	640	297	39	457	963	4757	278	3069	12	0	34	0	182	141	126	43	804	2608	114	252	312	263	556	390	545	31954	10065	0.113	
C:\Data\CD166_19_(2020)_processed\CD166_19_S2\CD166_19_S2_REP1\XRF data\L000084.spe	108.22	6.75	1	0.010267	-0.009931	0.009900	0.077115	44837	1.49	190	1381	0	0	664	547	9728	57780	0	9029	147	494	2916	105706	132	83	508	157	55	356	1050	5556	276	3016	6	0	0	0	250	108	113	108	866	2414	0	204	195	49	710	444	706	29669	10083	0.111	
C:\Data\CD166_19_(2020)_processed\CD166_19_S2\CD166_19_S2_REP1\XRF data\L000085.spe	109.22	6.74	1	0.010267	-0.009931	0.009900	0.077115	44805	1.52	123	1300	0	0	663	538	9799	52673	0	8724	129	585	2980	104822	120	90	508	132	69	451	819	5973	319	3209	0	0	37	0	335	101	122	111	960	2360	127	263	216	361	675	373	705	31737	10543	0.113	
C:\Data\CD166_19_(2020)_processed\CD166_19_S2\CD166_19_S2_REP1\XRF data\L000086.spe	110.22	6.74	1	0.010267	-0.009931	0.009900	0.077115	44040	1.52	139	1272	0	0	625	522	9816	55520	0	7299	122	523	3122	95052	103	122	534	286	15	336	900	5433	230	3219	0	0	0	0	286	75	45	167	823	2500	0	191	415	180	499	392	785	32680	10725	0.115	
C:\Data\CD166_19_(2020)_processed\CD166_19_S2\CD166_19_S2_REP1\XRF data\L000087.spe	111.22	6.74	1	0.010267	-0.009931	0.009900	0.077115	43492	1.48	168	1228	0	46	774	507	9915	57221	0	7162	120	521	3434	92326	91	65	567	186	109	324	1056	5098	330	3330	32	0	16	0	286	74	100	116	800	2324	68	193	237	173	614	315	537	31484	10216	0.114	
C:\Data\CD166_19_(2020)_processed\CD166_19_S2\CD166_19_S2_REP1\XRF data\L000088.spe	112.22	6.74	1	0.010267	-0.009931	0.009900	0.077115	42215	1.48	140	1207	0	0	735	532	9920	54262	0	6917	137	496	3212	89443	172	46	610	223	22	429	1055	5001	209	3149	10	0	4	0	185	146	120	52	906	2405	34	239	245	82	498	291	692	31144	10220	0.114	
C:\Data\CD166_19_(2020)_processed\CD166_19_S2\CD166_19_S2_REP1\XRF data\L000089.spe	113.22	6.73	1	0.010267	-0.009931	0.009900	0.077115	42639	1.58	155	1324	0	0	763	566	10088	58583	0	7246	60	449	3257	90118	150	192	506	218	159	424	1067	4954	187	3276	0	5	5	0	215	83	126	0	768	2393	87	264	207	4	586	397	493	30434	9908	0.113	
C:\Data\CD166_19_(2020)_processed\CD166_19_S2\CD166_19_S2_REP1\XRF data\L000090.spe	114.22	6.73	1	0.010267	-0.009931	0.009900	0.077115	41800	1.47	84	1121	0	0	728	616	9083	51290	0	7033	91	513	3189	86767	136	58	499	167	86	460	933	5083	258	3352	0	33	7	0	212	120	93	62	817	2398	129	270	213	256	551	381	513	31194	10387	0.116	
C:\Data\CD166_19_(2020)_processed\CD166_19_S2\CD166_19_S2_REP1\XRF data\L000091.spe	115.22	6.74	1	0.010267	-0.009931	0.009900	0.077115	43825	1.46	130	1265	0	0	783	538	10004	58709	0	6999	208	513	3268	90822	53	87	659	180	52	491	1050	5162	339	3437	0	0	0	0	123	122	98	190	814	2443	0	198	260	63	694	349	337	32114	10332	0.115	
C:\Data\CD166_19_(2020)_processed\CD166_19_S2\CD166_19_S2_REP1\XRF data\L000092.spe	116.22	6.75	1	0.010267	-0.009931	0.009900	0.077115	41491	1.53	112	1151	0	0	682	560	9264	51155	0	6596	158	462	3035	86020	61	152	532	269	75	453	1046	4781	378	3433	0	0	5	0	218	94	100	167	781	2230	0	275	347	137	479	365	573	31526	10243	0.114	
C:\Data\CD166_19_(2020)_processed\CD166_19_S2\CD166_19_S2_REP1\XRF data\L000093.spe	117.22	6.75	1	0.010267	-0.009931	0.009900	0.077115	43435	1.48	120	1105	0	7	754	525	9842	55558	0	7087	19	499	3000	88722	143	76	597	287	93	499	1172	4937	299	3579	0	0	0	0	97	108	17	10	846	2522	159	251	143	31	590	331	463	33126	10977	0.116	
C:\Data\CD166_19_(2020)_processed\CD166_19_S2\CD166_19_S2_REP1\XRF data\L000094.spe	118.22	6.73	1	0.010267	-0.009931	0.009900	0.077115	42946	1.46	134	1187	0	8	748	509	9833	51764	0	7053	114	499	3347	88316	105	163	607	311	74	432	968	4831	253	3421	0	0	22	0	235	115	100	174	809	2323	0	206	230	122	465	357	834	32324	10282	0.117	
C:\Data\CD166_19_(2020)_processed\CD166_19_S2\CD166_19_S2_REP1\XRF data\L000095.spe	119.22	6.67	1	0.010267	-0.009931	0.009900	0.077115	40389	1.54	102	1049	0	0	636	389	8700	48368	0	6241	59	371	2744	80333	171	90	624	220	109	467	1080	4468	279	3517	0	0	0	0	172	82	67	55	813	2224	51	210	260	140	461	266	503	31947	10268	0.117	
C:\Data\CD166_19_(2020)_processed\CD166_19_S2\CD166_19_S2_REP1\XRF data\L000096.spe	120.22	6.67	1	0.010267	-0.009931	0.009900	0.077115	40802	1.45	109	1117	0	0	729	409	9396	50096	0	6245	67	466	3061	83149	122	100	588	130	105	417	1094	4379	261	3227	0	0	0	0	253	88	80	23	815	2343	66	217	263	258	476	270	651	31799	10406	0.115	
C:\Data\CD166_19_(2020)_processed\CD166_19_S2\CD166_19_S2_REP1\XRF data\L000097.spe	121.22	6.70	1	0.010267	-0.009931	0.009900	0.077115	41668	1.48	123	1138	0	0	701	388	9955	45503	0	6610	115	505	3192	85107	116	103	579	169	73	433	1095	4367	160	3654	23	0	24	0	169	114	105	39	816	2335	0	299	279	129	369	329	660	32339	10361	0.117	
C:\Data\CD166_19_(2020)_processed\CD166_19_S2\CD166_19_S2_REP1\XRF data\L000098.spe	122.22	6.71	1	0.010267	-0.009931	0.009900	0.077115	42261	1.46	178	1247	0	21	772	439	9875	43993	8	6487	35	530	3385	86727	39	77	577	212	80	544	1144	4432	251	3625	0	7	35	0	228	136	106	261	939	2310	45	267	288	257	606	370	604	33313	10354	0.118	
C:\Data\CD166_19_(2020)_processed\CD166_19_S2\CD166_19_S2_REP1\XRF data\L000099.spe	123.22	6.71	1	0.010267	-0.009931	0.009900	0.077115	40931	1.42	157	1215	0	38	720	445	9781	44614	0	6608	114	463	3593	87640	142	97	593	214	118	408	965	4246	150	3372	0	0	0	0	168	118	89	85	825	2247	106	147	226	237	562	297	595	30999	9952	0.114	
C:\Data\CD166_19_(2020)_processed\CD166_19_S2\CD166_19_S2_REP1\XRF data\L000100.spe	124.22	6.70	1	0.010267	-0.009931	0.009900	0.077115	38838	1.45	166	1161	0	37	655	435	9484	44567	0	6886	155	473	3232	85887	92	108	508	176	30	371	909	4516	108	2932	15	0	29	0	205	150	77	86	828	2217	71	244	201	27	581	306	336	27675	9212	0.110	
C:\Data\CD166_19_(2020)_processed\CD166_19_S2\CD166_19_S2_REP1\XRF data\L000101.spe	125.22	6.71	1	0.010267	-0.009931	0.009900	0.077115	38482	1.36	175	1130	0	0	700	443	9205	42172	0	6110	59	424	3055	82968	22	48	563	256	168	359	819	4337	246	3036	0	0	0	0	197	102	81	130	782	2156	99	196	162	211	490	250	532	29436	9195	0.112	
C:\Data\CD166_19_(2020)_processed\CD166_19_S2\CD166_19_S2_REP1\XRF data\L000102.spe	126.22	6.73	1	0.010267	-0.009931	0.009900	0.077115	36437	1.43	96	1125	0	0	590	530	9028	37328	0	5754	87	399	2999	76589	140	90	504	141	0	377	880	3970	160	3098	11	0	7	0	211	110	102	37	809	2122	43	227	216	98	437	244	513	27833	9283	0.112	
C:\Data\CD166_19_(2020)_processed\CD166_19_S2\CD166_19_S2_REP1\XRF data\L000103.spe	127.22	6.77	1	0.010267	-0.009931	0.009900	0.077115	37775	1.51	151	1159	0	0	684	524	9521	48684	0	6234	85	430	3200	79979	102	69	555	172	104	367	957	4113	215	2928	0	0	6	0	209	86	76	50	788	2234	84	204	221	60	530	272	568	27427	8975	0.108	
C:\Data\CD166_19_(2020)_processed\CD166_19_S2\CD166_19_S2_REP1\XRF data\L000104.spe	128.22	6.79	1	0.010267	-0.009931	0.009900	0.077115	38678	1.51	177	1068	0	0	624	597	9787	46347	0	6592	82	489	3006	80851	67	135	520	216	120	411	989	4315	247	3233	0	0	24	0	165	128	86	142	690	2190	73	134	275	142	456	299	556	28965	9398	0.111	
C:\Data\CD166_19_(2020)_processed\CD166_19_S2\CD166_19_S2_REP1\XRF data\L000105.spe	129.22	6.80	1	0.010267	-0.009931	0.009900	0.077115	41094	1.49	105	1180	0	17	672	659	9659	54565	0	6641	99	455	3452	84108	79	86	462	176	0	384	959	4480	330	2864	0	0	21	0	149	140	149	67	786	2427	68	232	228	211	455	302	684	30381	9921	0.113	
C:\Data\CD166_19_(2020)_processed\CD166_19_S2\CD166_19_S2_REP1\XRF data\L000106.spe	130.22	6.82	1	0.010267	-0.009931	0.009900	0.077115	42792	1.66	131	1155	0	0	749	625	9895	53204	0	7285	150	492	3312	93274	105	176	547	263	10	395	1113	4954	172	2849	0	0	0	0	136	127	133	122	862	2481	89	200	152	86	534	400	808	31148	9892	0.113	
C:\Data\CD166_19_(2020)_processed\CD166_19_S2\CD166_19_S2_REP1\XRF data\L000107.spe	131.22	6.82	1	0.010267	-0.009931	0.009900	0.077115	43451	1.65	144	1344	0	0	689	645	10254	55827	0	7127	158	493	3583	93918	59	127	515	212	25	426	853	5184	223	3065	0	0	61	0	218	145	85	268	871	2470	100	249	311	344	489	338	813	30963	10223	0.113	
C:\Data\CD166_19_(2020)_processed\CD166_19_S2\CD166_19_S2_REP1\XRF data\L000108.spe	132.22	6.81	1	0.010267	-0.009931	0.009900	0.077115	43337	1.55	114	1221	0	0	706	506	10713	53518	0	7019	128	532	3403	95330	113	87	554	261	41	395	999	5442	166	3095	0	4	0	0	257	148	125	100	833	2410	54	212	270	134	531	393	534	30976	10168	0.112	
C:\Data\CD166_19_(2020)_processed\CD166_19_S2\CD166_19_S2_REP1\XRF data\L000109.spe	133.22	6.80	1	0.010267	-0.009931	0.009900	0.077115	42721	1.55	155	1352	0	14	715	576	10164	53061	0	7111	156	590	3601	94741	83	137	440	246	0	341	902	5279	243	3061	0	0	0	0	265	118	134	205	891	2404	65	247	199	120	635	326	752	30373	9929	0.111	
C:\Data\CD166_19_(2020)_processed\CD166_19_S2\CD166_19_S2_REP1\XRF data\L000110.spe	134.22	6.81	1	0.010267	-0.009931	0.009900	0.077115	41800	1.48	158	1213	0	0	628	580	9667	53358	0	7549	212	529	3403	95146	99	154	619	240	55	383	865	5113	250	2767	0	0	0	0	216	109	160	89	919	2240	79	204	154	272	584	344	675	28645	9538	0.108	
C:\Data\CD166_19_(2020)_processed\CD166_19_S2\CD166_19_S2_REP1\XRF data\L000111.spe	135.22	6.82	1	0.010267	-0.009931	0.009900	0.077115	41799	1.45	152	1153	0	7	645	614	9116	48587	0	7993	145	588	3376	103950	24	95	552	324	108	293	772	5323	87	2654	0	15	18	0	306	109	147	204	766	2251	59	236	181	313	740	424	726	27511	9427	0.107	
C:\Data\CD166_19_(2020)_processed\CD166_19_S2\CD166_19_S2_REP1\XRF data\L000112.spe	136.22	6.83	1	0.010267	-0.009931	0.009900	0.077115	43034	1.54	133	1094	0	6	624	644	9320	49218	0	9123	207	608	3535	111255	138	66	567	189	94	386	786	5427	286	2836	0	0	0	0	239	83	142	123	807	2260	51	217	383	158	674	415	955	27407	9665	0.108	
C:\Data\CD166_19_(2020)_processed\CD166_19_S2\CD166_19_S2_REP1\XRF data\L000113.spe	137.22	6.84	1	0.010267	-0.009931	0.009900	0.077115	44322	1.62	114	1220	0	30	626	633	9489	47986	0	9505	166	562	3527	117557	107	150	613	289	48	373	642	5843	318	2939	0	0	0	0	311	109	111	115	816	2326	22	143	288	248	657	357	1015	28120	9614	0.108	
C:\Data\CD166_19_(2020)_processed\CD166_19_S2\CD166_19_S2_REP1\XRF data\L000114.spe	138.22	6.85	1	0.010267	-0.009931	0.009900	0.077115	43410	1.51	114	1235	0	27	649	635	9672	44247	0	9856	219	630	3464	113279	72	91	527	186	102	346	1012	5205	194	2897	0	0	0	0	234	145	156	180	829	2108	67	190	227	0	743	364	724	28815	9564	0.108	
C:\Data\CD166_19_(2020)_processed\CD166_19_S2\CD166_19_S2_REP1\XRF data\L000115.spe	139.22	6.86	1	0.010267	-0.009931	0.009900	0.077115	43967	1.51	121	1281	0	16	637	647	9629	43008	0	9701	181	585	3568	117031	90	88	593	159	154	290	994	5181	267	2926	0	0	13	0	304	116	140	180	910	2256	101	331	198	150	861	431	539	28632	9854	0.108	
C:\Data\CD166_19_(2020)_processed\CD166_19_S2\CD166_19_S2_REP1\XRF data\L000116.spe	140.22	6.86	1	0.010267	-0.009931	0.009900	0.077115	44564	1.48	147	1175	0	14	708	702	9504	38342	0	9528	153	522	3687	117823	55	141	525	154	0	341	932	5093	320	3193	0	0	0	0	275	145	129	179	897	2246	27	195	297	256	745	429	607	30037	10064	0.111	
C:\Data\CD166_19_(2020)_processed\CD166_19_S2\CD166_19_S2_REP1\XRF data\L000117.spe	141.22	6.87	1	0.010267	-0.009931	0.009900	0.077115	43552	1.58	157	1151	0	0	779	559	10435	27527	0	8317	143	558	3815	107076	144	118	664	217	81	409	1174	4259	311	3510	0	0	0	0	223	158	133	138	1023	2468	62	191	306	47	668	358	679	32867	10065	0.115	
C:\Data\CD166_19_(2020)_processed\CD166_19_S2\CD166_19_S2_REP1\XRF data\L000118.spe	142.22	6.87	1	0.010267	-0.009931	0.009900	0.077115	44389	1.45	132	1274	0	0	772	595	10753	28962	0	8645	108	540	3548	108200	118	94	553	317	92	437	1106	4656	302	3874	0	0	0	0	313	198	107	218	994	2355	195	296	194	287	692	353	755	33001	10009	0.116	
C:\Data\CD166_19_(2020)_processed\CD166_19_S2\CD166_19_S2_REP1\XRF data\L000119.spe	143.22	6.88	1	0.010267	-0.009931	0.009900	0.077115	43658	1.43	108	1242	0	0	711	645	10576	27854	0	8177	173	604	3420	103887	109	203	600	257	23	473	1146	4388	273	3772	0	0	28	0	247	175	108	127	901	2460	81	294	242	214	536	456	779	33465	10402	0.117	
C:\Data\CD166_19_(2020)_processed\CD166_19_S2\CD166_19_S2_REP1\XRF data\L000120.spe	144.22	6.88	1	0.010267	-0.009931	0.009900	0.077115	43558	1.45	167	1267	0	9	788	668	10904	30490	0	7808	100	584	3534	99635	159	116	632	335	94	424	1279	3960	174	3901	0	0	30	0	251	171	173	80	934	2519	0	250	272	100	521	350	980	33677	10200	0.118	
C:\Data\CD166_19_(2020)_processed\CD166_19_S2\CD166_19_S2_REP1\XRF data\L000121.spe	145.22	6.88	1	0.010267	-0.009931	0.009900	0.077115	44069	1.48	148	1240	0	0	761	652	11168	27778	0	7889	156	542	3831	102819	108	129	574	196	31	436	1180	3859	240	3874	0	0	0	0	252	152	98	160	1037	2399	54	163	227	232	744	469	459	34192	10064	0.117	
C:\Data\CD166_19_(2020)_processed\CD166_19_S2\CD166_19_S2_REP1\XRF data\L000122.spe	146.22	6.88	1	0.010267	-0.009931	0.009900	0.077115	44120	1.57	143	1301	0	0	717	676	11093	26251	0	7829	131	608	4097	103206	55	124	576	227	95	449	1314	3943	325	3913	0	0	0	0	283	166	132	169	1016	2502	139	305	91	0	810	407	478	34532	10049	0.118	
C:\Data\CD166_19_(2020)_processed\CD166_19_S2\CD166_19_S2_REP1\XRF data\L000123.spe	147.22	6.89	1	0.010267	-0.009931	0.009900	0.077115	43723	1.45	115	1276	0	0	771	698	10741	27472	17	8241	190	526	3805	104026	57	179	572	236	110	443	1339	3868	316	3823	0	0	12	0	241	168	136	233	925	2442	45	240	205	31	843	434	494	33079	10397	0.116	
C:\Data\CD166_19_(2020)_processed\CD166_19_S2\CD166_19_S2_REP1\XRF data\L000124.spe	148.22	6.90	1	0.010267	-0.009931	0.009900	0.077115	43947	1.41	178	1326	0	7	704	647	11055	26679	0	8387	141	599	3670	105347	47	184	664	164	48	461	1189	3970	248	3714	0	0	7	0	272	164	129	233	968	2451	144	240	248	237	718	398	614	33708	10231	0.117	
C:\Data\CD166_19_(2020)_processed\CD166_19_S2\CD166_19_S2_REP1\XRF data\L000125.spe	149.22	6.90	1	0.010267	-0.009931	0.009900	0.077115	43400	1.53	106	1212	0	0	686	699	10427	25818	0	8369	188	527	3897	105455	107	80	604	276	0	357	1024	4247	353	3636	0	0	0	0	240	118	167	62	918	2544	119	248	234	268	662	447	635	32994	10038	0.116	
C:\Data\CD166_19_(2020)_processed\CD166_19_S2\CD166_19_S2_REP1\XRF data\L000126.spe	150.22	6.90	1	0.010267	-0.009931	0.009900	0.077115	44131	1.56	167	1229	0	7	716	662	10743	27574	0	9023	128	616	3720	109641	0	169	558	282	88	318	1317	4395	150	3758	0	0	30	0	298	149	174	289	939	2336	67	158	247	61	813	406	402	32633	10159	0.115	
C:\Data\CD166_19_(2020)_processed\CD166_19_S2\CD166_19_S2_REP1\XRF data\L000127.spe	151.22	6.90	1	0.010267	-0.009931	0.009900	0.077115	44165	1.58	123	1376	0	0	715	648	10306	29035	0	10051	100	600	3850	113436	168	78	566	184	31	397	980	4435	375	3445	0	0	0	0	219	157	114	30	901	2462	77	235	293	225	767	326	524	31514	10048	0.114	
C:\Data\CD166_19_(2020)_processed\CD166_19_S2\CD166_19_S2_REP1\XRF data\L000128.spe	152.22	6.91	1	0.010267	-0.009931	0.009900	0.077115	45203	1.54	134	1228	0	0	672	673	9921	30110	0	10471	269	637	3947	122952	109	104	565	268	55	359	1055	4903	220	3364	0	0	28	0	244	191	153	157	941	2377	0	151	425	107	644	445	1001	31046	9757	0.112	
C:\Data\CD166_19_(2020)_processed\CD166_19_S2\CD166_19_S2_REP1\XRF data\L000129.spe	153.22	6.91	1	0.010267	-0.009931	0.009900	0.077115	45062	1.54	142	1340	0	0	680	635	10383	30456	15	9512	157	647	3573	116946	123	151	595	245	102	435	1120	4930	356	3616	10	0	0	0	295	173	141	170	935	2371	85	226	389	139	681	443	596	31826	10390	0.113	
C:\Data\CD166_19_(2020)_processed\CD166_19_S2\CD166_19_S2_REP1\XRF data\L000130.spe	154.22	6.91	1	0.010267	-0.009931	0.009900	0.077115	44709	1.64	121	1336	0	0	693	747	10591	30139	0	8741	205	589	3751	108679	95	74	569	316	63	451	1200	4719	298	3738	0	0	0	0	289	110	127	115	955	2519	141	306	296	171	653	346	736	33486	10656	0.116	
C:\Data\CD166_19_(2020)_processed\CD166_19_S2\CD166_19_S2_REP1\XRF data\L000131.spe	155.22	6.91	1	0.010267	-0.009931	0.009900	0.077115	44274	1.58	123	1254	0	0	845	687	10473	31806	0	8145	179	567	3822	104063	71	87	569	180	64	414	1055	4492	396	3863	5	0	33	0	300	178	159	179	940	2431	92	259	294	435	678	355	731	33783	10359	0.117	
C:\Data\CD166_19_(2020)_processed\CD166_19_S2\CD166_19_S2_REP1\XRF data\L000132.spe	156.22	6.91	1	0.010267	-0.009931	0.009900	0.077115	44208	1.55	137	1196	0	0	766	692	10554	32383	0	8181	262	481	3741	104475	113	159	597	314	0	507	1055	4285	312	3700	0	0	57	0	190	176	141	120	995	2479	133	242	235	352	553	411	804	33233	10558	0.116	
C:\Data\CD166_19_(2020)_processed\CD166_19_S2\CD166_19_S2_REP1\XRF data\L000133.spe	157.22	6.92	1	0.010267	-0.009931	0.009900	0.077115	43950	1.54	145	1185	0	10	826	646	10471	32225	0	8022	113	571	3783	102807	141	148	563	293	23	385	1240	4620	252	3541	0	0	45	0	342	145	98	83	852	2443	64	216	274	59	762	417	471	33499	10316	0.117	
C:\Data\CD166_19_(2020)_processed\CD166_19_S2\CD166_19_S2_REP1\XRF data\L000134.spe	158.22	6.91	1	0.010267	-0.009931	0.009900	0.077115	43528	1.58	104	1110	0	0	915	710	10200	34188	0	7376	168	580	3974	98952	127	149	620	216	125	441	1035	4554	339	3604	0	22	12	0	241	155	144	197	960	2549	84	371	224	155	681	387	553	33218	10064	0.117	
C:\Data\CD166_19_(2020)_processed\CD166_19_S2\CD166_19_S2_REP1\XRF data\L000135.spe	159.22	6.91	1	0.010267	-0.009931	0.009900	0.077115	44668	1.56	122	1179	0	0	902	708	10466	36241	0	7565	221	519	4007	102528	174	110	576	118	17	410	1002	4610	364	3730	0	0	0	0	284	141	161	123	1012	2547	108	356	188	231	583	398	748	33508	10420	0.117	
C:\Data\CD166_19_(2020)_processed\CD166_19_S2\CD166_19_S2_REP1\XRF data\L000136.spe	160.22	6.91	1	0.010267	-0.009931	0.009900	0.077115	45962	1.50	119	1264	0	0	904	660	11107	37388	0	8280	219	589	3905	109842	128	175	588	192	163	538	1059	4614	297	3682	0	0	13	0	259	158	137	177	982	2507	142	182	388	278	815	389	602	33707	10418	0.116	
C:\Data\CD166_19_(2020)_processed\CD166_19_S2\CD166_19_S2_REP1\XRF data\L000137.spe	161.22	6.91	1	0.010267	-0.009931	0.009900	0.077115	44406	1.49	140	1245	0	0	745	649	11177	36771	0	7813	88	644	4076	101179	96	85	638	204	47	519	1013	4190	255	3784	0	0	0	0	202	100	144	112	973	2548	49	225	341	206	660	384	655	33235	10363	0.117	
C:\Data\CD166_19_(2020)_processed\CD166_19_S2\CD166_19_S2_REP1\XRF data\L000138.spe	162.22	6.90	1	0.010267	-0.009931	0.009900	0.077115	43925	1.43	156	1273	0	0	775	639	10460	39976	0	7657	121	475	4057	97900	82	123	600	217	6	515	1140	4496	281	3433	0	0	15	0	216	166	143	192	983	2511	61	234	182	160	716	298	584	33682	10070	0.117	
C:\Data\CD166_19_(2020)_processed\CD166_19_S2\CD166_19_S2_REP1\XRF data\L000139.spe	163.22	6.90	1	0.010267	-0.009931	0.009900	0.077115	43189	1.42	161	1216	0	5	755	656	10212	40373	0	7361	265	498	3833	94904	159	125	554	243	0	451	968	4121	227	3485	0	0	11	0	288	129	102	160	948	2459	37	204	455	210	600	432	607	33269	10336	0.116	
C:\Data\CD166_19_(2020)_processed\CD166_19_S2\CD166_19_S2_REP1\XRF data\L000140.spe	164.22	6.91	1	0.010267	-0.009931	0.009900	0.077115	43978	1.51	144	1145	0	0	759	695	10022	42757	0	7846	89	558	4061	96220	142	177	582	302	37	512	984	4406	376	3624	0	0	0	0	192	148	49	158	957	2455	40	164	329	258	589	389	721	34328	10392	0.117	
C:\Data\CD166_19_(2020)_processed\CD166_19_S2\CD166_19_S2_REP1\XRF data\L000141.spe	165.22	6.91	1	0.010267	-0.009931	0.009900	0.077115	44511	1.52	115	1198	0	0	846	680	9959	45362	0	7932	100	531	3957	98364	106	97	512	226	66	396	871	4327	215	3448	0	0	42	0	186	136	85	171	1037	2461	53	177	327	325	620	339	480	34143	10428	0.116	
C:\Data\CD166_19_(2020)_processed\CD166_19_S2\CD166_19_S2_REP1\XRF data\L000142.spe	166.22	6.92	1	0.010267	-0.009931	0.009900	0.077115	45228	1.55	97	1215	0	0	780	631	10332	45563	0	8708	193	493	3861	101595	66	100	674	197	85	488	1106	4502	369	3446	11	0	34	0	146	158	97	294	983	2417	66	291	249	30	578	382	799	33882	10546	0.117	
C:\Data\CD166_19_(2020)_processed\CD166_19_S2\CD166_19_S2_REP1\XRF data\L000143.spe	167.22	6.92	1	0.010267	-0.009931	0.009900	0.077115	45364	1.63	154	1235	0	0	732	747	10150	45953	0	9323	46	524	3995	103135	149	215	583	219	55	498	1023	4418	328	3234	0	0	0	0	244	129	139	134	945	2453	109	278	243	162	819	428	441	34239	10154	0.116	
C:\Data\CD166_19_(2020)_processed\CD166_19_S2\CD166_19_S2_REP1\XRF data\L000144.spe	168.22	6.92	1	0.010267	-0.009931	0.009900	0.077115	45580	1.48	152	1297	0	18	716	682	10057	46379	0	9164	188	727	4047	109075	111	75	563	229	0	564	1103	4873	140	3183	0	0	14	0	295	111	133	169	942	2522	137	324	264	271	742	407	506	32220	10191	0.113	
C:\Data\CD166_19_(2020)_processed\CD166_19_S2\CD166_19_S2_REP1\XRF data\L000145.spe	169.22	6.91	1	0.010267	-0.009931	0.009900	0.077115	44517	1.60	137	1293	0	31	735	708	9662	41592	0	9792	199	669	3858	114771	89	221	490	181	28	361	1049	4791	207	3128	0	12	65	0	257	152	130	230	904	2419	0	233	205	55	825	392	664	29542	9759	0.110	
C:\Data\CD166_19_(2020)_processed\CD166_19_S2\CD166_19_S2_REP1\XRF data\L000146.spe	170.22	6.91	1	0.010267	-0.009931	0.009900	0.077115	44549	1.58	149	1226	0	7	659	719	8893	35382	0	11936	249	655	3833	129689	105	138	527	188	85	326	972	5164	218	2883	0	0	45	0	295	131	137	140	849	2197	0	130	284	9	853	528	597	27446	9141	0.107	
C:\Data\CD166_19_(2020)_processed\CD166_19_S2\CD166_19_S2_REP1\XRF data\L000147.spe	171.22	6.92	1	0.010267	-0.009931	0.009900	0.077115	47367	1.64	132	1132	0	13	646	653	8760	37412	0	13818	251	748	3784	153222	160	220	551	234	11	277	641	5496	341	2688	0	0	9	0	316	149	144	96	768	2264	22	271	284	345	1147	490	863	26619	9194	0.104	
C:\Data\CD166_19_(2020)_processed\CD166_19_S2\CD166_19_S2_REP1\XRF data\L000148.spe	172.22	6.92	1	0.010267	-0.009931	0.009900	0.077115	48336	1.76	177	1236	0	17	695	602	9045	39628	0	13530	247	727	3800	153154	140	125	542	207	34	337	785	5813	303	2743	0	0	0	0	349	151	131	143	812	2169	58	217	383	232	762	640	1313	27608	9621	0.105	
C:\Data\CD166_19_(2020)_processed\CD166_19_S2\CD166_19_S2_REP1\XRF data\L000149.spe	173.22	6.93	1	0.010267	-0.009931	0.009900	0.077115	47297	1.59	171	1300	0	0	619	705	9400	44457	0	11827	162	647	4200	133998	141	104	574	289	0	305	979	5597	132	3013	0	0	13	0	265	150	160	183	845	2377	133	263	217	96	1057	410	686	29132	9990	0.108	